39261340,17843,20831,78,-35,0,
39261345,17843,20847,78,-35,0,
39261350,17843,20877,78,-35,0,
39261355,17850,20925,78,-35,0,
39261360,17850,20982,78,-35,0,
39261365,17842,21042,78,-35,0,
39261370,17830,21102,78,-35,0,
39261375,17811,21154,78,-35,0,
39261380,17789,21207,78,-35,0,
39261385,17769,21250,78,-35,0,
39261390,17744,21288,78,-36,0,
39261395,17716,21323,78,-36,0,
39261400,17682,21354,78,-38,0,
39261405,17644,21382,78,-38,0,
39261410,17605,21407,77,-39,0,
39261415,17565,21430,77,-39,0,
39261420,17523,21446,77,-41,0,
39261425,17475,21465,77,-41,0,
39261430,17430,21486,76,-42,0,
39261435,17382,21511,75,-43,0,
39261440,17342,21542,76,-45,0,
39261445,17308,21570,75,-47,0,
39261450,17273,21600,74,-48,0,
39261455,17242,21632,74,-48,0,
39261460,17209,21664,74,-48,0,
39261465,17175,21700,74,-48,0,
39261470,17142,21735,75,-47,0,
39261475,17109,21770,75,-43,0,
39261480,17072,21804,77,-41,0,
39261485,17034,21832,77,-39,0,
39261490,16989,21859,78,-36,0,
39261495,16943,21882,78,-35,0,
39261500,16894,21899,79,-33,0,
39261505,16844,21918,80,-30,0,
39261510,16795,21933,79,-28,0,
39261515,16741,21941,80,-26,0,
39261520,16685,21954,81,-24,0,
39261525,16627,21962,81,-23,0,
39261530,16568,21962,82,-20,0,
39261535,16513,21975,82,-19,0,
39261540,16460,21975,82,-17,0,
39261545,16412,21975,81,-15,0,
39261550,16361,21975,81,-15,0,
39261555,16314,21975,81,-15,0,
39261560,16270,21961,81,-17,0,
39261565,16228,21949,78,-18,0,
39261570,16192,21935,75,-18,0,
39261575,16153,21921,72,-20,0,
39261580,16111,21906,69,-21,0,
39261585,16068,21897,69,-21,0,
39261590,16022,21890,69,-21,0,
39261595,15977,21890,70,-21,0,
39261600,15936,21890,71,-21,0,
39261605,15892,21890,73,-21,0,
39261610,15849,21883,74,-21,0,
39261615,15801,21883,74,-21,0,
39261620,15755,21883,76,-20,0,
39261625,15707,21883,77,-20,0,
39261630,15660,21874,79,-18,0,
39261635,15612,21874,81,-18,0,
39261640,15561,21861,82,-17,0,
39261645,15513,21854,82,-17,0,
39261650,15463,21854,82,-17,0,
39261655,15417,21854,82,-17,0,
39261660,15372,21854,82,-17,0,
39261665,15323,21854,82,-17,0,
39261670,15271,21873,82,-17,0,
39261675,15217,21895,82,-17,0,
39261680,15165,21918,82,-17,0,
39261685,15115,21931,82,-17,0,
39261690,15066,21931,82,-17,0,
39261695,15015,21922,82,-17,0,
39261700,14963,21906,82,-17,0,
39261705,14911,21888,82,-17,0,
39261710,14863,21873,82,-17,0,
39261715,14821,21858,82,-17,0,
39261720,14782,21840,82,-17,0,
39261725,14747,21822,82,-19,0,
39261730,14714,21803,82,-19,0,
39261735,14680,21790,82,-19,0,
39261740,14648,21780,82,-19,0,
39261745,14617,21780,82,-19,0,
39261750,14589,21773,82,-19,0,
39261755,14568,21773,82,-20,0,
39261761,14553,21773,80,-20,0,
39261766,14541,21787,77,-20,0,
39261771,14531,21796,74,-21,0,
39261776,14522,21805,71,-21,0,
39261781,14513,21805,70,-22,0,
39261786,14513,21813,68,-23,0,
39261791,14504,21813,66,-23,0,
39261796,14504,21813,63,-24,0,
39261801,14496,21813,61,-24,0,
39261806,14496,21804,61,-24,0,
39261811,14496,21804,61,-24,0,
39261816,14496,21792,61,-24,0,
39261821,14496,21784,63,-25,0,
39261826,14509,21777,63,-25,0,
39261831,14509,21777,64,-24,0,
39261836,14522,21777,64,-24,0,
39261841,14522,21777,64,-24,0,
39261846,14535,21777,64,-24,0,
39261851,14542,21777,64,-26,0,
39261856,14550,21777,64,-26,0,
39261861,14550,21777,64,-26,0,
39261866,14561,21788,64,-26,0,
39261871,14568,21796,64,-26,0,
39261876,14576,21805,64,-26,0,
39261881,14588,21813,64,-26,0,
39261886,14601,21822,64,-26,0,
39261891,14613,21833,63,-27,0,
39261896,14625,21843,63,-27,0,
39261901,14641,21850,63,-27,0,
39261906,14661,21857,63,-27,0,
39261911,14686,21857,62,-27,0,
39261916,14714,21857,62,-27,0,
39261921,14743,21857,62,-27,0,
39261926,14775,21857,61,-28,0,
39261931,14809,21848,61,-28,0,
39261936,14847,21838,61,-28,0,
39261941,14883,21827,61,-28,0,
39261946,14909,21818,61,-28,0,
39261951,14923,21818,61,-28,0,
39261956,14923,21809,62,-29,0,
39261961,14923,21809,62,-29,0,
39261966,14923,21809,64,-29,0,
39261971,14923,21809,65,-29,0,
39261976,14923,21809,66,-28,0,
39261981,14923,21800,67,-28,0,
39261986,14923,21800,67,-28,0,
39261991,14923,21800,69,-29,0,
39261996,14934,21791,70,-28,0,
39262001,14934,21791,70,-28,0,
39262006,14945,21782,72,-27,0,
39262011,14953,21782,74,-27,0,
39262016,14960,21774,74,-27,0,
39262021,14972,21774,75,-28,0,
39262026,14984,21767,75,-28,0,
39262031,14996,21767,75,-28,0,
39262031,14996,21767,75,-28,6,
39262036,15024,21759,75,-28,20,
39262041,15041,21759,75,-28,43,
39262046,15062,21751,75,-28,45,
39262051,15084,21751,75,-28,60,
39262056,15106,21740,73,-28,62,
39262061,15131,21732,73,-28,119,
39262066,15155,21732,72,-29,126,
39262071,15181,21724,72,-29,96,
39262076,15211,21724,70,-29,86,
39262081,15243,21717,70,-29,88,
39262086,15277,21709,69,-29,95,
39262091,15318,21699,69,-29,101,
39262096,15362,21690,69,-29,128,
39262101,15409,21682,68,-30,124,
39262106,15462,21673,68,-30,139,
39262111,15516,21673,66,-31,148,
39262116,15568,21661,66,-31,135,
39262121,15619,21654,64,-31,126,
39262126,15667,21654,64,-31,141,
39262131,15716,21643,63,-32,154,
39262136,15770,21643,63,-31,152,
39262141,15828,21634,63,-31,162,
39262146,15889,21627,63,-31,201,
39262151,15951,21620,63,-31,238,
39262156,16014,21612,62,-30,238,
39262161,16077,21612,62,-30,248,
39262166,16140,21601,60,-30,245,
39262171,16202,21601,61,-29,251,
39262176,16264,21593,61,-29,251,
39262181,16322,21583,61,-29,253,
39262186,16378,21583,61,-29,250,
39262191,16436,21569,61,-29,254,
39262196,16493,21569,59,-30,257,
39262201,16551,21561,60,-31,263,
39262206,16610,21552,58,-32,276,
39262211,16664,21552,57,-33,275,
39262216,16719,21538,57,-33,278,
39262221,16772,21527,57,-33,309,
39262226,16826,21519,56,-35,302,
39262231,16882,21507,56,-35,306,
39262236,16937,21497,54,-35,315,
39262241,16986,21489,54,-36,311,
39262246,17035,21482,54,-36,325,
39262251,17083,21482,54,-36,319,
39262256,17130,21474,55,-37,319,
39262261,17179,21474,55,-37,324,
39262266,17224,21467,57,-37,326,
39262271,17263,21467,56,-38,315,
39262276,17299,21459,57,-37,312,
39262281,17332,21459,57,-37,323,
39262286,17367,21445,57,-37,327,
39262291,17411,21435,57,-37,337,
39262296,17461,21426,57,-37,370,
39262301,17516,21426,57,-37,370,
39262306,17572,21418,58,-35,368,
39262311,17624,21418,58,-35,366,
39262316,17674,21410,60,-34,380,
39262321,17726,21410,60,-34,389,
39262326,17786,21397,58,-35,430,
39262331,17850,21397,58,-35,412,
39262336,17912,21390,57,-36,404,
39262341,17965,21390,57,-36,407,
39262346,18009,21381,57,-36,391,
39262351,18053,21381,57,-36,396,
39262356,18103,21370,57,-36,414,
39262361,18160,21370,56,-35,404,
39262366,18218,21363,56,-35,402,
39262371,18273,21363,54,-35,407,
39262376,18326,21355,54,-35,414,
39262381,18382,21355,54,-35,425,
39262386,18443,21355,54,-35,420,
39262391,18507,21348,54,-35,418,
39262396,18564,21348,55,-34,404,
39262401,18619,21340,55,-34,441,
39262406,18675,21340,55,-34,448,
39262411,18732,21328,55,-34,448,
39262416,18792,21321,53,-34,436,
39262421,18849,21321,54,-32,445,
39262426,18902,21310,53,-33,450,
39262431,18957,21310,53,-33,443,
39262436,19017,21300,53,-33,451,
39262441,19078,21300,52,-31,461,
39262446,19138,21292,52,-31,451,
39262451,19195,21292,52,-31,450,
39262456,19248,21292,52,-31,456,
39262461,19301,21285,52,-31,459,
39262466,19356,21285,52,-31,457,
39262471,19413,21285,52,-31,466,
39262476,19471,21285,52,-31,461,
39262481,19527,21285,54,-31,459,
39262486,19584,21285,54,-30,460,
39262491,19637,21285,56,-29,453,
39262496,19687,21285,56,-29,450,
39262501,19736,21285,56,-29,450,
39262506,19783,21285,56,-29,456,
39262511,19830,21285,56,-29,453,
39262517,19878,21285,56,-29,450,
39262522,19925,21285,56,-29,453,
39262527,19971,21285,56,-29,451,
39262532,20020,21285,56,-29,457,
39262537,20069,21285,56,-29,451,
39262542,20119,21285,56,-29,449,
39262547,20164,21285,56,-29,449,
39262552,20205,21285,56,-29,456,
39262557,20244,21285,56,-29,458,
39262562,20285,21285,56,-29,451,
39262567,20331,21285,56,-29,454,
39262572,20380,21285,56,-29,458,
39262577,20428,21285,54,-30,453,
39262582,20475,21278,54,-30,456,
39262587,20521,21278,52,-30,457,
39262592,20566,21278,52,-30,454,
39262597,20614,21278,52,-30,453,
39262602,20661,21278,52,-30,456,
39262607,20709,21278,52,-30,454,
39262612,20758,21278,53,-29,459,
39262617,20804,21278,53,-29,449,
39262622,20849,21286,53,-29,450,
39262627,20891,21286,53,-29,445,
39262632,20929,21286,53,-29,422,
39262637,20964,21294,53,-29,423,
39262642,20998,21294,51,-29,433,
39262647,21032,21294,51,-29,434,
39262652,21066,21294,50,-30,435,
39262657,21101,21294,50,-30,432,
39262662,21136,21294,50,-29,437,
39262667,21167,21285,50,-29,436,
39262672,21196,21285,50,-29,437,
39262677,21223,21285,52,-28,435,
39262682,21250,21285,52,-28,439,
39262687,21280,21285,53,-28,441,
39262692,21307,21285,53,-28,435,
39262697,21332,21285,54,-27,433,
39262702,21353,21285,54,-27,434,
39262707,21369,21285,55,-28,439,
39262712,21387,21285,55,-28,436,
39262717,21403,21285,55,-28,435,
39262722,21419,21277,55,-28,434,
39262727,21431,21277,56,-29,436,
39262732,21442,21277,56,-29,437,
39262737,21452,21277,58,-28,440,
39262742,21461,21277,58,-28,440,
39262747,21469,21277,58,-28,439,
39262752,21476,21277,58,-28,440,
39262757,21476,21277,58,-28,442,
39262762,21476,21277,58,-28,449,
39262767,21476,21277,58,-28,459,
39262772,21476,21277,59,-27,469,
39262777,21476,21277,57,-28,479,
39262782,21483,21277,57,-28,491,
39262787,21483,21277,57,-28,502,
39262792,21483,21277,57,-28,515,
39262797,21483,21277,57,-28,524,
39262802,21483,21277,59,-27,530,
39262807,21483,21277,57,-28,538,
39262812,21483,21277,57,-28,545,
39262817,21483,21277,56,-27,551,
39262822,21483,21277,56,-27,560,
39262827,21483,21277,56,-27,568,
39262832,21483,21277,56,-27,575,
39262837,21483,21277,56,-27,583,
39262842,21483,21277,56,-27,590,
39262847,21483,21277,56,-27,595,
39262852,21483,21277,56,-27,598,
39262857,21483,21277,55,-28,601,
39262862,21483,21277,55,-28,604,
39262867,21483,21277,55,-28,605,
39262872,21483,21277,55,-28,606,
39262877,21483,21277,55,-28,607,
39262882,21483,21277,55,-28,607,
39262887,21483,21277,55,-28,608,
39262892,21483,21277,55,-28,610,
39262897,21483,21277,55,-28,610,
39262902,21483,21277,55,-28,610,
39262907,21483,21277,55,-28,610,
39262912,21483,21277,55,-28,610,
39262917,21483,21277,55,-28,610,
39262922,21483,21277,55,-28,610,
39262927,21483,21277,55,-28,609,
39262932,21483,21277,55,-28,609,
39262937,21483,21277,55,-28,608,
39262942,21483,21277,55,-28,608,
39262947,21483,21277,55,-28,608,
39262952,21483,21277,55,-28,607,
39262957,21483,21277,55,-28,607,
39262962,21483,21277,55,-28,607,
39262967,21483,21277,55,-28,606,
39262972,21483,21277,55,-28,605,
39262977,21483,21277,55,-28,604,
39262982,21483,21277,55,-28,604,
39262987,21483,21277,55,-28,603,
39262992,21483,21277,55,-28,602,
39262997,21483,21277,55,-28,601,
39263002,21483,21277,55,-28,600,
39263007,21483,21284,55,-28,600,
39263012,21483,21284,55,-28,599,
39263017,21483,21284,55,-28,599,
39263022,21483,21284,55,-28,600,
39263027,21483,21284,56,-29,600,
39263032,21483,21284,56,-29,601,
39263037,21483,21284,58,-28,601,
39263042,21483,21284,58,-28,601,
39263047,21483,21284,58,-28,602,
39263052,21483,21284,58,-28,602,
39263057,21483,21284,58,-28,603,
39263062,21483,21284,58,-28,603,
39263067,21483,21284,58,-28,604,
39263072,21483,21284,58,-28,603,
39263077,21483,21291,58,-28,603,
39263082,21483,21291,58,-28,603,
39263087,21483,21291,58,-28,603,
39263092,21483,21291,58,-28,603,
39263097,21483,21291,58,-28,602,
39263102,21483,21291,58,-28,602,
39263107,21483,21291,58,-28,601,
39263112,21483,21291,58,-28,601,
39263117,21483,21291,58,-28,601,
39263122,21483,21291,58,-28,601,
39263127,21483,21291,60,-28,601,
39263132,21483,21291,60,-28,600,
39263137,21483,21291,62,-27,599,
39263142,21483,21291,62,-27,598,
39263147,21483,21298,62,-27,597,
39263152,21483,21298,62,-27,597,
39263157,21483,21298,62,-27,596,
39263162,21483,21298,62,-27,595,
39263167,21483,21298,62,-27,595,
39263172,21483,21298,62,-27,596,
39263177,21483,21298,61,-28,595,
39263182,21483,21298,61,-28,595,
39263187,21483,21298,61,-28,596,
39263192,21483,21298,61,-28,595,
39263197,21483,21298,61,-28,595,
39263202,21483,21298,61,-28,596,
39263207,21483,21298,61,-28,597,
39263212,21483,21298,61,-28,598,
39263217,21483,21298,61,-28,598,
39263222,21483,21298,61,-28,598,
39263227,21483,21298,61,-28,599,
39263232,21483,21298,61,-28,600,
39263237,21483,21298,61,-28,600,
39263242,21483,21298,61,-28,600,
39263247,21483,21298,61,-28,600,
39263252,21483,21298,61,-28,599,
39263257,21483,21298,61,-28,598,
39263262,21483,21298,61,-28,598,
39263267,21483,21298,61,-28,596,
39263272,21483,21298,61,-28,595,
39263277,21483,21298,61,-28,594,
39263282,21483,21298,61,-28,593,
39263287,21483,21298,61,-28,592,
39263292,21483,21298,61,-28,591,
39263297,21483,21298,61,-28,590,
39263302,21483,21298,61,-28,590,
39263307,21483,21298,61,-28,589,
39263312,21483,21298,61,-28,589,
39263317,21483,21298,61,-28,589,
39263322,21483,21298,61,-28,588,
39263327,21483,21298,61,-28,589,
39263332,21483,21298,61,-28,589,
39263337,21483,21298,61,-29,589,
39263342,21476,21298,61,-29,589,
39263347,21476,21298,61,-29,589,
39263352,21476,21298,61,-29,589,
39263357,21476,21298,61,-29,589,
39263362,21476,21298,61,-29,588,
39263367,21476,21298,61,-29,588,
39263372,21476,21298,61,-29,588,
39263377,21476,21298,61,-29,588,
39263382,21476,21298,61,-29,588,
39263387,21476,21298,61,-29,588,
39263392,21476,21298,61,-29,588,
39263397,21476,21298,61,-29,588,
39263402,21476,21298,61,-29,588,
39263407,21476,21298,61,-29,588,
39263412,21476,21298,61,-29,588,
39263417,21476,21298,61,-29,589,
39263422,21476,21298,61,-29,588,
39263427,21476,21298,61,-29,588,
39263432,21476,21298,61,-29,589,
39263437,21476,21298,61,-29,589,
39263442,21476,21298,61,-29,589,
39263447,21476,21298,61,-29,589,
39263452,21476,21298,61,-29,589,
39263457,21476,21298,61,-29,590,
39263462,21476,21298,61,-29,590,
39263467,21476,21298,61,-29,590,
39263472,21476,21298,61,-29,590,
39263477,21476,21298,61,-29,592,
39263482,21476,21298,61,-29,592,
39263487,21476,21298,61,-29,593,
39263492,21476,21298,61,-28,593,
39263497,21476,21298,61,-28,593,
39263502,21476,21298,61,-28,593,
39263507,21476,21298,61,-28,593,
39263512,21476,21298,61,-28,593,
39263517,21476,21298,61,-28,592,
39263522,21476,21298,61,-28,591,
39263527,21476,21298,61,-28,591,
39263532,21476,21298,61,-28,590,
39263537,21476,21298,61,-28,590,
39263542,21476,21298,61,-28,589,
39263547,21476,21298,61,-28,588,
39263552,21476,21298,61,-28,588,
39263557,21476,21298,61,-28,588,
39263562,21476,21306,61,-28,588,
39263567,21476,21306,61,-28,587,
39263572,21476,21306,61,-28,587,
39263577,21476,21306,61,-28,587,
39263582,21476,21306,61,-28,587,
39263587,21476,21306,61,-29,587,
39263592,21476,21306,61,-29,587,
39263597,21476,21306,61,-29,587,
39263602,21476,21306,61,-29,587,
39263607,21476,21306,61,-29,587,
39263612,21476,21306,61,-29,587,
39263617,21476,21306,61,-29,587,
39263622,21476,21306,61,-29,587,
39263627,21476,21306,61,-29,587,
39263632,21476,21306,61,-29,586,
39263637,21476,21306,61,-29,586,
39263642,21476,21306,61,-29,586,
39263647,21476,21306,61,-29,586,
39263652,21476,21306,61,-29,585,
39263657,21476,21306,61,-29,586,
39263662,21476,21306,61,-29,586,
39263667,21476,21306,61,-29,586,
39263672,21476,21306,61,-29,586,
39263677,21476,21306,61,-29,586,
39263682,21476,21306,61,-29,583,
39263687,21476,21306,61,-29,583,
39263692,21476,21306,61,-29,583,
39263697,21476,21306,61,-29,581,
39263702,21476,21306,61,-29,580,
39263707,21476,21306,61,-29,580,
39263712,21476,21306,61,-29,578,
39263717,21476,21306,61,-29,577,
39263722,21476,21306,61,-29,577,
39263727,21476,21306,61,-29,576,
39263732,21476,21306,61,-29,575,
39263737,21476,21306,61,-29,574,
39263742,21476,21299,61,-29,573,
39263747,21469,21299,61,-29,572,
39263752,21469,21299,61,-29,571,
39263757,21469,21288,61,-29,571,
39263762,21469,21280,61,-29,573,
39263767,21469,21269,61,-29,573,
39263772,21469,21255,61,-28,572,
39263777,21461,21235,61,-28,573,
39263782,21461,21211,61,-28,574,
39263787,21451,21180,61,-28,574,
39263792,21444,21148,61,-28,576,
39263797,21444,21108,61,-28,578,
39263802,21423,21064,61,-28,580,
39263807,21412,21024,62,-27,582,
39263812,21404,20984,62,-27,580,
39263817,21395,20947,62,-27,581,
39263822,21395,20901,62,-27,580,
39263827,21378,20841,62,-27,582,
39263832,21362,20780,63,-27,582,
39263837,21350,20720,64,-26,580,
39263842,21341,20670,64,-26,579,
39263847,21341,20623,64,-26,580,
39263852,21329,20568,64,-26,578,
39263857,21314,20510,66,-25,576,
39263862,21299,20454,66,-25,580,
39263867,21284,20400,67,-24,580,
39263872,21272,20352,67,-24,579,
39263877,21264,20303,67,-24,582,
39263882,21252,20245,69,-25,588,
39263887,21235,20187,69,-25,590,
39263892,21222,20134,70,-24,591,
39263897,21212,20084,70,-22,593,
39263902,21204,20038,70,-22,589,
39263907,21204,19980,71,-23,590,
39263912,21183,19917,71,-23,594,
39263917,21166,19851,73,-22,592,
39263922,21149,19790,73,-21,592,
39263927,21134,19744,73,-21,593,
39263932,21134,19700,74,-21,594,
39263937,21120,19657,74,-21,593,
39263942,21120,19613,75,-20,592,
39263947,21108,19560,75,-20,593,
39263952,21095,19510,73,-21,595,
39263957,21086,19466,72,-20,595,
39263962,21077,19420,72,-20,595,
39263967,21066,19378,70,-21,595,
39263972,21066,19339,69,-21,599,
39263977,21056,19299,69,-21,599,
39263982,21049,19263,67,-20,598,
39263987,21049,19223,66,-21,597,
39263992,21036,19172,66,-21,602,
39263997,21023,19114,65,-19,605,
39264002,21013,19057,63,-20,603,
39264007,21005,19011,62,-20,602,
39264012,21005,18969,61,-21,599,
39264017,20995,18926,60,-21,602,
39264022,20987,18876,59,-20,603,
39264027,20978,18820,57,-20,604,
39264032,20970,18762,57,-20,609,
39264037,20970,18710,57,-19,605,
39264042,20958,18664,58,-18,604,
39264047,20958,18613,58,-18,601,
39264052,20947,18560,59,-18,598,
39264057,20947,18495,59,-18,602,
39264062,20940,18416,60,-17,599,
39264067,20933,18329,60,-17,609,
39264072,20924,18240,60,-17,611,
39264077,20915,18160,60,-17,611,
39264082,20908,18090,60,-17,614,
39264087,20908,18025,60,-17,612,
39264092,20908,17955,60,-17,611,
39264097,20908,17872,60,-17,616,
39264102,20897,17784,60,-17,621,
39264107,20887,17702,60,-15,622,
39264112,20880,17628,60,-15,624,
39264117,20880,17559,60,-15,627,
39264122,20872,17483,60,-14,627,
39264127,20872,17403,60,-14,636,
39264132,20865,17318,60,-14,638,
39264137,20858,17231,61,-12,639,
39264142,20850,17157,61,-12,649,
39264147,20850,17096,61,-11,650,
39264152,20840,17050,61,-11,650,
39264157,20840,17017,60,-10,646,
39264162,20840,16978,60,-10,646,
39264167,20830,16929,60,-9,652,
39264172,20830,16866,60,-9,650,
39264177,20817,16794,60,-8,655,
39264182,20817,16714,60,-8,662,
39264187,20802,16628,60,-7,670,
39264192,20791,16541,60,-7,678,
39264197,20791,16452,60,-7,673,
39264202,20778,16374,60,-6,674,
39264207,20778,16315,60,-6,685,
39264212,20778,16265,60,-6,681,
39264217,20771,16221,60,-6,679,
39264222,20771,16170,62,-6,677,
39264227,20756,16114,62,-6,685,
39264232,20747,16053,63,-5,687,
39264237,20740,15993,63,-5,679,
39264242,20740,15934,63,-5,685,
39264247,20740,15871,63,-5,688,
39264252,20733,15812,63,-5,694,
39264257,20733,15764,63,-5,690,
39264262,20722,15729,63,-5,687,
39264267,20722,15704,63,-4,691,
39264272,20722,15681,63,-4,691,
39264277,20722,15653,63,-4,688,
39264282,20722,15626,63,-4,691,
39264287,20722,15602,63,-4,694,
39264292,20713,15582,63,-4,696,
39264297,20713,15572,63,-3,693,
39264302,20713,15572,63,-3,692,
39264307,20713,15564,63,-3,692,
39264312,20713,15564,63,-3,691,
39264317,20713,15557,63,-3,691,
39264322,20713,15557,63,-3,691,
39264327,20713,15547,63,-3,690,
39264332,20713,15547,63,-3,688,
39264337,20713,15528,63,-3,688,
39264342,20713,15505,63,-3,691,
39264347,20713,15476,63,-2,694,
39264352,20705,15444,63,-2,696,
39264357,20705,15409,63,-2,692,
39264362,20705,15381,63,-2,694,
39264367,20705,15357,63,-1,695,
39264372,20698,15336,63,-1,692,
39264377,20698,15319,63,-1,690,
39264382,20698,15301,63,0,691,
39264387,20698,15283,63,0,695,
39264392,20698,15264,63,0,694,
39264397,20698,15251,63,0,694,
39264402,20691,15243,63,0,694,
39264407,20691,15235,63,0,698,
39264412,20691,15235,63,0,699,
39264417,20684,15224,63,0,699,
39264422,20684,15224,63,0,700,
39264427,20684,15224,63,0,702,
39264432,20684,15224,63,0,703,
39264437,20684,15224,63,0,703,
39264442,20684,15224,63,0,704,
39264447,20684,15224,63,0,703,
39264452,20684,15224,63,0,703,
39264457,20684,15224,63,0,703,
39264462,20684,15224,63,0,703,
39264467,20684,15224,63,0,703,
39264472,20684,15224,63,-1,703,
39264477,20684,15224,63,-1,703,
39264482,20684,15224,63,-1,703,
39264487,20684,15224,63,-1,703,
39264492,20684,15224,63,-1,703,
39264497,20684,15224,63,-1,703,
39264502,20684,15224,63,-1,703,
39264507,20684,15224,63,-1,703,
39264512,20684,15224,63,-1,703,
39264517,20684,15224,63,-1,703,
39264522,20684,15224,63,-1,703,
39264527,20684,15224,63,-1,703,
39264532,20684,15224,63,-1,703,
39264537,20684,15224,63,-1,702,
39264542,20684,15224,63,-1,700,
39264547,20684,15224,63,-1,698,
39264552,20684,15224,63,-1,695,
39264557,20684,15224,63,-1,694,
39264562,20684,15224,63,-1,694,
39264567,20684,15224,63,-1,695,
39264572,20684,15224,63,-1,696,
39264577,20684,15224,63,-1,697,
39264582,20684,15224,63,-1,699,
39264587,20684,15224,63,-1,700,
39264592,20684,15224,63,-1,703,
39264597,20684,15224,63,-1,704,
39264602,20684,15224,63,-1,706,
39264607,20684,15224,63,-1,706,
39264612,20684,15224,63,-1,707,
39264617,20684,15224,63,-1,708,
39264622,20684,15224,63,-1,709,
39264627,20684,15224,63,-1,709,
39264632,20684,15224,63,-1,709,
39264637,20684,15224,63,-1,711,
39264642,20684,15224,63,-1,714,
39264647,20684,15224,63,-1,717,
39264652,20684,15224,63,-1,721,
39264657,20684,15224,63,-1,723,
39264662,20684,15224,63,-1,727,
39264667,20684,15224,63,-1,732,
39264672,20684,15224,63,-1,734,
39264677,20684,15224,63,-1,739,
39264682,20684,15224,63,-1,741,
39264687,20684,15231,63,-1,744,
39264692,20684,15231,63,-2,747,
39264697,20684,15231,63,-2,751,
39264702,20684,15231,63,-2,755,
39264707,20684,15231,63,-2,758,
39264712,20684,15231,63,-2,760,
39264717,20684,15231,63,-2,761,
39264722,20677,15231,63,-2,763,
39264727,20677,15231,63,-2,766,
39264732,20677,15231,63,-2,768,
39264737,20677,15231,63,-2,766,
39264742,20662,15231,63,-2,752,
39264747,20646,15231,63,-2,739,
39264752,20625,15231,63,-2,737,
39264757,20599,15231,63,-2,741,
39264762,20575,15224,63,-2,742,
39264767,20551,15224,63,-2,742,
39264772,20526,15214,63,-2,737,
39264777,20501,15214,63,-2,734,
39264782,20476,15214,63,-2,737,
39264787,20451,15204,63,-2,738,
39264792,20429,15204,63,-2,735,
39264797,20407,15195,63,-2,735,
39264802,20385,15195,63,-3,735,
39264807,20365,15186,63,-3,736,
39264812,20350,15186,63,-2,734,
39264817,20340,15177,63,-2,735,
39264822,20340,15177,63,-2,733,
39264827,20333,15177,65,-2,731,
39264832,20333,15177,65,-2,728,
39264837,20333,15177,66,-2,723,
39264842,20333,15177,66,-2,717,
39264847,20333,15177,66,-2,713,
39264852,20333,15177,66,-2,710,
39264857,20333,15177,66,-2,707,
39264862,20325,15177,66,-2,706,
39264867,20325,15177,66,-2,706,
39264872,20325,15177,66,-2,706,
39264877,20325,15177,66,-2,706,
39264882,20325,15177,66,-2,706,
39264887,20325,15177,66,-2,706,
39264892,20325,15177,66,-2,706,
39264897,20325,15177,66,-2,705,
39264902,20325,15177,66,-2,704,
39264907,20325,15177,66,-2,703,
39264912,20325,15177,66,-2,702,
39264917,20325,15177,66,-2,700,
39264922,20325,15177,66,-2,698,
39264927,20325,15177,66,-2,697,
39264932,20325,15177,66,-2,695,
39264937,20325,15177,66,-2,694,
39264942,20325,15177,66,-2,694,
39264947,20325,15177,66,-2,695,
39264952,20325,15177,66,-2,696,
39264957,20325,15177,66,-2,697,
39264962,20325,15177,66,-2,699,
39264967,20325,15177,66,-2,700,
39264972,20325,15177,66,-2,703,
39264977,20325,15177,66,-2,705,
39264982,20325,15177,66,-2,706,
39264987,20325,15177,66,-2,708,
39264992,20325,15177,66,-2,709,
39264997,20325,15177,66,-2,711,
39265002,20325,15177,66,-2,711,
39265007,20325,15177,66,-2,714,
39265012,20325,15177,66,-2,716,
39265018,20325,15177,66,-2,720,
39265023,20325,15177,66,-2,721,
39265028,20325,15177,66,-2,723,
39265033,20325,15177,66,-2,726,
39265038,20325,15177,66,-2,727,
39265043,20325,15177,66,-2,729,
39265048,20315,15177,66,-2,730,
39265053,20315,15177,66,-2,729,
39265058,20303,15184,66,-2,728,
39265063,20294,15184,66,-2,727,
39265068,20284,15184,66,-2,728,
39265073,20271,15184,66,-2,731,
39265078,20257,15192,66,-2,732,
39265083,20245,15192,66,-2,732,
39265088,20233,15192,66,-2,731,
39265093,20223,15192,66,-2,731,
39265098,20208,15199,66,-2,731,
39265103,20193,15199,66,-2,732,
39265108,20174,15199,66,-3,732,
39265113,20155,15199,66,-3,730,
39265118,20140,15199,66,-3,733,
39265123,20124,15206,66,-3,734,
39265128,20111,15206,66,-3,733,
39265133,20094,15206,66,-3,730,
39265138,20076,15206,66,-3,729,
39265143,20058,15206,66,-3,732,
39265148,20039,15215,66,-3,731,
39265153,20022,15215,66,-3,731,
39265158,20004,15215,66,-3,729,
39265163,19985,15215,66,-3,729,
39265168,19963,15223,66,-3,729,
39265173,19943,15223,66,-3,730,
39265178,19923,15223,66,-3,726,
39265183,19903,15231,66,-4,731,
39265188,19884,15231,66,-4,734,
39265193,19862,15238,66,-4,732,
39265198,19840,15238,66,-4,729,
39265203,19815,15249,66,-4,735,
39265208,19791,15256,66,-4,734,
39265213,19764,15265,66,-4,733,
39265218,19736,15275,66,-4,734,
39265223,19704,15285,66,-4,737,
39265228,19669,15296,66,-5,739,
39265233,19632,15305,66,-5,740,
39265238,19594,15305,66,-5,740,
39265243,19554,15317,66,-5,756,
39265248,19512,15317,66,-5,756,
39265253,19467,15329,66,-5,750,
39265258,19420,15339,66,-5,749,
39265263,19373,15354,66,-5,758,
39265268,19328,15369,66,-5,760,
39265273,19285,15384,66,-5,760,
39265278,19237,15399,66,-5,760,
39265283,19186,15411,66,-5,757,
39265288,19130,15426,67,-4,759,
39265293,19070,15441,67,-5,766,
39265298,19012,15455,69,-6,773,
39265303,18952,15473,69,-6,775,
39265308,18893,15493,67,-5,775,
39265313,18835,15517,67,-7,784,
39265318,18777,15544,66,-6,781,
39265323,18720,15568,66,-8,792,
39265328,18663,15588,66,-9,791,
39265333,18606,15604,66,-9,796,
39265338,18549,15618,65,-10,780,
39265343,18491,15632,65,-11,787,
39265348,18429,15644,65,-11,800,
39265353,18369,15653,66,-12,791,
39265358,18309,15660,65,-13,796,
39265363,18250,15668,65,-13,796,
39265368,18195,15677,63,-15,800,
39265373,18140,15689,63,-16,801,
39265378,18087,15700,63,-16,804,
39265383,18033,15713,63,-16,803,
39265388,17979,15726,63,-16,801,
39265393,17929,15739,63,-16,802,
39265398,17875,15755,62,-17,804,
39265403,17823,15772,62,-17,810,
39265408,17768,15791,62,-17,807,
39265413,17710,15811,62,-19,807,
39265418,17652,15830,62,-19,814,
39265423,17593,15853,62,-20,808,
39265428,17534,15875,62,-20,819,
39265433,17475,15899,62,-20,817,
39265438,17417,15921,63,-21,819,
39265443,17360,15940,63,-21,822,
39265448,17304,15957,63,-21,818,
39265453,17252,15976,62,-22,825,
39265458,17196,15997,62,-22,826,
39265463,17139,16019,63,-23,830,
39265468,17080,16040,63,-24,833,
39265473,17018,16060,65,-23,837,
39265478,16959,16077,65,-23,833,
39265483,16903,16095,64,-24,833,
39265488,16850,16113,64,-24,838,
39265493,16799,16131,64,-24,829,
39265498,16753,16151,62,-26,838,
39265503,16709,16169,62,-26,842,
39265508,16667,16187,61,-26,842,
39265513,16630,16204,62,-27,841,
39265518,16595,16218,62,-27,841,
39265523,16560,16234,62,-27,839,
39265528,16527,16248,62,-27,843,
39265533,16494,16261,62,-27,842,
39265538,16460,16275,61,-28,840,
39265543,16429,16287,59,-29,845,
39265548,16399,16301,59,-29,845,
39265553,16370,16315,58,-29,850,
39265558,16342,16329,58,-29,850,
39265563,16313,16345,58,-29,849,
39265568,16283,16359,58,-31,849,
39265573,16252,16374,59,-30,847,
39265578,16220,16389,59,-30,848,
39265583,16186,16407,61,-29,841,
39265588,16150,16429,61,-29,842,
39265593,16111,16452,61,-29,850,
39265598,16072,16475,60,-30,852,
39265603,16032,16494,60,-30,848,
39265608,15991,16508,60,-30,849,
39265613,15949,16521,60,-30,851,
39265618,15906,16533,60,-30,847,
39265623,15861,16547,60,-30,848,
39265628,15818,16561,60,-30,848,
39265633,15774,16575,60,-30,843,
39265638,15730,16592,60,-30,834,
39265643,15690,16607,60,-30,833,
39265648,15645,16623,60,-30,830,
39265653,15602,16639,61,-32,828,
39265658,15562,16650,61,-32,832,
39265663,15524,16662,61,-32,830,
39265668,15492,16671,61,-32,836,
39265673,15462,16680,61,-32,829,
39265678,15433,16691,61,-32,831,
39265683,15402,16701,61,-32,830,
39265688,15371,16716,61,-32,833,
39265693,15343,16731,61,-32,831,
39265698,15317,16745,61,-32,834,
39265703,15293,16757,61,-32,836,
39265708,15270,16769,61,-32,834,
39265713,15247,16780,61,-32,834,
39265718,15225,16792,61,-31,830,
39265723,15203,16805,61,-31,833,
39265728,15181,16817,63,-32,830,
39265733,15158,16830,63,-32,830,
39265738,15134,16842,63,-32,834,
39265743,15107,16855,63,-32,833,
39265748,15078,16868,64,-31,833,
39265753,15048,16880,64,-31,827,
39265758,15016,16890,66,-31,830,
39265763,14982,16899,66,-31,831,
39265768,14946,16909,68,-30,827,
39265773,14911,16920,68,-30,830,
39265778,14878,16933,69,-31,828,
39265783,14848,16946,69,-31,825,
39265788,14821,16957,67,-31,825,
39265793,14796,16967,67,-31,824,
39265798,14772,16976,66,-32,819,
39265803,14747,16985,66,-32,816,
39265808,14725,16994,66,-32,816,
39265813,14702,17003,66,-32,816,
39265818,14683,17011,64,-32,814,
39265823,14669,17019,64,-32,813,
39265828,14655,17027,63,-32,815,
39265833,14643,17034,63,-32,815,
39265838,14633,17041,62,-33,813,
39265843,14622,17048,62,-33,812,
39265848,14612,17048,60,-33,810,
39265853,14602,17059,60,-33,808,
39265858,14590,17068,60,-33,807,
39265863,14576,17077,60,-33,808,
39265868,14562,17088,60,-33,811,
39265873,14547,17099,60,-34,810,
39265878,14532,17109,60,-34,807,
39265883,14518,17119,60,-34,804,
39265888,14504,17132,60,-34,807,
39265893,14488,17145,60,-34,807,
39265898,14473,17158,60,-34,807,
39265903,14457,17171,59,-35,805,
39265908,14440,17182,59,-35,805,
39265913,14425,17195,59,-35,804,
39265918,14407,17209,59,-35,805,
39265923,14385,17222,60,-37,804,
39265928,14361,17238,60,-37,790,
39265933,14338,17254,60,-36,792,
39265938,14316,17269,60,-36,792,
39265943,14296,17284,61,-37,792,
39265948,14275,17299,61,-37,779,
39265953,14252,17312,61,-37,781,
39265958,14229,17325,62,-39,779,
39265963,14211,17337,62,-39,783,
39265968,14196,17347,62,-39,778,
39265973,14184,17356,61,-40,772,
39265978,14172,17366,61,-40,767,
39265983,14156,17377,61,-40,758,
39265988,14140,17388,61,-40,757,
39265993,14124,17399,61,-41,757,
39265998,14110,17408,61,-41,756,
39266003,14101,17415,61,-41,758,
39266008,14093,17423,61,-43,755,
39266013,14083,17430,61,-43,753,
39266018,14073,17437,61,-43,755,
39266023,14062,17447,61,-43,754,
39266028,14050,17458,61,-43,735,
39266033,14038,17470,62,-41,742,
39266038,14028,17483,62,-41,742,
39266043,14017,17495,64,-40,745,
39266048,14004,17505,64,-40,740,
39266053,13994,17517,64,-40,735,
39266058,13983,17529,64,-38,735,
39266063,13975,17541,64,-38,739,
39266068,13975,17550,64,-38,740,
39266073,13965,17559,64,-37,733,
39266078,13958,17569,64,-37,717,
39266083,13951,17582,64,-37,717,
39266088,13951,17597,64,-37,718,
39266093,13943,17614,64,-37,720,
39266098,13943,17629,65,-36,717,
39266103,13943,17643,65,-36,711,
39266108,13943,17659,65,-36,716,
39266113,13943,17672,65,-36,717,
39266118,13943,17685,65,-36,715,
39266123,13936,17704,65,-36,709,
39266128,13936,17725,65,-36,711,
39266133,13936,17753,65,-36,709,
39266138,13926,17791,65,-36,690,
39266143,13926,17826,65,-36,698,
39266148,13926,17859,65,-36,701,
39266153,13918,17887,65,-36,700,
39266158,13918,17910,65,-36,701,
39266163,13918,17932,65,-36,703,
39266168,13909,17955,65,-36,704,
39266173,13909,17977,65,-36,703,
39266178,13909,18000,65,-36,697,
39266183,13900,18021,65,-36,702,
39266188,13900,18045,65,-36,700,
39266193,13900,18078,65,-36,670,
39266198,13900,18116,65,-36,670,
39266203,13900,18155,64,-37,676,
39266208,13900,18193,64,-37,676,
39266213,13900,18225,64,-37,670,
39266218,13900,18247,64,-37,673,
39266223,13900,18273,64,-37,670,
39266228,13900,18303,64,-37,656,
39266233,13900,18344,64,-37,650,
39266238,13900,18392,64,-37,644,
39266243,13900,18440,64,-37,641,
39266248,13900,18487,66,-37,644,
39266253,13900,18535,66,-37,631,
39266258,13907,18586,67,-35,624,
39266263,13907,18642,67,-35,618,
39266268,13920,18697,68,-34,614,
39266273,13930,18743,68,-34,608,
39266278,13930,18783,68,-34,601,
39266283,13942,18817,68,-34,591,
39266288,13950,18857,68,-34,572,
39266293,13960,18903,68,-34,572,
39266298,13977,18954,68,-34,563,
39266303,13997,19014,68,-34,542,
39266308,14020,19074,68,-34,536,
39266313,14043,19126,68,-34,528,
39266318,14058,19167,68,-34,521,
39266323,14070,19197,68,-34,515,
39266328,14080,19224,68,-34,512,
39266333,14091,19249,68,-34,508,
39266338,14107,19280,68,-34,500,
39266343,14123,19312,68,-34,501,
39266348,14136,19343,67,-35,499,
39266353,14147,19374,67,-35,496,
39266358,14159,19407,68,-37,489,
39266363,14171,19444,68,-37,491,
39266368,14185,19485,68,-37,494,
39266373,14200,19529,67,-38,494,
39266378,14213,19575,67,-38,490,
39266383,14227,19623,67,-38,495,
39266388,14242,19668,67,-38,498,
39266393,14259,19717,67,-38,500,
39266398,14279,19762,67,-38,503,
39266403,14295,19802,67,-38,502,
39266408,14308,19843,67,-38,504,
39266413,14322,19889,67,-38,502,
39266418,14336,19938,67,-38,503,
39266423,14350,19988,68,-37,499,
39266428,14366,20028,68,-37,501,
39266433,14376,20057,68,-37,501,
39266438,14384,20083,68,-37,499,
39266443,14395,20114,67,-35,501,
39266448,14408,20157,67,-35,501,
39266453,14425,20203,67,-35,502,
39266458,14442,20250,67,-35,504,
39266463,14459,20296,68,-37,500,
39266468,14474,20337,68,-37,501,
39266473,14487,20378,68,-37,499,
39266478,14499,20417,68,-37,500,
39266483,14512,20455,68,-37,499,
39266488,14525,20493,68,-37,499,
39266493,14540,20527,68,-37,499,
39266498,14552,20561,68,-37,498,
39266503,14561,20596,68,-37,498,
39266508,14573,20640,68,-37,497,
39266513,14586,20686,68,-37,498,
39266518,14599,20727,68,-37,501,
39266523,14610,20754,68,-37,507,
39266528,14610,20770,68,-37,510,
39266533,14610,20778,68,-37,515,
39266538,14610,20793,67,-35,520,
39266543,14619,20811,67,-35,524,
39266548,14619,20830,67,-35,526,
39266553,14628,20852,67,-35,524,
39266558,14628,20879,67,-35,523,
39266563,14628,20912,67,-35,525,
39266568,14641,20952,67,-35,525,
39266573,14650,20990,67,-35,524,
39266578,14660,21026,67,-35,524,
39266583,14669,21059,67,-35,525,
39266588,14678,21090,67,-35,523,
39266593,14686,21123,67,-35,526,
39266598,14693,21150,67,-35,526,
39266603,14693,21170,67,-35,529,
39266608,14693,21185,67,-35,530,
39266613,14702,21203,67,-35,527,
39266618,14702,21226,67,-35,529,
39266623,14712,21250,68,-37,530,
39266628,14712,21273,68,-37,529,
39266633,14719,21294,68,-37,527,
39266638,14719,21316,66,-38,527,
39266643,14733,21341,66,-38,528,
39266648,14742,21368,64,-38,529,
39266653,14742,21397,64,-40,526,
39266658,14753,21430,64,-40,523,
39266663,14753,21470,64,-41,528,
39266668,14764,21499,64,-41,540,
39266673,14771,21523,63,-42,547,
39266678,14771,21546,63,-42,543,
39266683,14771,21567,63,-44,542,
39266688,14778,21601,63,-44,544,
39266693,14778,21633,63,-44,546,
39266698,14787,21658,62,-45,548,
39266703,14787,21670,62,-45,548,
39266708,14787,21670,62,-45,548,
39266713,14787,21680,62,-45,547,
39266718,14787,21688,63,-44,548,
39266723,14787,21697,63,-44,547,
39266728,14787,21706,63,-44,546,
39266733,14794,21706,63,-44,545,
39266738,14794,21715,63,-44,545,
39266743,14794,21722,63,-42,544,
39266748,14794,21732,63,-42,544,
39266753,14794,21750,63,-42,541,
39266758,14806,21772,64,-41,541,
39266763,14818,21807,64,-41,525,
39266768,14835,21860,64,-41,489,
39266773,14853,21916,64,-41,495,
39266778,14872,21969,64,-41,492,
39266783,14885,22007,64,-41,496,
39266788,14885,22023,64,-41,498,
39266793,14894,22032,64,-41,498,
39266798,14894,22044,64,-41,499,
39266803,14903,22063,63,-42,499,
39266808,14910,22086,65,-42,500,
39266813,14910,22104,67,-41,500,
39266818,14910,22118,67,-40,501,
39266823,14917,22118,67,-40,501,
39266828,14917,22126,69,-40,501,
39266833,14917,22126,70,-40,499,
39266838,14917,22126,70,-40,493,
39266843,14917,22126,71,-39,474,
39266848,14917,22126,73,-39,462,
39266853,14917,22126,75,-38,451,
39266858,14917,22126,77,-37,440,
39266863,14917,22126,77,-37,432,
39266868,14917,22126,78,-36,425,
39266873,14910,22126,78,-36,418,
39266878,14910,22126,78,-36,407,
39266883,14910,22126,78,-36,396,
39266888,14910,22126,78,-36,383,
39266893,14910,22126,78,-38,366,
39266898,14910,22126,78,-38,343,
39266903,14910,22126,78,-38,317,
39266908,14910,22126,78,-38,281,
39266913,14910,22126,78,-38,239,
39266918,14910,22126,78,-38,195,
39266923,14910,22126,78,-38,138,
39266928,14903,22117,78,-38,85,
39266933,14903,22117,78,-38,41,
39266938,14903,22108,78,-38,19,
39266943,14915,22095,78,-38,9,
39266948,14925,22072,78,-38,2,
39266953,14925,22072,78,-38,0,
39266958,14953,21994,78,-36,0,
39266963,14974,21948,78,-36,0,
39266968,15002,21903,78,-36,0,
39266973,15032,21872,78,-36,0,
39266978,15051,21872,78,-35,0,
39266983,15051,21905,78,-35,0,
39266988,15031,21986,78,-35,0,
39266993,14992,22108,78,-35,0,
39266998,14942,22259,78,-35,0,
39267003,14889,22431,78,-35,0,
39267008,14837,22620,78,-35,0,
39267013,14789,22830,78,-36,0,
39267018,14746,23064,78,-38,0,
39267023,14717,23335,77,-39,0,
39267028,14707,23640,76,-42,0,
39267033,14707,23956,75,-43,0,
39267038,14737,24270,75,-47,0,
39267043,14775,24582,74,-48,0,
39267048,14816,24902,73,-51,0,
39267053,14816,24902,73,-51,0,
39267572,15427,30478,80,-26,0,
39267577,15427,30478,80,-26,0,
39267582,15427,30478,80,-26,0,
39267587,15427,30478,80,-26,0,
39267592,15427,30478,80,-26,0,
39267597,15414,30478,80,-26,0,
39267602,15395,30478,80,-26,0,
39267607,15366,30478,80,-26,0,
39267612,15315,30478,80,-26,0,
39267617,15259,30478,80,-26,0,
39267622,15197,30478,80,-26,0,
39267627,15142,30445,80,-26,0,
39267632,15089,30392,80,-26,0,
39267637,15024,30319,80,-26,0,
39267642,14967,30179,80,-26,0,
39267647,14894,30047,80,-27,0,
39267652,14827,29840,80,-27,0,
39267657,14764,29622,80,-27,0,
39267662,14687,29402,80,-27,0,
39267667,14626,29168,80,-27,0,
39267672,14550,28995,80,-27,0,
39267677,14484,28821,80,-27,0,
39267682,14424,28661,80,-27,0,
39267687,14374,28499,80,-27,0,
39267692,14344,28315,79,-28,0,
39267697,14319,28090,80,-30,0,
39267702,14309,27875,78,-35,0,
39267707,14309,27648,77,-39,0,
39267712,14309,27418,75,-43,0,
39267717,14319,27204,75,-47,0,
39267722,14336,26977,72,-48,0,
39267727,14356,26743,68,-51,0,
39267732,14387,26500,61,-53,0,
39267737,14410,26247,57,-55,0,
39267742,14437,25988,55,-55,0,
39267747,14467,25746,54,-54,0,
39267752,14502,25522,54,-54,0,
39267757,14546,25321,54,-54,0,
39267762,14598,25146,53,-54,0,
39267767,14645,24978,54,-54,0,
39267772,14695,24805,52,-51,0,
39267777,14743,24635,52,-47,0,
39267782,14790,24465,53,-41,0,
39267787,14840,24300,53,-34,0,
39267792,14885,24152,56,-27,0,
39267797,14930,24016,58,-22,0,
39267802,14981,23890,61,-18,0,
39267807,15034,23777,64,-14,0,
39267812,15087,23672,67,-11,0,
39267817,15141,23572,68,-9,0,
39267822,15184,23479,71,-8,0,
39267827,15223,23385,73,-7,0,
39267832,15258,23294,76,-6,0,
39267837,15288,23202,78,-5,0,
39267842,15314,23108,81,-4,0,
39267847,15337,23016,83,-2,0,
39267852,15355,22930,83,-2,0,
39267857,15372,22850,83,-1,0,
39267862,15385,22786,83,-1,0,
39267867,15398,22736,83,-1,0,
39267872,15408,22693,83,-1,0,
39267877,15408,22658,83,-1,0,
39267882,15419,22621,83,-1,0,
39267887,15419,22585,83,-1,0,
39267892,15412,22549,83,-1,0,
39267897,15412,22513,83,-1,0,
39267902,15398,22479,83,-1,0,
39267907,15391,22445,83,-1,0,
39267912,15382,22413,83,0,0,
39267917,15372,22384,83,0,0,
39267922,15363,22360,81,0,0,
39267927,15353,22336,81,1,0,
39267932,15344,22316,80,1,0,
39267937,15334,22298,80,1,0,
39267942,15323,22280,79,1,0,
39267947,15311,22267,79,1,0,
39267952,15300,22253,77,1,0,
39267957,15290,22238,76,1,0,
39267962,15290,22218,74,1,0,
39267968,15280,22195,73,2,0,
39267973,15280,22168,73,2,0,
39267978,15273,22140,72,2,0,
39267983,15273,22115,70,2,0,
39267988,15273,22091,70,2,0,
39267993,15273,22069,69,2,0,
39267998,15263,22049,68,2,0,
39268003,15263,22028,68,2,0,
39268008,15254,22011,66,2,0,
39268013,15246,21997,65,2,0,
39268018,15236,21982,65,2,0,
39268023,15226,21970,63,2,0,
39268028,15213,21957,63,2,0,
39268033,15199,21944,63,2,0,
39268038,15184,21933,63,3,0,
39268043,15168,21924,63,3,0,
39268048,15154,21916,63,3,0,
39268053,15141,21909,63,3,0,
39268058,15131,21909,63,3,0,
39268063,15120,21898,63,3,0,
39268068,15112,21898,63,3,0,
39268073,15101,21890,63,3,0,
39268078,15091,21890,63,3,0,
39268083,15083,21880,63,3,0,
39268088,15074,21880,63,3,0,
39268093,15067,21866,63,3,0,
39268098,15060,21858,63,3,0,
39268103,15060,21851,63,3,0,
39268108,15049,21843,63,3,0,
39268113,15049,21834,63,3,0,
39268118,15037,21825,63,3,0,
39268123,15030,21814,63,4,0,
39268128,15023,21804,63,4,0,
39268133,15016,21796,63,4,0,
39268138,15016,21788,63,4,0,
39268143,15006,21788,63,4,0,
39268148,15006,21776,63,4,0,
39268153,14995,21769,63,4,0,
39268158,14995,21769,63,4,0,
39268163,14995,21755,63,4,0,
39268168,14988,21755,63,4,0,
39268173,14988,21747,63,4,0,
39268178,14988,21747,63,4,0,
39268183,14988,21747,63,4,0,
39268188,14988,21747,63,3,0,
39268193,14988,21747,63,3,0,
39268198,14988,21740,63,3,0,
39268203,14988,21740,63,3,0,
39268208,14988,21740,63,3,0,
39268213,14988,21740,63,3,0,
39268218,14988,21732,63,3,0,
39268223,14988,21732,63,3,0,
39268228,14988,21732,63,3,0,
39268233,14988,21732,63,3,0,
39268238,14988,21725,63,3,0,
39268243,14988,21725,63,3,0,
39268248,14981,21725,63,3,0,
39268253,14981,21718,63,3,0,
39268258,14981,21718,63,3,0,
39268263,14981,21718,63,3,0,
39268268,14981,21718,63,3,0,
39268273,14981,21718,63,3,0,
39268278,14981,21709,63,3,0,
39268283,14981,21709,63,3,0,
39268288,14981,21709,63,3,0,
39268293,14981,21709,63,3,0,
39268298,14981,21709,63,3,0,
39268303,14981,21709,63,3,0,
39268303,14981,21709,63,3,6,
39268308,14988,21716,63,3,14,
39268313,14988,21716,63,3,22,
39268318,14988,21716,63,3,30,
39268323,14988,21723,63,3,39,
39268328,14988,21723,63,3,48,
39268333,14988,21723,63,3,55,
39268338,14988,21723,63,3,64,
39268343,14988,21731,63,3,71,
39268348,14995,21731,63,3,79,
39268353,14995,21739,63,3,85,
39268358,14995,21739,63,3,95,
39268363,14995,21748,63,3,105,
39268368,14995,21748,63,3,116,
39268373,14995,21756,63,3,129,
39268378,14995,21756,63,3,144,
39268383,14995,21756,63,3,154,
39268388,14995,21765,63,3,166,
39268393,14995,21765,63,3,177,
39268398,14995,21774,63,3,188,
39268403,14995,21783,63,3,199,
39268408,14995,21794,63,3,204,
39268413,14995,21811,63,3,208,
39268418,14995,21832,63,3,207,
39268423,14995,21853,63,3,207,
39268428,14995,21874,63,3,207,
39268433,14995,21896,63,3,213,
39268438,14995,21915,63,3,226,
39268443,14995,21935,63,2,245,
39268448,15003,21954,63,2,250,
39268453,15003,21970,63,2,253,
39268458,15003,21989,63,2,260,
39268463,15003,22006,63,2,267,
39268468,15003,22025,63,2,278,
39268473,15003,22047,63,2,286,
39268478,15003,22070,63,2,300,
39268483,15012,22092,63,2,298,
39268488,15012,22115,63,2,302,
39268493,15012,22139,63,2,304,
39268498,15012,22166,63,1,302,
39268503,15012,22194,63,1,302,
39268508,15012,22219,63,1,304,
39268513,15021,22241,63,1,310,
39268518,15021,22260,63,1,326,
39268523,15028,22278,63,1,328,
39268528,15028,22298,63,1,331,
39268533,15036,22321,63,1,348,
39268538,15036,22344,63,1,352,
39268543,15043,22374,63,1,356,
39268548,15043,22410,63,0,367,
39268553,15055,22448,63,0,369,
39268558,15055,22485,63,0,373,
39268563,15070,22515,63,0,376,
39268568,15070,22540,63,0,375,
39268573,15079,22562,63,0,375,
39268578,15079,22584,62,0,377,
39268583,15079,22612,62,0,383,
39268588,15088,22646,61,0,386,
39268593,15088,22684,61,0,386,
39268598,15098,22719,61,0,389,
39268603,15098,22752,61,0,393,
39268608,15108,22783,61,0,404,
39268613,15108,22816,61,0,406,
39268618,15117,22854,61,0,407,
39268623,15125,22892,61,0,409,
39268628,15133,22926,61,0,414,
39268633,15133,22958,61,0,414,
39268638,15144,22992,61,0,416,
39268643,15144,23027,61,0,420,
39268648,15155,23063,61,0,423,
39268653,15155,23096,61,0,425,
39268658,15168,23122,61,0,428,
39268663,15168,23144,61,0,442,
39268668,15178,23162,61,-1,442,
39268673,15178,23176,61,-1,440,
39268678,15178,23191,61,-1,442,
39268683,15186,23207,61,-1,445,
39268688,15186,23226,61,-1,445,
39268693,15193,23248,61,-1,445,
39268698,15193,23273,61,-1,445,
39268703,15204,23301,61,-2,445,
39268708,15204,23329,61,-2,445,
39268713,15218,23358,61,-2,445,
39268718,15228,23387,61,-2,446,
39268723,15239,23417,61,-2,447,
39268728,15251,23452,61,-2,443,
39268733,15261,23486,61,-2,439,
39268738,15272,23520,61,-2,440,
39268743,15281,23552,61,-3,443,
39268748,15293,23582,61,-3,443,
39268753,15302,23614,61,-3,441,
39268758,15310,23640,61,-3,439,
39268763,15317,23662,60,-4,440,
39268768,15317,23675,60,-4,442,
39268773,15325,23682,59,-4,443,
39268778,15325,23682,59,-4,444,
39268783,15325,23690,58,-4,446,
39268788,15332,23690,58,-4,450,
39268794,15332,23690,58,-4,452,
39268799,15332,23690,58,-4,453,
39268804,15332,23697,58,-4,453,
39268809,15332,23697,58,-4,453,
39268814,15332,23697,58,-4,452,
39268819,15339,23697,58,-4,450,
39268824,15339,23705,58,-4,450,
39268829,15339,23705,58,-4,451,
39268834,15339,23705,58,-4,450,
39268839,15339,23712,58,-4,451,
39268844,15348,23712,58,-4,451,
39268849,15348,23712,58,-4,450,
39268854,15348,23720,58,-4,453,
39268859,15358,23720,58,-4,457,
39268864,15358,23729,58,-4,459,
39268869,15366,23729,58,-4,460,
39268874,15366,23738,58,-4,464,
39268879,15374,23738,58,-4,468,
39268884,15374,23738,58,-4,470,
39268889,15382,23747,58,-4,472,
39268894,15382,23747,58,-4,474,
39268899,15389,23756,58,-4,476,
39268904,15389,23756,58,-4,482,
39268909,15397,23768,58,-4,490,
39268914,15397,23776,58,-4,499,
39268919,15410,23788,58,-4,499,
39268924,15418,23801,58,-4,501,
39268929,15427,23816,58,-4,508,
39268934,15436,23831,58,-4,506,
39268939,15436,23840,58,-6,506,
39268944,15447,23848,58,-6,508,
39268949,15447,23848,58,-6,510,
39268954,15447,23858,58,-6,512,
39268959,15447,23858,58,-6,513,
39268964,15458,23866,58,-6,517,
39268969,15458,23866,58,-6,521,
39268974,15458,23866,58,-6,523,
39268979,15458,23866,58,-6,523,
39268984,15458,23866,57,-7,525,
39268989,15466,23866,57,-7,527,
39268994,15466,23873,57,-7,529,
39268999,15466,23873,57,-7,532,
39269004,15466,23873,57,-7,536,
39269009,15466,23873,57,-7,539,
39269014,15466,23873,57,-7,542,
39269019,15475,23881,57,-7,547,
39269024,15475,23881,57,-7,550,
39269029,15484,23881,57,-7,554,
39269034,15484,23889,57,-7,561,
39269039,15494,23896,57,-7,563,
39269044,15494,23904,57,-7,563,
39269049,15507,23904,57,-7,563,
39269054,15514,23915,57,-7,563,
39269059,15514,23915,57,-7,563,
39269064,15514,23915,57,-7,563,
39269069,15521,23922,57,-7,562,
39269074,15521,23922,57,-7,562,
39269079,15521,23922,57,-7,562,
39269084,15529,23922,57,-8,562,
39269089,15529,23922,57,-8,562,
39269094,15529,23922,57,-8,562,
39269099,15529,23922,57,-8,562,
39269104,15529,23929,57,-8,562,
39269109,15529,23929,57,-8,562,
39269114,15536,23929,57,-8,563,
39269119,15536,23929,57,-8,563,
39269124,15536,23929,57,-8,563,
39269129,15536,23929,57,-8,563,
39269134,15536,23929,57,-8,563,
39269139,15536,23929,57,-8,562,
39269144,15536,23929,57,-8,561,
39269149,15547,23929,57,-8,560,
39269154,15547,23929,57,-8,560,
39269159,15556,23929,57,-8,561,
39269164,15564,23929,57,-8,564,
39269169,15574,23929,57,-8,570,
39269174,15592,23929,57,-8,589,
39269179,15615,23929,57,-8,605,
39269184,15639,23936,57,-8,601,
39269189,15667,23943,57,-8,603,
39269194,15698,23952,56,-8,605,
39269199,15728,23960,56,-8,604,
39269204,15758,23967,54,-9,601,
39269209,15784,23967,54,-9,603,
39269214,15807,23967,54,-9,603,
39269219,15829,23976,54,-9,607,
39269224,15855,23976,54,-9,614,
39269229,15888,23984,54,-9,622,
39269234,15922,23984,54,-9,622,
39269239,15956,23992,54,-9,621,
39269244,15988,23992,54,-9,623,
39269249,16014,24001,54,-9,623,
39269254,16040,24001,54,-9,633,
39269259,16066,24001,54,-9,636,
39269264,16093,24001,54,-9,639,
39269269,16124,24001,53,-9,644,
39269274,16155,24001,53,-9,655,
39269279,16187,24001,51,-9,656,
39269284,16219,24001,51,-9,654,
39269289,16254,24001,51,-9,664,
39269294,16293,24001,51,-9,681,
39269299,16336,24001,51,-9,681,
39269304,16385,24001,53,-10,683,
39269309,16434,24001,53,-10,681,
39269314,16483,24001,53,-10,688,
39269319,16538,24008,51,-10,701,
39269324,16595,24008,51,-10,718,
39269329,16652,24008,50,-10,715,
39269334,16710,24008,50,-10,720,
39269339,16763,24008,50,-10,732,
39269344,16811,24008,48,-11,728,
39269349,16853,24008,48,-12,726,
39269354,16895,24008,46,-12,742,
39269359,16939,24008,46,-12,753,
39269364,16982,23999,45,-12,756,
39269369,17026,23999,45,-12,755,
39269374,17063,23999,45,-12,752,
39269379,17094,23989,45,-12,749,
39269384,17122,23989,46,-13,750,
39269389,17150,23980,46,-13,758,
39269394,17184,23973,46,-12,784,
39269399,17221,23973,46,-12,793,
39269404,17262,23965,46,-12,786,
39269409,17304,23965,46,-12,787,
39269414,17348,23965,46,-12,791,
39269419,17389,23965,46,-12,790,
39269424,17435,23965,46,-12,802,
39269429,17482,23965,46,-12,805,
39269434,17528,23965,48,-12,804,
39269439,17574,23965,48,-12,805,
39269444,17620,23965,49,-12,820,
39269449,17669,23965,49,-12,827,
39269454,17718,23965,49,-12,827,
39269459,17770,23965,49,-12,828,
39269464,17829,23965,49,-12,845,
39269469,17896,23965,48,-12,853,
39269474,17966,23972,48,-12,856,
39269479,18037,23972,46,-12,852,
39269484,18099,23972,46,-12,848,
39269489,18155,23981,46,-13,852,
39269494,18206,23981,46,-13,850,
39269499,18260,23981,46,-13,855,
39269504,18318,23981,45,-13,854,
39269509,18375,23981,45,-13,856,
39269514,18432,23989,43,-13,856,
39269519,18486,23989,43,-13,856,
39269524,18536,23989,43,-13,857,
39269529,18586,23989,43,-13,858,
39269534,18638,23989,42,-13,863,
39269539,18692,23989,42,-13,873,
39269544,18743,23989,40,-14,869,
39269549,18792,23981,40,-14,868,
39269554,18841,23974,40,-14,873,
39269559,18885,23967,39,-13,869,
39269564,18931,23960,39,-13,871,
39269569,18975,23953,39,-14,868,
39269574,19018,23946,39,-14,874,
39269579,19059,23939,37,-14,869,
39269584,19100,23931,37,-14,871,
39269589,19144,23931,36,-14,871,
39269594,19192,23918,36,-14,874,
39269599,19242,23911,36,-14,876,
39269604,19296,23911,37,-14,873,
39269609,19351,23904,37,-14,874,
39269614,19406,23904,39,-14,875,
39269619,19463,23904,39,-14,873,
39269624,19520,23904,39,-14,874,
39269629,19577,23894,39,-14,874,
39269634,19634,23886,39,-14,873,
39269639,19688,23878,39,-13,873,
39269644,19742,23869,39,-12,876,
39269649,19798,23859,41,-12,874,
39269654,19850,23849,41,-12,872,
39269659,19899,23838,41,-12,869,
39269664,19944,23824,41,-12,874,
39269669,19983,23811,41,-12,868,
39269674,20022,23795,41,-12,873,
39269679,20067,23778,41,-12,875,
39269684,20113,23765,41,-12,873,
39269689,20162,23749,41,-12,874,
39269694,20217,23736,41,-12,876,
39269699,20270,23726,41,-12,875,
39269704,20325,23717,40,-11,875,
39269709,20377,23710,40,-11,873,
39269714,20422,23703,38,-11,872,
39269719,20466,23694,38,-11,873,
39269724,20506,23694,38,-11,871,
39269729,20547,23682,38,-11,872,
39269734,20591,23682,38,-11,872,
39269739,20637,23674,38,-11,873,
39269744,20685,23674,38,-11,872,
39269749,20734,23663,37,-11,869,
39269754,20780,23656,37,-11,871,
39269759,20822,23648,35,-11,868,
39269764,20862,23639,35,-11,869,
39269769,20902,23632,36,-10,868,
39269774,20945,23625,36,-10,873,
39269779,20990,23616,36,-10,869,
39269784,21033,23607,34,-11,869,
39269789,21072,23594,34,-11,870,
39269794,21107,23581,32,-11,873,
39269799,21143,23568,33,-13,872,
39269804,21178,23552,33,-13,870,
39269809,21210,23538,33,-13,871,
39269814,21242,23522,32,-14,872,
39269819,21273,23506,32,-14,874,
39269824,21302,23491,32,-14,873,
39269829,21330,23479,34,-14,871,
39269834,21355,23469,33,-15,869,
39269839,21372,23460,35,-15,867,
39269844,21389,23453,35,-15,867,
39269849,21404,23446,36,-16,869,
39269854,21418,23438,36,-16,869,
39269859,21435,23429,38,-16,870,
39269864,21455,23417,38,-16,871,
39269869,21476,23406,39,-16,872,
39269874,21495,23397,39,-16,871,
39269879,21515,23397,41,-16,871,
39269884,21531,23389,41,-16,872,
39269889,21546,23389,42,-16,872,
39269894,21563,23381,42,-16,871,
39269899,21575,23381,44,-16,871,
39269904,21585,23374,44,-16,870,
39269909,21592,23374,42,-16,870,
39269914,21592,23374,42,-16,871,
39269919,21602,23374,41,-16,871,
39269924,21602,23374,41,-16,871,
39269929,21611,23374,41,-16,871,
39269934,21611,23374,41,-16,873,
39269939,21611,23374,41,-16,873,
39269944,21618,23374,41,-16,874,
39269949,21618,23374,41,-16,874,
39269954,21618,23374,41,-16,875,
39269959,21618,23374,41,-16,876,
39269964,21618,23374,41,-16,878,
39269969,21618,23374,41,-16,879,
39269974,21618,23374,41,-16,881,
39269979,21618,23374,41,-16,882,
39269984,21618,23374,41,-16,883,
39269989,21618,23374,41,-16,884,
39269994,21618,23374,41,-16,885,
39269999,21618,23374,41,-16,885,
39270004,21618,23374,41,-15,885,
39270009,21618,23374,41,-15,885,
39270014,21618,23374,41,-15,884,
39270019,21618,23374,41,-15,883,
39270024,21618,23374,41,-15,883,
39270029,21618,23374,41,-15,882,
39270034,21618,23374,41,-15,883,
39270039,21618,23374,41,-15,883,
39270044,21618,23374,41,-15,884,
39270049,21618,23374,41,-15,885,
39270054,21618,23374,41,-15,886,
39270059,21618,23367,41,-15,888,
39270064,21618,23367,41,-15,891,
39270069,21618,23367,41,-15,894,
39270074,21618,23367,41,-15,897,
39270079,21618,23367,41,-15,899,
39270084,21618,23367,41,-15,902,
39270089,21611,23367,41,-15,902,
39270094,21611,23360,41,-15,902,
39270099,21611,23360,41,-15,902,
39270104,21611,23360,41,-15,901,
39270109,21611,23360,41,-15,899,
39270114,21604,23352,41,-15,897,
39270119,21604,23352,41,-15,896,
39270124,21604,23343,41,-15,895,
39270129,21604,23331,41,-15,897,
39270134,21604,23309,41,-15,897,
39270139,21604,23277,41,-15,899,
39270144,21604,23242,43,-14,897,
39270149,21595,23208,42,-13,898,
39270154,21595,23180,43,-13,896,
39270159,21585,23149,43,-13,894,
39270164,21585,23114,43,-13,894,
39270169,21574,23074,44,-12,897,
39270174,21574,23034,44,-12,892,
39270179,21566,23000,44,-12,892,
39270184,21566,22965,44,-12,888,
39270189,21553,22935,44,-11,890,
39270194,21553,22908,44,-11,890,
39270199,21544,22886,44,-11,888,
39270204,21544,22872,44,-11,887,
39270209,21544,22860,44,-10,888,
39270214,21544,22843,44,-10,888,
39270219,21544,22817,44,-10,888,
39270224,21533,22784,44,-10,893,
39270229,21526,22747,43,-8,895,
39270234,21526,22713,43,-8,898,
39270239,21517,22687,43,-8,896,
39270244,21517,22663,43,-8,896,
39270249,21517,22639,43,-8,897,
39270254,21517,22611,43,-8,896,
39270259,21517,22581,43,-8,897,
39270264,21517,22551,43,-8,896,
39270269,21517,22525,43,-7,894,
39270274,21517,22504,43,-7,894,
39270279,21509,22485,43,-7,891,
39270284,21509,22470,43,-7,891,
39270289,21509,22453,43,-7,891,
39270294,21509,22432,43,-7,890,
39270299,21509,22408,43,-7,892,
39270304,21509,22386,43,-7,891,
39270309,21499,22365,43,-7,890,
39270314,21499,22343,43,-7,890,
39270319,21499,22316,44,-6,891,
39270324,21491,22286,44,-6,894,
39270329,21491,22253,44,-6,894,
39270334,21480,22217,44,-6,891,
39270339,21470,22185,45,-6,895,
39270344,21462,22151,45,-4,895,
39270349,21454,22119,46,-4,894,
39270354,21446,22091,46,-4,895,
39270359,21446,22061,46,-4,894,
39270364,21434,22034,46,-4,894,
39270369,21434,22009,47,-3,895,
39270374,21426,21986,47,-3,894,
39270379,21426,21965,47,-3,894,
39270384,21426,21944,47,-2,893,
39270389,21426,21920,47,-2,892,
39270394,21426,21894,47,-2,889,
39270399,21418,21868,47,-2,892,
39270404,21418,21842,47,-2,894,
39270409,21418,21818,47,0,893,
39270414,21418,21793,47,0,893,
39270419,21418,21770,47,0,893,
39270424,21411,21747,47,0,893,
39270429,21411,21720,47,0,893,
39270434,21411,21695,47,0,893,
39270439,21411,21667,47,0,892,
39270444,21402,21634,47,0,890,
39270449,21395,21600,47,0,889,
39270454,21388,21565,47,0,891,
39270459,21388,21535,47,0,889,
39270464,21377,21506,47,0,888,
39270469,21377,21477,47,0,888,
39270474,21369,21445,47,0,889,
39270479,21362,21409,47,0,891,
39270484,21353,21375,47,0,890,
39270489,21343,21344,47,0,889,
39270494,21335,21315,47,0,891,
39270499,21335,21289,47,0,894,
39270504,21326,21266,47,0,893,
39270509,21326,21244,47,0,892,
39270514,21318,21220,47,0,889,
39270519,21309,21193,47,0,891,
39270524,21299,21166,47,0,892,
39270529,21292,21138,47,0,889,
39270534,21292,21113,47,0,892,
39270539,21281,21093,47,0,891,
39270544,21281,21074,47,0,891,
39270549,21274,21059,47,0,891,
39270554,21274,21049,47,0,891,
39270559,21274,21040,47,0,890,
39270564,21274,21033,47,0,888,
39270569,21274,21033,47,0,886,
39270574,21274,21023,47,0,882,
39270579,21274,21023,48,0,876,
39270584,21274,21023,48,0,870,
39270589,21274,21023,50,0,863,
39270594,21274,21023,50,0,858,
39270599,21274,21023,50,0,851,
39270604,21274,21023,50,0,844,
39270609,21274,21023,50,0,836,
39270614,21274,21023,50,0,827,
39270619,21274,21023,50,0,819,
39270624,21282,21023,50,0,804,
39270629,21282,21023,50,0,788,
39270634,21282,21023,50,0,772,
39270639,21282,21023,50,0,759,
39270644,21282,21023,50,0,742,
39270649,21282,21032,50,0,720,
39270654,21282,21032,50,0,694,
39270659,21282,21032,50,0,664,
39270664,21282,21040,50,0,630,
39270669,21282,21047,50,0,588,
39270674,21274,21058,50,0,536,
39270679,21274,21072,50,0,468,
39270684,21267,21094,50,0,350,
39270689,21258,21126,50,0,165,
39270694,21258,21126,50,0,0,
39270699,21215,21229,50,0,0,
39270704,21173,21286,50,0,0,
39270709,21116,21339,50,0,0,
39270714,21045,21393,48,0,0,
39270719,20974,21453,48,0,0,
39270724,20915,21535,47,0,0,
39270729,20879,21641,47,0,0,
39270734,20879,21765,47,0,0,
39270739,20897,21903,45,0,0,
39270744,20952,22046,45,1,0,
39270749,21029,22190,45,1,0,
39270754,21125,22333,47,0,0,
39270759,21234,22476,51,0,0,
39270764,21357,22616,55,0,0,
39270769,21495,22760,58,0,0,
39270774,21643,22906,62,0,0,
39270779,21799,23054,65,0,0,
39270784,21948,23208,68,-1,0,
39270789,22082,23355,70,-2,0,
39270794,22212,23495,73,-5,0,
39270799,22330,23625,74,-6,0,
39270804,22445,23734,75,-7,0,
39270809,22561,23830,77,-6,0,
39270814,22664,23907,78,-6,0,
39270819,22760,23966,78,-6,0,
39270824,22839,24013,80,-7,0,
39270829,22906,24048,78,-8,0,
39270834,22959,24071,75,-7,0,
39270839,22999,24071,71,-8,0,
39270844,23025,24071,66,-8,0,
39270849,23025,24032,61,-8,0,
39270854,23008,23987,57,-8,0,
39270859,22974,23930,53,-6,0,
39270864,22928,23862,51,-4,0,
39270869,22876,23790,48,-2,0,
39270874,22820,23708,45,0,0,
39270879,22757,23630,44,1,0,
39270884,22688,23552,44,1,0,
39270889,22620,23478,44,1,0,
39270894,22552,23409,44,0,0,
39270899,22482,23342,44,-1,0,
39270904,22422,23287,45,-2,0,
39270909,22362,23242,47,-3,0,
39270914,22307,23205,48,-5,0,
39270919,22257,23180,49,-6,0,
39270924,22214,23165,51,-6,0,
39270929,22177,23165,50,-7,0,
39270934,22148,23165,52,-8,0,
39270939,22124,23165,53,-8,0,
39270944,22097,23177,54,-9,0,
39270949,22079,23177,56,-9,0,
39270954,22060,23177,56,-13,0,
39270959,22045,23177,58,-12,0,
39270964,22032,23177,58,-13,0,
39270969,22015,23177,58,-12,0,
39270974,22001,23177,59,-11,0,
39270979,21984,23177,58,-10,0,
39270984,21969,23170,60,-9,0,
39270989,21954,23170,60,-8,0,
39270994,21939,23170,60,-8,0,
39270999,21925,23163,61,-8,0,
39271004,21906,23163,61,-8,0,
39271009,21886,23163,63,-7,0,
39271014,21865,23163,63,-7,0,
39271019,21844,23163,63,-7,0,
39271024,21821,23163,63,-7,0,
39271029,21799,23170,63,-7,0,
39271034,21777,23170,64,-7,0,
39271039,21759,23180,64,-7,0,
39271044,21745,23180,66,-6,0,
39271049,21735,23192,66,-6,0,
39271054,21724,23200,66,-6,0,
39271059,21714,23208,66,-6,0,
39271064,21706,23216,66,-6,0,
39271069,21696,23224,66,-6,0,
39271074,21696,23224,66,-6,0,
39271079,21696,23236,66,-6,0,
39271084,21696,23243,66,-6,0,
39271089,21696,23252,66,-6,0,
39271094,21696,23259,66,-6,0,
39271099,21688,23267,66,-6,0,
39271104,21688,23274,66,-6,0,
39271109,21681,23274,66,-6,0,
39271114,21681,23283,66,-6,0,
39271119,21670,23283,66,-6,0,
39271124,21662,23292,66,-6,0,
39271129,21652,23292,66,-6,0,
39271134,21642,23303,66,-6,0,
39271139,21642,23303,66,-6,0,
39271144,21627,23313,66,-6,0,
39271149,21619,23313,66,-6,0,
39271154,21611,23321,66,-6,0,
39271159,21603,23321,66,-6,0,
39271164,21596,23321,66,-6,0,
39271169,21596,23330,66,-6,0,
39271174,21585,23330,66,-6,0,
39271179,21585,23330,66,-6,0,
39271184,21577,23330,66,-6,0,
39271189,21577,23330,64,-7,0,
39271194,21577,23320,64,-6,0,
39271199,21577,23312,63,-6,0,
39271204,21577,23303,63,-6,0,
39271209,21577,23293,63,-6,0,
39271214,21585,23282,63,-6,0,
39271219,21585,23272,63,-6,0,
39271224,21585,23263,62,-5,0,
39271229,21585,23254,62,-5,0,
39271234,21585,23254,60,-5,0,
39271239,21585,23247,60,-5,0,
39271244,21574,23247,59,-4,0,
39271249,21563,23247,59,-4,0,
39271254,21554,23254,58,-4,0,
39271259,21547,23254,56,-2,0,
39271264,21547,23265,56,-2,0,
39271269,21547,23273,55,-3,0,
39271274,21547,23282,55,-3,0,
39271279,21547,23291,55,-1,0,
39271284,21547,23301,54,-1,0,
39271289,21554,23312,54,-1,0,
39271295,21562,23323,52,-2,0,
39271300,21570,23335,52,-2,0,
39271307,21570,23335,52,-2,1,
39271312,21584,23356,52,-2,24,
39271317,21592,23370,52,-2,55,
39271322,21601,23381,52,-2,81,
39271327,21610,23391,52,-2,101,
39271332,21617,23391,52,-2,132,
39271337,21617,23400,52,-2,170,
39271342,21627,23400,52,-2,201,
39271347,21627,23400,52,-2,223,
39271352,21637,23400,52,-2,247,
39271357,21637,23400,52,-2,273,
39271362,21644,23400,52,-3,301,
39271367,21644,23400,52,-3,328,
39271372,21644,23400,52,-3,354,
39271377,21651,23400,52,-3,379,
39271382,21651,23400,52,-3,407,
39271387,21661,23400,52,-3,442,
39271392,21661,23400,52,-3,470,
39271397,21670,23400,52,-4,496,
39271402,21670,23409,52,-4,517,
39271407,21681,23409,52,-4,536,
39271412,21689,23409,52,-4,551,
39271417,21697,23409,52,-4,570,
39271422,21704,23409,52,-4,583,
39271427,21711,23409,52,-4,594,
39271432,21718,23400,52,-4,601,
39271437,21726,23400,52,-4,613,
39271442,21737,23400,52,-4,624,
39271447,21752,23385,52,-4,644,
39271452,21771,23378,52,-4,667,
39271457,21794,23369,52,-4,672,
39271462,21819,23362,51,-4,671,
39271467,21844,23362,51,-4,679,
39271472,21870,23350,49,-4,696,
39271477,21899,23342,49,-4,720,
39271482,21927,23335,49,-4,713,
39271487,21955,23327,49,-4,714,
39271492,21979,23319,49,-4,720,
39271497,22002,23319,49,-4,729,
39271502,22027,23306,49,-4,740,
39271507,22056,23296,49,-4,768,
39271512,22085,23287,49,-4,776,
39271517,22113,23278,49,-4,775,
39271522,22138,23269,49,-4,781,
39271527,22161,23260,48,-5,797,
39271532,22185,23247,48,-5,813,
39271537,22212,23234,46,-4,829,
39271542,22241,23222,46,-4,841,
39271547,22269,23214,46,-4,839,
39271552,22293,23207,46,-4,847,
39271557,22315,23207,46,-4,845,
39271562,22334,23195,46,-4,845,
39271567,22353,23186,46,-4,851,
39271572,22376,23175,46,-4,868,
39271577,22402,23163,46,-4,884,
39271582,22428,23153,46,-4,879,
39271587,22452,23146,46,-4,877,
39271592,22474,23146,45,-4,876,
39271597,22493,23137,45,-4,876,
39271602,22513,23137,44,-4,882,
39271607,22535,23129,44,-4,893,
39271612,22555,23129,44,-6,895,
39271617,22576,23121,44,-6,894,
39271622,22595,23121,44,-6,895,
39271627,22612,23110,44,-6,900,
39271632,22630,23110,44,-6,903,
39271637,22646,23102,44,-6,911,
39271642,22665,23102,42,-5,918,
39271647,22687,23102,42,-5,930,
39271652,22712,23091,41,-6,943,
39271657,22742,23084,41,-6,939,
39271662,22772,23077,41,-6,951,
39271667,22803,23070,41,-6,955,
39271672,22834,23062,41,-6,954,
39271677,22864,23062,41,-6,951,
39271682,22893,23049,41,-6,951,
39271687,22919,23040,39,-6,951,
39271693,22946,23033,39,-6,951,
39271698,22974,23026,38,-6,952,
39271703,23002,23026,38,-6,954,
39271708,23031,23015,38,-6,954,
39271713,23061,23008,38,-6,957,
39271718,23092,22999,38,-6,963,
39271723,23124,22990,36,-6,965,
39271728,23160,22981,36,-6,966,
39271733,23192,22972,35,-6,974,
39271738,23222,22965,35,-6,971,
39271743,23255,22965,35,-6,970,
39271748,23284,22953,35,-6,974,
39271753,23316,22953,35,-6,983,
39271758,23350,22953,35,-6,980,
39271763,23380,22945,35,-6,980,
39271768,23411,22945,35,-6,981,
39271773,23439,22945,35,-6,979,
39271778,23468,22945,36,-6,981,
39271783,23496,22938,36,-6,983,
39271788,23517,22938,38,-6,980,
39271793,23534,22938,38,-6,977,
39271798,23544,22938,39,-6,978,
39271803,23552,22938,39,-6,978,
39271808,23560,22938,41,-6,978,
39271813,23567,22938,41,-6,980,
39271818,23567,22938,42,-5,979,
39271823,23579,22938,42,-5,980,
39271828,23579,22938,44,-6,979,
39271833,23591,22938,45,-6,979,
39271838,23600,22931,45,-6,979,
39271843,23608,22931,45,-6,979,
39271848,23608,22931,44,-6,979,
39271853,23621,22931,44,-6,979,
39271858,23621,22931,44,-6,978,
39271863,23630,22931,44,-6,979,
39271868,23630,22931,44,-6,978,
39271873,23639,22923,44,-6,978,
39271878,23639,22923,44,-6,978,
39271883,23646,22923,44,-6,977,
39271888,23646,22923,44,-6,977,
39271893,23653,22923,44,-6,977,
39271898,23660,22923,44,-6,977,
39271903,23667,22923,44,-6,977,
39271908,23675,22923,44,-6,977,
39271913,23684,22915,44,-6,977,
39271918,23692,22915,44,-6,979,
39271923,23705,22915,44,-6,980,
39271928,23720,22908,44,-6,980,
39271933,23734,22908,44,-6,978,
39271938,23746,22901,44,-6,978,
39271943,23756,22901,44,-6,978,
39271948,23763,22901,44,-6,978,
39271953,23770,22901,44,-6,978,
39271958,23778,22894,44,-6,979,
39271963,23789,22894,44,-6,980,
39271968,23799,22894,44,-6,980,
39271973,23811,22886,44,-6,981,
39271978,23824,22886,44,-6,983,
39271983,23837,22886,44,-6,983,
39271988,23852,22875,44,-6,981,
39271993,23868,22875,44,-6,980,
39271998,23878,22863,44,-6,979,
39272003,23887,22863,44,-6,979,
39272008,23895,22855,44,-6,978,
39272013,23903,22855,42,-5,979,
39272018,23917,22855,42,-5,980,
39272023,23935,22846,41,-6,980,
39272028,23953,22846,41,-6,980,
39272033,23973,22838,41,-6,978,
39272038,23991,22838,41,-6,979,
39272043,24007,22838,41,-5,980,
39272048,24026,22827,41,-5,979,
39272053,24044,22820,41,-5,978,
39272058,24062,22820,41,-5,980,
39272063,24078,22808,41,-5,980,
39272068,24093,22808,41,-5,979,
39272073,24107,22808,41,-5,980,
39272078,24123,22798,41,-5,978,
39272083,24138,22798,41,-5,978,
39272088,24152,22798,41,-5,978,
39272093,24162,22790,41,-5,978,
39272098,24170,22790,41,-5,979,
39272103,24179,22790,41,-5,979,
39272108,24189,22790,41,-5,979,
39272113,24200,22783,41,-5,979,
39272118,24212,22783,41,-3,978,
39272123,24222,22776,41,-3,978,
39272128,24230,22776,41,-3,977,
39272133,24238,22776,41,-3,977,
39272138,24245,22776,41,-3,978,
39272143,24254,22776,41,-3,978,
39272148,24264,22776,41,-3,977,
39272153,24273,22776,41,-3,977,
39272158,24280,22769,41,-3,977,
39272163,24280,22769,41,-3,977,
39272168,24293,22769,41,-3,978,
39272173,24301,22769,41,-3,978,
39272178,24311,22769,41,-3,979,
39272183,24321,22769,41,-3,979,
39272188,24330,22769,40,-3,979,
39272193,24338,22769,40,-3,980,
39272198,24347,22769,38,-4,980,
39272203,24357,22769,38,-4,981,
39272208,24367,22769,38,-4,982,
39272213,24377,22769,38,-4,982,
39272218,24384,22769,38,-4,983,
39272223,24384,22769,38,-4,983,
39272228,24395,22769,38,-4,983,
39272233,24395,22769,38,-4,983,
39272238,24403,22769,38,-4,984,
39272243,24403,22769,38,-4,984,
39272248,24403,22769,38,-4,985,
39272253,24403,22769,38,-4,985,
39272258,24403,22769,38,-4,985,
39272263,24403,22769,38,-4,986,
39272268,24403,22769,38,-4,986,
39272273,24403,22769,38,-4,987,
39272278,24403,22769,38,-4,988,
39272283,24403,22769,38,-4,989,
39272288,24403,22769,38,-4,988,
39272293,24403,22769,38,-4,988,
39272298,24403,22769,38,-4,988,
39272303,24403,22769,38,-4,988,
39272308,24403,22769,38,-4,988,
39272313,24403,22769,38,-4,988,
39272318,24403,22769,38,-4,989,
39272323,24403,22769,38,-4,989,
39272328,24403,22769,38,-4,990,
39272333,24403,22769,38,-4,990,
39272338,24403,22769,38,-4,990,
39272343,24403,22769,38,-4,991,
39272348,24403,22769,38,-4,991,
39272353,24403,22769,38,-4,991,
39272358,24403,22769,38,-4,991,
39272363,24403,22769,38,-4,991,
39272368,24403,22769,38,-4,991,
39272373,24403,22769,38,-4,991,
39272378,24403,22769,38,-4,991,
39272383,24403,22769,38,-4,992,
39272388,24403,22769,38,-4,992,
39272393,24403,22769,38,-4,992,
39272398,24403,22769,38,-4,992,
39272403,24403,22769,38,-4,992,
39272408,24403,22769,38,-4,992,
39272413,24403,22769,38,-4,992,
39272418,24403,22769,38,-4,993,
39272423,24403,22769,38,-4,993,
39272428,24403,22769,38,-4,993,
39272433,24403,22769,38,-4,993,
39272438,24403,22769,38,-4,993,
39272443,24403,22769,38,-4,994,
39272448,24403,22769,38,-4,994,
39272453,24403,22769,38,-4,994,
39272458,24403,22769,38,-4,994,
39272463,24403,22769,38,-4,995,
39272468,24403,22769,38,-4,994,
39272473,24403,22769,38,-4,994,
39272478,24403,22769,38,-4,994,
39272483,24403,22769,38,-4,994,
39272488,24403,22769,38,-4,994,
39272493,24403,22769,38,-4,994,
39272498,24403,22769,38,-4,995,
39272503,24403,22769,38,-4,994,
39272508,24403,22769,38,-4,995,
39272513,24403,22769,38,-4,994,
39272518,24403,22769,38,-4,994,
39272523,24403,22769,38,-4,994,
39272528,24403,22769,38,-4,994,
39272533,24403,22769,38,-4,994,
39272538,24403,22769,38,-4,994,
39272543,24403,22769,38,-4,994,
39272548,24403,22769,38,-4,994,
39272553,24403,22769,38,-4,994,
39272558,24403,22769,38,-4,994,
39272563,24403,22769,38,-4,994,
39272568,24403,22761,38,-4,993,
39272573,24403,22761,38,-4,992,
39272578,24403,22761,38,-4,991,
39272583,24403,22761,38,-4,990,
39272588,24403,22761,38,-4,989,
39272593,24403,22761,38,-4,987,
39272598,24403,22761,38,-4,987,
39272603,24403,22753,38,-4,986,
39272608,24403,22753,38,-4,986,
39272613,24394,22753,38,-4,987,
39272618,24394,22753,38,-4,988,
39272623,24394,22753,38,-6,988,
39272628,24394,22753,38,-6,987,
39272633,24394,22753,38,-6,987,
39272638,24394,22745,36,-6,986,
39272643,24394,22745,36,-6,985,
39272648,24394,22745,35,-6,983,
39272653,24394,22745,35,-6,983,
39272658,24394,22745,35,-6,983,
39272663,24394,22745,36,-7,983,
39272668,24394,22745,36,-7,983,
39272673,24394,22737,36,-7,985,
39272678,24394,22737,36,-7,987,
39272683,24394,22737,36,-7,990,
39272688,24394,22737,36,-7,995,
39272693,24394,22737,36,-9,1001,
39272698,24394,22728,36,-9,1006,
39272703,24394,22728,36,-9,1011,
39272708,24385,22718,36,-9,1016,
39272713,24385,22718,36,-9,1021,
39272718,24385,22705,36,-9,1023,
39272723,24385,22695,36,-9,1023,
39272728,24385,22683,36,-9,1023,
39272733,24374,22666,36,-10,1023,
39272738,24366,22647,36,-10,1023,
39272743,24366,22622,36,-10,1023,
39272748,24351,22590,36,-10,1023,
39272753,24341,22556,36,-10,1023,
39272758,24333,22521,36,-10,1023,
39272763,24320,22489,36,-10,1023,
39272768,24313,22466,36,-10,1023,
39272773,24313,22449,36,-10,1023,
39272778,24306,22437,36,-10,1023,
39272783,24306,22428,36,-10,1023,
39272788,24306,22420,36,-10,1023,
39272793,24306,22410,36,-10,1023,
39272798,24306,22398,36,-10,1023,
39272803,24306,22379,36,-10,1023,
39272808,24313,22355,36,-10,1023,
39272813,24313,22328,36,-10,1023,
39272818,24313,22297,36,-10,1023,
39272823,24302,22264,36,-10,1023,
39272828,24295,22230,36,-10,1023,
39272833,24286,22195,36,-10,1023,
39272838,24279,22160,36,-10,1023,
39272843,24272,22128,36,-10,1023,
39272848,24263,22097,36,-10,1023,
39272853,24255,22066,36,-10,1023,
39272858,24248,22038,36,-10,1023,
39272863,24240,22005,36,-9,1023,
39272868,24231,21969,36,-9,1023,
39272873,24222,21932,36,-9,1023,
39272878,24210,21890,36,-9,1023,
39272883,24199,21847,36,-7,1023,
39272888,24187,21804,36,-7,1023,
39272893,24171,21762,36,-7,1023,
39272898,24158,21725,35,-6,1023,
39272903,24144,21695,35,-6,1023,
39272908,24136,21666,35,-6,1023,
39272913,24127,21637,35,-6,1023,
39272918,24117,21604,35,-5,1023,
39272923,24107,21570,35,-5,1023,
39272928,24095,21537,35,-5,1023,
39272933,24087,21507,35,-5,1023,
39272938,24080,21481,35,-5,1023,
39272943,24080,21459,35,-5,1023,
39272948,24071,21438,35,-5,1023,
39272953,24071,21411,35,-5,1023,
39272958,24062,21375,35,-5,1023,
39272963,24062,21331,35,-6,1023,
39272968,24049,21293,35,-6,1023,
39272973,24049,21265,35,-6,1023,
39272978,24037,21247,35,-6,1023,
39272983,24037,21239,35,-6,1023,
39272988,24037,21227,36,-7,1023,
39272993,24037,21207,36,-7,1023,
39272998,24037,21174,36,-7,1023,
39273003,24037,21132,36,-9,1023,
39273008,24025,21082,36,-9,1023,
39273013,24013,21030,36,-9,1023,
39273018,24000,20983,36,-9,1023,
39273023,23993,20936,36,-9,1023,
39273028,23993,20888,36,-7,1023,
39273033,23977,20835,36,-7,1023,
39273038,23965,20775,36,-7,1023,
39273043,23949,20715,36,-7,1023,
39273048,23936,20658,35,-6,1023,
39273053,23936,20605,35,-6,1023,
39273058,23923,20544,35,-6,1023,
39273063,23912,20481,35,-6,1023,
39273068,23896,20413,35,-5,1023,
39273073,23879,20343,35,-5,1023,
39273078,23869,20280,35,-5,1023,
39273083,23859,20211,35,-3,1023,
39273088,23845,20144,35,-3,1023,
39273093,23830,20082,37,-3,1023,
39273098,23815,20016,37,-3,1023,
39273103,23802,19949,38,-2,1023,
39273108,23786,19875,38,-2,1023,
39273113,23765,19796,38,-2,1023,
39273118,23742,19721,38,-1,1023,
39273123,23723,19652,38,-1,1023,
39273128,23707,19593,38,-1,1023,
39273133,23695,19540,38,0,1023,
39273138,23686,19477,38,0,1023,
39273143,23674,19414,38,0,1023,
39273148,23662,19338,38,0,1023,
39273153,23646,19265,38,0,1023,
39273158,23627,19204,38,0,1023,
39273163,23612,19148,38,0,1023,
39273168,23599,19099,38,-1,1023,
39273173,23591,19044,38,-1,1023,
39273178,23581,18985,38,-1,1023,
39273183,23565,18926,38,-1,1023,
39273188,23548,18870,38,-1,1023,
39273193,23529,18813,40,-1,1023,
39273198,23510,18764,40,-2,1023,
39273203,23497,18717,41,-2,1023,
39273208,23486,18675,41,-2,1023,
39273213,23477,18639,41,-2,1023,
39273218,23477,18608,41,-2,1023,
39273223,23468,18585,41,-3,1023,
39273228,23468,18563,41,-3,1023,
39273233,23468,18539,41,-2,1023,
39273238,23468,18508,41,-2,1023,
39273243,23468,18472,41,-2,1023,
39273248,23468,18432,41,-2,1023,
39273253,23457,18391,41,-1,1023,
39273258,23448,18351,41,-1,1023,
39273263,23440,18309,41,-1,1023,
39273268,23429,18263,41,-1,1023,
39273273,23414,18214,41,-1,1023,
39273278,23397,18162,43,-1,1023,
39273283,23377,18105,43,0,1023,
39273288,23356,18046,44,0,1023,
39273293,23339,17988,44,0,1023,
39273298,23325,17925,44,0,1023,
39273303,23308,17865,44,0,1023,
39273308,23292,17804,44,0,1023,
39273313,23275,17742,44,0,1023,
39273318,23262,17683,43,0,1023,
39273323,23248,17623,43,0,1023,
39273328,23231,17558,41,0,1023,
39273333,23214,17485,41,0,1023,
39273338,23192,17413,40,0,1023,
39273343,23173,17341,40,1,1023,
39273348,23153,17278,38,1,1023,
39273353,23136,17225,37,1,1023,
39273358,23123,17175,37,1,1023,
39273363,23116,17132,36,0,1023,
39273368,23116,17088,36,0,1023,
39273373,23116,17041,34,0,1023,
39273378,23104,16993,34,0,1023,
39273383,23094,16942,33,0,1023,
39273388,23085,16893,31,0,1023,
39273393,23075,16845,31,0,1023,
39273398,23060,16799,31,0,1023,
39273403,23043,16757,31,0,1023,
39273408,23026,16715,31,0,1023,
39273413,23008,16675,33,0,1023,
39273418,22995,16633,33,0,1023,
39273423,22984,16587,33,0,1023,
39273428,22969,16540,33,0,1023,
39273433,22958,16495,33,0,1023,
39273438,22947,16448,33,0,1023,
39273443,22933,16403,33,0,1023,
39273448,22916,16360,33,0,1023,
39273453,22900,16322,33,1,1023,
39273458,22886,16286,33,1,1023,
39273463,22873,16258,34,1,1023,
39273468,22866,16236,34,1,1023,
39273473,22866,16219,36,2,1023,
39273478,22858,16208,36,2,1023,
39273483,22858,16208,36,2,1023,
39273488,22858,16200,36,2,1023,
39273493,22858,16200,35,3,1023,
39273498,22858,16200,35,3,1023,
39273503,22858,16200,35,3,1023,
39273508,22858,16200,35,3,1023,
39273513,22858,16200,35,3,1023,
39273518,22858,16192,35,3,1023,
39273523,22858,16192,35,3,1023,
39273528,22858,16192,35,3,1023,
39273533,22850,16192,35,3,1023,
39273538,22850,16182,35,5,1023,
39273543,22850,16182,35,5,1023,
39273548,22841,16170,37,5,1023,
39273553,22841,16159,37,5,1023,
39273558,22827,16145,38,4,1023,
39273563,22818,16126,38,4,1023,
39273568,22808,16110,38,4,1023,
39273573,22799,16096,38,4,1023,
39273578,22799,16087,38,4,1023,
39273583,22787,16087,38,4,1023,
39273588,22787,16076,38,4,1023,
39273593,22778,16069,38,4,1023,
39273598,22778,16059,38,6,1023,
39273603,22771,16047,38,6,1023,
39273608,22771,16035,38,6,1023,
39273613,22759,16023,38,6,1023,
39273618,22750,16013,38,6,1023,
39273623,22742,16003,38,6,1023,
39273628,22742,15992,38,6,1023,
39273633,22731,15979,38,6,1023,
39273638,22731,15967,38,6,1023,
39273643,22718,15957,38,6,1021,
39273648,22711,15947,38,6,1020,
39273653,22703,15947,38,6,1020,
39273658,22703,15934,38,6,1018,
39273663,22694,15934,38,7,1017,
39273668,22694,15923,38,7,1017,
39273673,22684,15916,38,7,1017,
39273678,22684,15909,38,7,1016,
39273683,22671,15901,38,7,1015,
39273688,22664,15891,38,7,1015,
39273693,22664,15883,38,7,1016,
39273698,22654,15875,38,7,1015,
39273703,22647,15875,38,7,1014,
39273708,22647,15866,38,7,1014,
39273713,22637,15866,38,7,1013,
39273718,22637,15859,38,7,1012,
39273723,22637,15859,38,7,1009,
39273728,22626,15847,38,7,1004,
39273733,22618,15835,38,7,1003,
39273738,22606,15824,38,7,1003,
39273743,22594,15812,38,7,1003,
39273748,22581,15798,38,7,1003,
39273753,22568,15783,38,7,1002,
39273758,22555,15768,38,7,1000,
39273763,22539,15749,39,9,1000,
39273768,22521,15731,40,8,1001,
39273773,22503,15712,40,8,1000,
39273778,22485,15691,42,8,1003,
39273783,22470,15676,42,8,1011,
39273788,22460,15664,42,8,1012,
39273793,22452,15657,42,8,1011,
39273798,22452,15657,42,8,1012,
39273803,22445,15657,42,8,1014,
39273808,22445,15657,42,8,1015,
39273813,22445,15657,42,8,1016,
39273818,22445,15650,41,10,1016,
39273823,22445,15650,41,10,1017,
39273828,22445,15650,41,10,1017,
39273833,22436,15650,41,10,1017,
39273838,22436,15650,41,10,1017,
39273843,22436,15650,41,10,1017,
39273848,22436,15641,41,10,1017,
39273853,22429,15641,41,10,1017,
39273858,22429,15641,41,10,1017,
39273863,22429,15641,41,10,1018,
39273868,22429,15641,41,10,1019,
39273873,22429,15641,41,10,1020,
39273878,22422,15633,41,10,1020,
39273883,22422,15633,41,10,1020,
39273888,22415,15633,41,10,1020,
39273893,22415,15633,41,10,1020,
39273898,22415,15633,41,10,1020,
39273903,22408,15633,41,10,1020,
39273908,22408,15626,41,10,1020,
39273913,22408,15626,41,10,1020,
39273918,22408,15626,41,10,1020,
39273923,22398,15619,41,10,1018,
39273928,22391,15619,41,10,1015,
39273933,22391,15605,41,10,1009,
39273938,22375,15592,41,10,1012,
39273943,22362,15577,41,10,1010,
39273948,22350,15563,41,10,1010,
39273953,22338,15550,41,10,1011,
39273958,22325,15537,41,10,1009,
39273963,22315,15524,41,10,1004,
39273968,22305,15509,41,10,1005,
39273973,22295,15495,41,10,1009,
39273978,22286,15486,41,10,1009,
39273983,22279,15486,41,10,1009,
39273988,22279,15479,41,10,1009,
39273993,22271,15479,41,10,1009,
39273998,22271,15479,41,10,1009,
39274003,22271,15479,41,10,1009,
39274008,22271,15479,41,10,1009,
39274013,22271,15479,41,10,1009,
39274018,22271,15471,41,10,1008,
39274023,22271,15471,41,10,1008,
39274028,22271,15471,41,11,1007,
39274033,22263,15471,41,11,1007,
39274038,22263,15463,41,11,1007,
39274043,22263,15463,41,11,1006,
39274048,22263,15463,41,11,1006,
39274053,22263,15455,41,11,1006,
39274058,22256,15455,41,11,1006,
39274063,22256,15446,41,11,1005,
39274068,22256,15446,41,11,1005,
39274073,22247,15436,41,11,1004,
39274078,22247,15429,41,11,1004,
39274083,22240,15422,41,11,1004,
39274088,22240,15414,41,11,1004,
39274093,22240,15404,41,11,1004,
39274098,22231,15395,41,11,1004,
39274103,22231,15387,41,11,1005,
39274108,22221,15380,41,11,1004,
39274113,22221,15380,41,11,1005,
39274118,22221,15380,41,11,1005,
39274123,22214,15370,41,11,1004,
39274128,22214,15363,41,11,1003,
39274133,22203,15352,41,11,1000,
39274138,22195,15336,41,11,997,
39274143,22185,15317,41,11,999,
39274148,22175,15291,41,12,1000,
39274153,22166,15268,41,11,1000,
39274158,22157,15249,41,11,1000,
39274163,22150,15236,41,11,1000,
39274168,22150,15228,41,10,1002,
39274173,22150,15228,41,10,1002,
39274178,22143,15215,41,10,1002,
39274183,22143,15215,42,8,1001,
39274188,22143,15205,42,8,1000,
39274194,22135,15205,42,8,997,
39274199,22135,15205,41,7,996,
39274204,22135,15205,41,7,994,
39274209,22135,15205,41,6,994,
39274214,22135,15205,41,6,994,
39274219,22135,15198,41,6,994,
39274224,22135,15198,41,5,994,
39274229,22135,15198,41,5,994,
39274234,22135,15198,41,5,994,
39274239,22135,15198,41,5,994,
39274244,22135,15198,41,5,993,
39274249,22135,15191,41,5,993,
39274254,22135,15191,41,5,993,
39274259,22128,15191,41,5,993,
39274264,22128,15191,41,5,993,
39274269,22128,15191,41,5,993,
39274274,22128,15191,41,5,993,
39274279,22128,15191,41,5,993,
39274284,22128,15191,41,5,993,
39274289,22128,15191,41,5,993,
39274294,22128,15191,41,5,993,
39274299,22128,15191,41,5,992,
39274304,22128,15191,41,5,992,
39274309,22128,15191,41,5,991,
39274314,22128,15191,41,5,991,
39274319,22128,15191,41,5,991,
39274324,22128,15191,41,5,990,
39274329,22128,15191,41,5,989,
39274334,22128,15191,41,5,987,
39274339,22128,15191,41,5,984,
39274344,22128,15191,41,5,983,
39274349,22128,15191,41,5,981,
39274354,22128,15191,41,5,979,
39274359,22128,15191,41,5,977,
39274364,22128,15191,41,5,976,
39274369,22128,15191,41,5,976,
39274374,22128,15191,41,5,975,
39274379,22128,15191,41,5,974,
39274384,22128,15191,41,5,974,
39274389,22128,15191,41,5,974,
39274394,22128,15191,41,5,974,
39274399,22128,15191,41,5,973,
39274404,22128,15191,41,5,972,
39274409,22128,15191,41,5,971,
39274414,22128,15191,41,5,971,
39274419,22128,15191,41,5,971,
39274424,22128,15191,41,5,970,
39274429,22128,15191,41,5,969,
39274434,22128,15191,41,5,968,
39274439,22128,15198,41,5,968,
39274444,22128,15198,41,5,968,
39274449,22128,15198,41,5,968,
39274454,22128,15198,41,5,969,
39274459,22128,15198,41,5,969,
39274464,22128,15198,41,5,971,
39274469,22128,15198,41,5,971,
39274474,22128,15198,41,5,974,
39274479,22128,15198,41,5,976,
39274484,22128,15198,41,5,977,
39274489,22128,15198,41,5,979,
39274494,22128,15198,41,5,981,
39274499,22128,15198,41,5,983,
39274504,22128,15198,41,5,986,
39274509,22128,15198,41,5,989,
39274514,22128,15198,41,5,991,
39274519,22128,15198,41,5,996,
39274524,22121,15198,41,5,999,
39274529,22121,15206,41,5,1003,
39274534,22121,15206,41,5,1007,
39274539,22121,15206,41,5,1012,
39274544,22112,15206,41,5,1013,
39274549,22105,15206,41,5,1013,
39274554,22094,15206,41,5,1011,
39274559,22079,15206,41,5,1012,
39274564,22058,15206,41,5,1012,
39274569,22034,15214,41,5,1003,
39274574,22004,15214,41,5,992,
39274579,21971,15221,41,5,1001,
39274584,21942,15221,41,5,1012,
39274589,21917,15221,41,5,1011,
39274594,21899,15221,41,5,1011,
39274599,21885,15221,41,5,1013,
39274604,21868,15221,41,3,1012,
39274609,21845,15221,41,3,1007,
39274614,21816,15221,42,3,1010,
39274619,21784,15221,42,3,1013,
39274624,21755,15221,44,3,1013,
39274629,21731,15221,44,3,1012,
39274634,21707,15228,44,3,1003,
39274639,21680,15228,44,3,989,
39274644,21647,15228,44,3,990,
39274649,21613,15236,44,3,1012,
39274654,21581,15236,44,3,1009,
39274659,21554,15236,44,3,1005,
39274664,21531,15228,44,3,1008,
39274669,21509,15228,44,3,1014,
39274674,21489,15228,44,3,1015,
39274679,21470,15228,44,3,1014,
39274684,21450,15228,44,3,1014,
39274689,21432,15228,44,2,1014,
39274694,21415,15228,44,2,1019,
39274699,21401,15228,45,2,1020,
39274704,21392,15228,45,2,1020,
39274709,21392,15228,47,2,1020,
39274714,21382,15228,47,2,1023,
39274719,21382,15228,47,2,1023,
39274724,21382,15228,47,2,1023,
39274729,21382,15228,47,2,1023,
39274734,21373,15228,47,2,1023,
39274739,21373,15228,47,2,1023,
39274744,21366,15228,47,2,1023,
39274749,21366,15228,47,2,1023,
39274754,21366,15228,47,2,1023,
39274759,21355,15228,47,2,1023,
39274764,21346,15228,47,2,1023,
39274769,21328,15228,47,2,1023,
39274774,21310,15235,47,2,1023,
39274779,21292,15235,47,2,1023,
39274784,21272,15235,47,2,1023,
39274789,21252,15235,47,2,1023,
39274794,21228,15235,47,2,1020,
39274799,21194,15235,47,2,1017,
39274804,21160,15235,47,2,1017,
39274809,21122,15244,45,2,1010,
39274814,21081,15244,45,2,989,
39274819,21045,15244,44,2,997,
39274824,21006,15244,44,2,1006,
39274829,20971,15244,44,2,1009,
39274834,20942,15244,44,2,1005,
39274839,20915,15244,42,2,1004,
39274844,20894,15244,42,2,1006,
39274849,20876,15244,41,2,1006,
39274854,20860,15251,41,2,1005,
39274859,20845,15251,41,2,1003,
39274864,20832,15258,41,2,1004,
39274869,20821,15258,40,2,1000,
39274874,20814,15258,40,2,1000,
39274879,20814,15258,38,2,1001,
39274884,20805,15258,38,2,997,
39274889,20805,15258,38,2,999,
39274894,20798,15265,38,2,995,
39274899,20798,15265,38,2,995,
39274904,20798,15265,38,4,994,
39274909,20798,15265,40,3,994,
39274914,20798,15265,40,3,993,
39274919,20798,15265,41,3,994,
39274924,20789,15265,41,3,990,
39274929,20789,15265,41,3,992,
39274934,20789,15265,41,3,991,
39274939,20782,15265,41,3,988,
39274944,20782,15265,41,3,986,
39274949,20775,15265,41,3,985,
39274954,20768,15265,41,3,977,
39274959,20760,15258,41,3,971,
39274964,20753,15258,41,3,965,
39274969,20742,15258,41,3,953,
39274974,20727,15258,41,2,939,
39274979,20709,15258,41,2,936,
39274984,20689,15258,41,2,931,
39274989,20670,15258,41,2,929,
39274994,20654,15250,41,2,931,
39274999,20642,15250,41,2,931,
39275004,20634,15250,41,2,932,
39275009,20627,15250,41,2,931,
39275014,20618,15250,41,1,929,
39275019,20609,15241,41,1,919,
39275024,20597,15241,41,1,914,
39275029,20581,15232,41,1,907,
39275034,20563,15232,43,1,901,
39275039,20546,15224,43,1,901,
39275044,20529,15224,44,2,898,
39275049,20516,15224,44,2,892,
39275054,20507,15224,44,2,886,
39275059,20498,15217,44,2,886,
39275064,20489,15217,44,2,885,
39275069,20480,15217,44,2,882,
39275074,20473,15217,44,2,879,
39275079,20466,15217,44,2,876,
39275084,20466,15217,44,2,874,
39275089,20458,15217,44,2,869,
39275094,20458,15217,44,2,867,
39275099,20444,15217,44,2,865,
39275104,20436,15217,44,2,864,
39275109,20436,15210,44,2,862,
39275114,20426,15210,44,2,862,
39275119,20426,15210,44,2,862,
39275124,20426,15203,44,2,862,
39275129,20419,15203,44,2,862,
39275134,20419,15203,44,2,862,
39275139,20419,15203,44,2,862,
39275144,20419,15203,44,2,862,
39275149,20419,15203,45,2,862,
39275154,20419,15203,45,2,862,
39275159,20419,15203,47,2,862,
39275164,20411,15203,47,2,861,
39275169,20411,15203,47,2,859,
39275174,20411,15203,47,2,857,
39275179,20411,15203,47,2,850,
39275184,20411,15203,47,2,837,
39275189,20411,15203,47,3,819,
39275194,20411,15203,47,3,794,
39275199,20411,15203,47,3,764,
39275204,20411,15203,47,3,728,
39275209,20411,15203,47,3,677,
39275214,20411,15203,47,3,613,
39275219,20411,15203,47,3,523,
39275224,20411,15203,47,3,399,
39275229,20411,15203,47,3,247,
39275234,20418,15203,47,3,60,
39275239,20418,15203,47,3,0,
39275244,20425,15203,47,3,0,
39275249,20425,15187,47,3,0,
39275254,20413,15172,47,3,0,
39275259,20375,15151,47,3,0,
39275264,20322,15128,47,3,0,
39275269,20261,15110,47,2,0,
39275274,20198,15096,48,2,0,
39275279,20136,15082,48,2,0,
39275284,20079,15072,49,0,0,
39275289,20034,15072,51,0,0,
39275294,19996,15072,54,0,0,
39275299,19979,15080,56,0,0,
39275304,19979,15113,59,-2,0,
39275309,19979,15162,63,-2,0,
39275314,20007,15235,66,-1,0,
39275319,20007,15235,66,-1,0,
