43800668,12512,22122,-42,-2,737,
43800673,12505,22122,-41,-3,763,
43800678,12505,22122,-41,-3,792,
43800683,12505,22122,-41,-3,814,
43800688,12505,22122,-41,-5,832,
43800693,12505,22122,-39,-4,850,
43800698,12505,22122,-39,-4,871,
43800703,12505,22122,-38,-4,894,
43800708,12497,22115,-38,-4,915,
43800713,12497,22115,-38,-4,930,
43800718,12497,22115,-38,-4,943,
43800723,12497,22104,-38,-4,958,
43800728,12497,22104,-38,-4,972,
43800733,12497,22090,-38,-4,985,
43800738,12497,22081,-38,-4,995,
43800743,12497,22074,-38,-4,1003,
43800748,12497,22063,-38,-4,1011,
43800753,12497,22050,-38,-4,1018,
43800758,12497,22032,-38,-4,1023,
43800763,12497,22007,-38,-4,1023,
43800768,12497,21980,-38,-4,1023,
43800773,12497,21951,-38,-4,1023,
43800778,12497,21919,-38,-4,1023,
43800783,12490,21881,-38,-4,1023,
43800788,12490,21836,-38,-4,1023,
43800793,12500,21787,-38,-4,1023,
43800798,12500,21734,-38,-2,1023,
43800803,12507,21674,-38,-2,1023,
43800808,12507,21617,-38,-2,1023,
43800813,12514,21560,-38,-1,1023,
43800818,12514,21503,-38,-1,1023,
43800823,12514,21452,-38,-1,1023,
43800828,12514,21394,-38,-1,1023,
43800833,12514,21331,-38,-1,1023,
43800838,12522,21265,-38,-1,1023,
43800843,12522,21200,-38,-1,1023,
43800848,12531,21139,-38,0,1023,
43800853,12531,21075,-38,0,1023,
43800858,12531,21012,-38,0,1023,
43800863,12539,20946,-38,0,1023,
43800868,12539,20885,-38,0,1023,
43800873,12539,20828,-38,0,1023,
43800878,12539,20772,-38,0,1023,
43800883,12539,20711,-38,0,1023,
43800888,12539,20651,-38,0,1023,
43800893,12539,20590,-38,0,1023,
43800898,12539,20529,-38,0,1023,
43800903,12539,20474,-38,0,1023,
43800908,12539,20422,-38,1,1023,
43800913,12539,20373,-38,2,1023,
43800918,12539,20323,-38,2,1023,
43800923,12539,20270,-38,4,1023,
43800928,12547,20210,-38,4,1023,
43800933,12547,20151,-38,4,1023,
43800938,12547,20100,-38,4,1023,
43800943,12554,20058,-38,6,1023,
43800948,12554,20016,-38,6,1023,
43800953,12554,19970,-38,6,1023,
43800958,12563,19918,-38,7,1023,
43800963,12572,19865,-38,7,1023,
43800968,12572,19819,-39,9,1023,
43800973,12580,19776,-39,9,1023,
43800978,12580,19734,-38,10,1023,
43800983,12580,19689,-38,10,1023,
43800988,12580,19643,-38,11,1023,
43800993,12580,19597,-38,11,1023,
43800998,12589,19552,-38,12,1023,
43801003,12589,19509,-38,12,1023,
43801008,12596,19468,-39,14,1023,
43801013,12596,19426,-39,14,1023,
43801018,12603,19387,-39,14,1023,
43801023,12603,19345,-38,15,1023,
43801028,12603,19301,-39,14,1023,
43801033,12603,19261,-39,14,1023,
43801038,12603,19224,-37,14,1023,
43801043,12603,19190,-37,14,1023,
43801048,12603,19151,-35,12,1023,
43801053,12603,19107,-35,12,1023,
43801058,12610,19060,-35,12,1023,
43801063,12617,19013,-35,12,1023,
43801068,12617,18968,-35,11,1023,
43801073,12625,18924,-35,11,1023,
43801078,12625,18876,-35,11,1023,
43801083,12637,18829,-35,11,1023,
43801088,12644,18784,-36,10,1023,
43801093,12644,18737,-36,10,1023,
43801098,12652,18698,-36,10,1023,
43801103,12652,18660,-36,10,1023,
43801108,12652,18619,-36,10,1023,
43801113,12652,18577,-35,11,1023,
43801118,12652,18535,-35,11,1023,
43801123,12652,18495,-35,12,1023,
43801128,12652,18458,-35,12,1023,
43801133,12652,18419,-35,12,1023,
43801138,12642,18372,-36,14,1023,
43801143,12642,18317,-36,14,1023,
43801148,12642,18261,-36,14,1023,
43801153,12642,18214,-35,15,1023,
43801158,12642,18172,-35,15,1023,
43801163,12642,18135,-35,15,1023,
43801168,12642,18094,-35,16,1023,
43801173,12630,18046,-35,16,1023,
43801178,12623,17993,-35,16,1023,
43801183,12623,17942,-35,18,1023,
43801188,12611,17895,-35,18,1023,
43801193,12604,17851,-35,18,1023,
43801198,12604,17806,-35,19,1023,
43801203,12593,17757,-35,19,1023,
43801208,12593,17704,-35,19,1023,
43801213,12585,17643,-36,20,1023,
43801218,12585,17576,-36,20,1023,
43801223,12578,17512,-35,22,1023,
43801228,12578,17455,-35,22,1023,
43801233,12571,17410,-34,23,1023,
43801238,12564,17369,-34,23,1023,
43801243,12552,17319,-34,23,1023,
43801248,12543,17262,-33,24,1023,
43801253,12543,17200,-31,24,1023,
43801258,12536,17141,-31,24,1023,
43801263,12536,17096,-32,23,1023,
43801268,12524,17059,-32,23,1023,
43801273,12512,17024,-32,23,1023,
43801278,12501,16992,-32,23,1023,
43801283,12494,16953,-32,23,1023,
43801288,12487,16912,-32,23,1023,
43801293,12480,16872,-32,23,1023,
43801298,12480,16834,-32,23,1023,
43801303,12468,16800,-32,21,1023,
43801308,12468,16767,-31,22,1023,
43801313,12468,16735,-31,22,1023,
43801318,12457,16700,-29,22,1023,
43801323,12457,16660,-29,22,1023,
43801328,12448,16620,-29,22,1023,
43801334,12448,16581,-29,22,1023,
43801339,12439,16545,-29,22,1023,
43801344,12439,16506,-29,23,1023,
43801349,12431,16466,-29,23,1023,
43801354,12431,16424,-29,23,1023,
43801359,12422,16379,-29,24,1023,
43801364,12422,16333,-29,24,1023,
43801369,12422,16289,-29,24,1023,
43801374,12422,16243,-29,24,1023,
43801379,12414,16204,-29,26,1023,
43801384,12414,16169,-29,26,1023,
43801389,12414,16134,-29,26,1023,
43801394,12414,16098,-29,26,1023,
43801399,12414,16057,-28,27,1023,
43801404,12414,16017,-28,27,1023,
43801409,12406,15979,-28,27,1023,
43801414,12399,15945,-28,27,1023,
43801419,12399,15918,-27,28,1023,
43801424,12399,15898,-27,28,1023,
43801429,12399,15878,-26,29,1023,
43801434,12399,15851,-26,29,1023,
43801439,12406,15820,-26,29,1023,
43801444,12406,15782,-26,30,1023,
43801449,12406,15743,-26,30,1023,
43801454,12406,15703,-26,30,1023,
43801459,12399,15663,-26,30,1023,
43801464,12399,15626,-26,30,1023,
43801469,12399,15590,-26,30,1023,
43801474,12399,15557,-26,30,1023,
43801479,12392,15526,-26,32,1023,
43801484,12392,15499,-26,32,1023,
43801489,12384,15478,-26,32,1023,
43801494,12384,15460,-26,32,1023,
43801499,12384,15443,-26,32,1023,
43801504,12384,15425,-26,33,1023,
43801509,12384,15403,-26,33,1023,
43801514,12384,15376,-26,33,1023,
43801519,12384,15347,-26,33,1023,
43801524,12367,15314,-24,33,1023,
43801529,12356,15281,-24,33,1023,
43801534,12356,15251,-23,34,1023,
43801539,12356,15227,-23,34,1023,
43801544,12356,15210,-23,34,1023,
43801549,12363,15194,-23,34,1023,
43801554,12363,15175,-23,34,1023,
43801559,12363,15151,-23,34,1023,
43801564,12363,15117,-23,34,1023,
43801569,12363,15085,-23,34,1023,
43801574,12349,15055,-23,34,1023,
43801579,12349,15029,-23,34,1023,
43801584,12349,15008,-23,32,1023,
43801589,12357,14986,-23,32,1023,
43801594,12357,14963,-23,32,1023,
43801599,12357,14934,-23,31,1023,
43801604,12357,14898,-23,31,1023,
43801609,12357,14861,-23,31,1023,
43801614,12350,14825,-22,31,1023,
43801619,12350,14792,-22,29,1023,
43801624,12350,14760,-20,29,1023,
43801629,12342,14727,-20,29,1023,
43801634,12335,14683,-20,29,1023,
43801639,12335,14636,-20,29,1023,
43801644,12324,14596,-20,29,1023,
43801649,12324,14566,-20,29,1023,
43801654,12324,14549,-20,29,1023,
43801659,12324,14535,-20,31,1023,
43801664,12324,14520,-20,31,1023,
43801669,12324,14501,-20,31,1023,
43801674,12324,14481,-20,31,1023,
43801679,12324,14461,-21,32,1023,
43801684,12317,14442,-21,32,1023,
43801689,12317,14424,-21,32,1023,
43801694,12317,14402,-21,32,1023,
43801699,12317,14377,-21,32,1023,
43801704,12310,14351,-21,32,1023,
43801709,12310,14323,-21,32,1023,
43801714,12310,14296,-21,34,1023,
43801719,12300,14271,-21,34,1023,
43801724,12300,14246,-21,34,1023,
43801729,12300,14222,-21,34,1023,
43801734,12300,14200,-21,34,1023,
43801739,12300,14176,-21,34,1023,
43801744,12293,14149,-21,34,1023,
43801749,12293,14120,-21,34,1023,
43801754,12282,14092,-19,33,1023,
43801759,12282,14067,-19,33,1023,
43801764,12274,14048,-18,34,1023,
43801769,12274,14029,-18,34,1023,
43801774,12283,14009,-18,35,1023,
43801779,12283,13991,-18,35,1023,
43801784,12283,13973,-18,35,1023,
43801789,12283,13960,-18,35,1023,
43801794,12283,13946,-18,35,1023,
43801799,12283,13934,-18,35,1023,
43801804,12283,13923,-18,35,1023,
43801809,12283,13912,-18,35,1023,
43801814,12275,13905,-18,35,1023,
43801819,12275,13897,-18,35,1023,
43801824,12275,13890,-18,35,1023,
43801829,12261,13880,-18,35,1023,
43801834,12248,13865,-18,35,1023,
43801839,12235,13848,-18,35,1023,
43801844,12225,13835,-18,35,1023,
43801849,12225,13835,-18,35,1023,
43801854,12237,13827,-18,35,1023,
43801859,12247,13827,-16,35,1023,
43801864,12254,13827,-16,35,1023,
43801869,12254,13827,-15,35,1023,
43801874,12254,13827,-15,35,1023,
43801879,12254,13827,-15,35,1023,
43801884,12254,13827,-15,35,1023,
43801889,12254,13827,-15,35,1023,
43801894,12254,13827,-15,35,1023,
43801899,12254,13827,-15,33,1023,
43801904,12254,13827,-15,33,1023,
43801909,12254,13827,-15,33,1023,
43801914,12261,13827,-15,33,1023,
43801919,12261,13827,-15,33,1023,
43801924,12261,13827,-15,33,1023,
43801929,12261,13827,-15,33,1023,
43801934,12261,13827,-15,33,1023,
43801939,12261,13827,-15,33,1023,
43801944,12261,13827,-15,32,1023,
43801949,12269,13827,-15,32,1023,
43801954,12269,13827,-15,32,1023,
43801959,12277,13827,-15,32,1023,
43801964,12277,13827,-15,32,1023,
43801969,12287,13827,-15,32,1023,
43801974,12294,13827,-15,32,1023,
43801979,12294,13827,-15,32,1023,
43801984,12306,13827,-15,32,1023,
43801989,12313,13827,-15,32,1023,
43801994,12324,13827,-15,32,1023,
43801999,12337,13827,-15,32,1023,
43802004,12349,13819,-15,32,1023,
43802009,12362,13819,-15,32,1023,
43802014,12376,13819,-15,32,1023,
43802019,12392,13819,-15,32,1023,
43802024,12408,13809,-15,32,1023,
43802029,12425,13809,-15,32,1023,
43802034,12438,13809,-15,32,1023,
43802039,12451,13809,-15,32,1023,
43802044,12468,13801,-15,32,1023,
43802049,12492,13801,-15,32,1023,
43802054,12523,13794,-15,32,1023,
43802059,12558,13794,-15,32,1023,
43802064,12596,13794,-15,32,1023,
43802069,12633,13802,-15,32,1023,
43802074,12671,13802,-15,32,1023,
43802079,12709,13802,-15,32,1023,
43802084,12745,13802,-15,32,1023,
43802089,12781,13789,-15,32,1023,
43802094,12820,13782,-15,32,1023,
43802099,12858,13774,-15,32,1023,
43802104,12896,13765,-17,33,1023,
43802109,12936,13755,-17,33,1023,
43802114,12977,13748,-18,32,1023,
43802119,13025,13740,-18,32,1023,
43802124,13081,13740,-17,31,1023,
43802129,13141,13740,-17,31,1023,
43802134,13198,13740,-15,30,1023,
43802139,13245,13733,-15,30,1023,
43802144,13284,13733,-14,31,1023,
43802149,13323,13721,-14,31,1023,
43802154,13371,13721,-13,31,1023,
43802159,13434,13721,-13,31,1023,
43802164,13504,13714,-13,31,1023,
43802169,13566,13714,-11,31,1023,
43802174,13630,13703,-11,31,1023,
43802179,13698,13703,-10,31,1023,
43802184,13765,13689,-10,31,1023,
43802189,13836,13678,-10,31,1023,
43802194,13898,13658,-9,32,1023,
43802199,13952,13634,-9,32,1023,
43802204,14004,13614,-9,32,1023,
43802209,14065,13594,-9,32,1023,
43802214,14131,13579,-10,31,1023,
43802219,14200,13569,-10,31,1023,
43802224,14273,13559,-10,31,1023,
43802229,14348,13552,-11,29,1023,
43802234,14420,13545,-11,29,1023,
43802239,14488,13537,-13,30,1023,
43802244,14553,13525,-13,30,1023,
43802249,14610,13511,-13,30,1023,
43802254,14668,13496,-13,30,1023,
43802259,14724,13484,-14,29,1023,
43802264,14781,13474,-14,29,1023,
43802269,14836,13474,-15,30,1023,
43802274,14891,13463,-15,30,1023,
43802279,14945,13463,-15,30,1023,
43802284,15004,13455,-17,31,1023,
43802289,15059,13455,-17,31,1023,
43802294,15106,13455,-18,31,1023,
43802299,15152,13447,-18,31,1023,
43802304,15189,13447,-18,31,1023,
43802309,15233,13436,-17,31,1023,
43802314,15289,13436,-17,31,1023,
43802319,15348,13436,-15,30,1023,
43802324,15411,13425,-15,30,1023,
43802329,15473,13413,-15,30,1023,
43802334,15531,13396,-15,30,1023,
43802339,15583,13383,-15,30,1023,
43802344,15631,13369,-14,31,1023,
43802349,15678,13360,-14,31,1023,
43802354,15721,13353,-13,31,1023,
43802359,15764,13343,-13,31,1023,
43802364,15804,13343,-13,31,1023,
43802369,15843,13333,-13,31,1023,
43802374,15886,13333,-13,31,1023,
43802379,15933,13324,-13,31,1023,
43802384,15986,13316,-13,31,1023,
43802389,16035,13306,-13,31,1023,
43802394,16082,13306,-13,31,1023,
43802399,16124,13296,-14,31,1023,
43802404,16160,13296,-14,31,1023,
43802409,16196,13287,-15,30,1023,
43802414,16227,13280,-15,30,1023,
43802419,16261,13273,-15,30,1023,
43802424,16300,13273,-15,30,1023,
43802429,16342,13264,-15,30,1023,
43802434,16383,13264,-17,31,1023,
43802439,16419,13254,-17,33,1023,
43802444,16444,13247,-18,32,1023,
43802449,16468,13247,-18,32,1023,
43802454,16496,13237,-18,32,1023,
43802459,16534,13237,-18,32,1023,
43802464,16578,13230,-18,32,1023,
43802469,16622,13230,-18,32,1023,
43802474,16662,13216,-18,32,1023,
43802479,16698,13206,-18,32,1023,
43802484,16736,13194,-18,32,1023,
43802489,16778,13184,-19,32,1023,
43802494,16822,13177,-19,32,1023,
43802499,16862,13169,-21,32,1023,
43802504,16896,13161,-21,32,1023,
43802509,16931,13161,-21,32,1023,
43802514,16974,13150,-21,34,1023,
43802519,17019,13150,-21,33,1023,
43802524,17065,13137,-21,33,1023,
43802529,17098,13125,-23,34,1023,
43802534,17117,13115,-23,32,1023,
43802539,17131,13107,-23,32,1023,
43802544,17144,13107,-23,31,1023,
43802549,17169,13100,-25,31,1023,
43802554,17196,13100,-24,29,1023,
43802559,17230,13089,-24,29,1023,
43802564,17271,13089,-25,27,1023,
43802569,17315,13076,-24,28,1023,
43802574,17365,13064,-24,26,1023,
43802579,17413,13053,-23,25,1023,
43802584,17460,13044,-23,25,1023,
43802589,17501,13034,-22,24,1023,
43802594,17534,13027,-21,23,1023,
43802599,17564,13027,-21,23,1023,
43802604,17589,13018,-21,21,1023,
43802609,17616,13018,-21,21,1023,
43802614,17651,13018,-19,21,1023,
43802619,17693,13008,-19,21,1023,
43802624,17736,13008,-19,22,1023,
43802629,17777,12996,-19,22,1023,
43802634,17815,12989,-19,22,1023,
43802639,17853,12989,-19,22,1023,
43802644,17893,12979,-19,22,1023,
43802649,17935,12979,-19,21,1023,
43802654,17975,12965,-19,21,1023,
43802659,18014,12958,-21,21,1023,
43802664,18049,12958,-21,21,1023,
43802669,18081,12948,-21,21,1023,
43802674,18108,12948,-23,21,1023,
43802679,18133,12938,-23,21,1023,
43802684,18163,12938,-24,20,1023,
43802689,18201,12928,-24,20,1023,
43802694,18241,12928,-24,20,1023,
43802699,18280,12919,-24,20,1023,
43802704,18318,12919,-24,20,1023,
43802709,18358,12919,-25,23,1023,
43802714,18403,12912,-25,23,1023,
43802719,18449,12912,-26,22,1023,
43802724,18494,12912,-26,22,1023,
43802729,18532,12912,-26,22,1023,
43802734,18564,12905,-26,22,1023,
43802739,18594,12905,-26,22,1023,
43802744,18625,12905,-26,22,1023,
43802749,18664,12905,-26,22,1023,
43802754,18709,12905,-28,21,1023,
43802759,18749,12905,-28,21,1023,
43802764,18783,12905,-29,20,1023,
43802769,18809,12898,-29,20,1023,
43802774,18829,12898,-29,20,1023,
43802779,18861,12885,-29,20,1023,
43802784,18900,12878,-29,20,1023,
43802789,18940,12869,-29,20,1023,
43802794,18973,12860,-29,20,1023,
43802799,19004,12860,-31,20,1023,
43802804,19033,12860,-31,20,1023,
43802809,19067,12860,-32,21,1023,
43802814,19106,12860,-32,21,1023,
43802819,19144,12848,-32,21,1023,
43802824,19183,12839,-32,21,1023,
43802829,19220,12832,-34,21,1023,
43802834,19261,12832,-34,21,1023,
43802839,19307,12832,-36,20,1023,
43802844,19350,12832,-36,20,1023,
43802849,19392,12832,-36,20,1023,
43802854,19432,12832,-34,21,1023,
43802859,19473,12823,-34,21,1023,
43802864,19520,12823,-32,21,1023,
43802869,19569,12816,-32,21,1023,
43802874,19624,12816,-32,21,1023,
43802879,19675,12803,-32,21,1023,
43802884,19717,12803,-32,21,1023,
43802889,19756,12796,-32,21,1023,
43802894,19792,12796,-32,21,1023,
43802899,19834,12788,-32,21,1023,
43802904,19886,12780,-32,21,1023,
43802909,19943,12770,-32,21,1023,
43802914,20001,12758,-31,22,1023,
43802919,20059,12750,-31,22,1023,
43802924,20115,12750,-31,22,1023,
43802929,20165,12750,-31,22,1023,
43802934,20211,12750,-32,21,1023,
43802939,20252,12750,-32,21,1023,
43802944,20282,12741,-33,21,1023,
43802949,20303,12741,-34,21,1023,
43802954,20322,12741,-36,20,1023,
43802959,20339,12741,-36,20,1023,
43802964,20361,12741,-36,20,1023,
43802969,20391,12730,-36,20,1023,
43802974,20421,12721,-36,20,1023,
43802979,20455,12710,-36,20,1023,
43802984,20495,12697,-38,20,1023,
43802989,20533,12683,-38,20,1023,
43802994,20572,12668,-38,20,1023,
43802999,20608,12654,-38,20,1023,
43803004,20642,12643,-38,22,1023,
43803009,20680,12628,-38,22,1023,
43803014,20714,12616,-38,22,1023,
43803019,20746,12603,-38,22,1023,
43803024,20774,12590,-38,22,1023,
43803029,20802,12576,-38,21,1023,
43803034,20833,12562,-38,21,1023,
43803039,20866,12548,-40,21,1023,
43803044,20901,12533,-41,22,1023,
43803049,20930,12521,-41,22,1023,
43803054,20957,12512,-41,22,1023,
43803059,20982,12502,-41,22,1023,
43803064,21010,12491,-41,22,1023,
43803069,21041,12477,-41,22,1023,
43803074,21076,12463,-41,22,1023,
43803079,21104,12450,-41,22,1023,
43803084,21130,12440,-40,24,1023,
43803089,21150,12431,-42,24,1023,
43803094,21167,12421,-42,24,1023,
43803099,21187,12410,-43,24,1023,
43803104,21206,12402,-43,24,1023,
43803109,21223,12394,-43,24,1023,
43803114,21241,12394,-43,24,1023,
43803119,21258,12387,-43,24,1023,
43803124,21274,12380,-43,24,1023,
43803129,21293,12380,-43,24,1023,
43803134,21312,12369,-43,24,1023,
43803139,21334,12369,-43,24,1023,
43803144,21356,12369,-44,23,1023,
43803149,21384,12361,-44,23,1023,
43803154,21412,12361,-45,23,1023,
43803159,21437,12361,-44,23,1023,
43803164,21461,12361,-44,23,1023,
43803169,21481,12361,-43,24,1023,
43803174,21507,12354,-43,24,1023,
43803179,21532,12354,-43,24,1023,
43803184,21557,12342,-42,24,1023,
43803189,21583,12342,-41,25,1023,
43803194,21606,12332,-40,25,1023,
43803199,21632,12332,-40,25,1023,
43803204,21657,12320,-40,25,1023,
43803209,21677,12320,-40,25,1023,
43803214,21692,12310,-40,25,1023,
43803219,21701,12310,-39,25,1023,
43803224,21701,12310,-39,25,1023,
43803229,21713,12310,-37,25,1023,
43803234,21713,12310,-37,25,1023,
43803239,21713,12310,-37,25,1023,
43803244,21713,12310,-37,25,1023,
43803249,21713,12310,-37,25,1023,
43803254,21713,12310,-37,25,1023,
43803259,21713,12310,-37,25,1023,
43803264,21713,12310,-37,26,1023,
43803269,21713,12310,-38,27,1023,
43803274,21713,12310,-38,27,1023,
43803279,21713,12310,-40,27,1023,
43803284,21713,12310,-40,27,1023,
43803289,21713,12310,-40,27,1023,
43803294,21713,12310,-40,27,1023,
43803299,21713,12310,-40,27,1023,
43803304,21713,12310,-40,27,1023,
43803309,21713,12310,-40,27,1023,
43803314,21713,12310,-40,27,1023,
43803319,21713,12310,-40,27,1023,
43803324,21713,12310,-40,27,1023,
43803329,21713,12310,-40,27,1023,
43803334,21713,12310,-40,27,1023,
43803339,21713,12310,-40,27,1023,
43803344,21713,12310,-40,27,1023,
43803349,21713,12310,-40,27,1023,
43803354,21713,12310,-40,27,1023,
43803359,21713,12310,-40,27,1023,
43803364,21713,12310,-40,27,1016,
43803369,21713,12319,-40,27,1009,
43803374,21713,12319,-40,27,1000,
43803379,21713,12319,-40,27,993,
43803384,21713,12319,-40,27,989,
43803389,21706,12332,-40,27,986,
43803394,21706,12340,-40,27,983,
43803399,21706,12353,-40,27,980,
43803404,21706,12372,-40,25,978,
43803409,21699,12395,-40,25,978,
43803414,21699,12424,-40,25,978,
43803419,21690,12456,-40,25,972,
43803424,21690,12488,-40,25,971,
43803429,21681,12519,-40,25,966,
43803434,21681,12549,-40,25,966,
43803439,21668,12583,-40,25,966,
43803444,21668,12621,-40,25,965,
43803449,21660,12670,-40,25,966,
43803454,21660,12722,-40,24,963,
43803459,21660,12774,-40,24,962,
43803464,21660,12829,-40,24,963,
43803469,21660,12888,-40,24,965,
43803474,21660,12949,-41,22,965,
43803479,21660,13018,-41,22,965,
43803484,21660,13083,-41,22,963,
43803489,21671,13143,-40,21,959,
43803494,21671,13200,-40,21,959,
43803499,21680,13257,-40,21,962,
43803504,21680,13319,-40,21,961,
43803509,21693,13378,-40,21,959,
43803514,21701,13437,-40,21,957,
43803519,21701,13502,-40,21,954,
43803524,21710,13567,-40,21,947,
43803529,21710,13638,-40,21,944,
43803534,21710,13717,-40,21,943,
43803539,21717,13795,-40,21,937,
43803544,21717,13881,-40,21,930,
43803549,21717,13970,-40,21,921,
43803554,21717,14056,-40,21,926,
43803559,21710,14145,-40,21,931,
43803564,21710,14225,-40,21,929,
43803569,21701,14302,-40,21,931,
43803574,21701,14379,-40,21,934,
43803579,21690,14449,-41,20,940,
43803584,21690,14514,-41,20,940,
43803589,21690,14577,-41,20,943,
43803594,21683,14631,-41,20,939,
43803599,21683,14683,-40,18,943,
43803604,21683,14742,-40,18,944,
43803609,21683,14804,-40,18,945,
43803614,21683,14875,-40,18,945,
43803619,21673,14945,-40,17,943,
43803624,21673,15020,-40,17,952,
43803629,21659,15101,-40,17,948,
43803634,21659,15178,-40,17,947,
43803639,21649,15253,-40,17,954,
43803644,21649,15316,-40,17,953,
43803649,21649,15366,-40,17,962,
43803654,21649,15418,-40,17,965,
43803659,21649,15474,-40,17,966,
43803664,21649,15533,-40,17,967,
43803669,21649,15595,-40,17,967,
43803674,21649,15651,-40,17,969,
43803679,21649,15707,-40,17,969,
43803684,21649,15765,-40,17,968,
43803689,21649,15828,-40,17,974,
43803694,21649,15901,-40,17,971,
43803699,21649,15974,-40,17,969,
43803704,21649,16048,-40,17,971,
43803709,21641,16119,-40,17,968,
43803714,21641,16187,-40,17,969,
43803719,21641,16254,-40,17,966,
43803724,21641,16322,-40,17,968,
43803729,21641,16392,-41,16,975,
43803734,21641,16457,-41,16,973,
43803739,21641,16517,-41,16,974,
43803744,21641,16573,-41,16,974,
43803749,21641,16616,-41,16,971,
43803754,21641,16647,-41,16,971,
43803759,21654,16681,-41,15,973,
43803764,21654,16722,-41,15,975,
43803769,21654,16775,-41,15,974,
43803774,21654,16839,-41,15,975,
43803779,21654,16897,-41,15,972,
43803784,21654,16939,-40,14,974,
43803789,21654,16976,-40,14,974,
43803794,21654,17021,-40,14,976,
43803799,21654,17081,-41,12,974,
43803804,21654,17154,-41,12,979,
43803809,21646,17227,-41,12,977,
43803814,21646,17294,-41,11,980,
43803819,21637,17345,-42,11,978,
43803824,21637,17388,-42,11,982,
43803829,21637,17432,-44,11,980,
43803835,21637,17473,-44,11,980,
43803840,21637,17520,-44,11,980,
43803845,21630,17566,-44,11,980,
43803850,21630,17617,-44,11,983,
43803855,21622,17670,-44,11,983,
43803860,21622,17721,-44,11,986,
43803865,21622,17778,-44,11,988,
43803870,21612,17830,-44,11,987,
43803875,21612,17884,-44,11,986,
43803880,21603,17940,-44,11,986,
43803885,21603,17992,-44,11,989,
43803890,21603,18035,-44,11,986,
43803895,21603,18073,-44,11,989,
43803900,21603,18109,-42,11,990,
43803905,21603,18153,-43,9,990,
43803910,21603,18207,-41,10,989,
43803915,21603,18259,-41,10,988,
43803920,21610,18300,-42,8,988,
43803925,21610,18326,-42,8,989,
43803930,21622,18352,-42,8,988,
43803935,21622,18389,-42,8,987,
43803940,21633,18441,-42,7,985,
43803945,21633,18504,-42,7,977,
43803950,21641,18555,-43,7,977,
43803955,21641,18597,-43,7,980,
43803960,21641,18644,-44,6,983,
43803965,21641,18692,-44,6,983,
43803970,21641,18751,-44,6,984,
43803975,21641,18808,-44,6,987,
43803980,21641,18850,-44,6,991,
43803985,21641,18884,-44,4,992,
43803990,21641,18913,-44,4,991,
43803995,21641,18949,-44,4,991,
43804000,21651,18990,-44,4,991,
43804005,21651,19038,-44,3,993,
43804010,21651,19097,-44,3,995,
43804015,21651,19160,-44,3,988,
43804020,21651,19223,-44,2,987,
43804025,21659,19274,-44,2,988,
43804030,21659,19318,-44,1,979,
43804035,21668,19367,-44,1,971,
43804040,21668,19426,-44,1,957,
43804045,21668,19495,-44,1,963,
43804050,21668,19556,-44,1,968,
43804055,21668,19600,-44,1,970,
43804060,21668,19632,-44,0,968,
43804065,21668,19657,-44,0,969,
43804070,21677,19680,-44,0,969,
43804075,21677,19701,-44,0,971,
43804080,21677,19720,-44,0,971,
43804085,21685,19741,-44,0,969,
43804090,21685,19770,-44,0,962,
43804095,21697,19799,-44,0,963,
43804100,21697,19829,-44,0,965,
43804105,21697,19855,-44,0,963,
43804110,21708,19879,-44,0,962,
43804115,21716,19911,-44,1,957,
43804120,21716,19949,-44,0,952,
43804125,21726,19985,-44,0,957,
43804130,21734,20024,-44,0,957,
43804135,21741,20063,-45,0,951,
43804140,21752,20097,-45,0,952,
43804145,21761,20135,-47,0,960,
43804150,21761,20169,-47,0,964,
43804155,21770,20205,-47,0,963,
43804160,21770,20246,-47,0,957,
43804165,21782,20289,-47,0,957,
43804170,21789,20324,-47,0,963,
43804175,21789,20352,-47,0,966,
43804180,21797,20376,-47,0,965,
43804185,21797,20400,-47,0,966,
43804190,21797,20430,-47,-2,966,
43804195,21805,20466,-47,-2,964,
43804200,21805,20505,-47,-2,963,
43804205,21805,20548,-47,-3,963,
43804210,21805,20590,-47,-3,963,
43804215,21805,20626,-47,-3,964,
43804220,21812,20660,-47,-3,964,
43804225,21812,20691,-47,-3,964,
43804230,21812,20728,-46,-4,963,
43804235,21820,20769,-46,-4,963,
43804240,21820,20815,-46,-4,962,
43804245,21820,20860,-46,-4,960,
43804250,21820,20901,-46,-5,964,
43804255,21820,20939,-46,-5,966,
43804260,21830,20975,-46,-5,966,
43804265,21830,21014,-46,-5,960,
43804270,21841,21054,-46,-5,960,
43804275,21851,21094,-46,-7,960,
43804280,21858,21131,-46,-7,956,
43804285,21865,21162,-46,-7,954,
43804290,21872,21190,-46,-8,957,
43804295,21872,21217,-46,-8,957,
43804300,21879,21245,-46,-8,954,
43804305,21886,21272,-46,-8,948,
43804310,21893,21301,-47,-10,948,
43804315,21893,21331,-47,-10,948,
43804320,21904,21356,-47,-10,944,
43804325,21904,21380,-47,-10,942,
43804330,21904,21399,-47,-10,942,
43804335,21916,21413,-47,-10,943,
43804340,21916,21423,-46,-12,944,
43804345,21916,21432,-46,-12,945,
43804350,21923,21439,-46,-12,945,
43804355,21923,21439,-46,-12,946,
43804360,21923,21449,-46,-13,946,
43804365,21923,21449,-46,-13,946,
43804370,21923,21449,-46,-13,946,
43804375,21923,21460,-46,-13,945,
43804380,21923,21460,-46,-13,945,
43804385,21923,21469,-47,-14,945,
43804390,21923,21469,-47,-14,944,
43804395,21923,21469,-47,-14,943,
43804400,21923,21469,-47,-14,943,
43804405,21923,21469,-46,-14,942,
43804410,21923,21469,-46,-14,942,
43804415,21923,21469,-46,-14,941,
43804420,21923,21469,-45,-15,940,
43804425,21923,21469,-45,-15,937,
43804430,21923,21469,-45,-15,934,
43804435,21923,21469,-45,-15,933,
43804440,21923,21469,-45,-15,929,
43804445,21923,21469,-45,-15,925,
43804450,21923,21469,-45,-15,922,
43804455,21915,21469,-45,-15,918,
43804460,21915,21469,-45,-15,914,
43804465,21902,21477,-45,-15,908,
43804470,21895,21477,-45,-15,899,
43804475,21885,21477,-45,-15,895,
43804480,21872,21477,-45,-15,895,
43804485,21856,21486,-45,-15,896,
43804490,21835,21486,-45,-15,896,
43804495,21808,21493,-45,-15,902,
43804500,21779,21493,-45,-15,908,
43804505,21744,21500,-45,-15,910,
43804510,21705,21507,-45,-15,908,
43804515,21668,21507,-45,-15,905,
43804520,21632,21515,-45,-15,905,
43804525,21601,21515,-46,-17,904,
43804530,21572,21515,-46,-17,904,
43804535,21538,21515,-45,-17,909,
43804540,21503,21515,-45,-17,913,
43804545,21466,21515,-43,-17,913,
43804550,21425,21523,-43,-17,922,
43804555,21385,21523,-43,-18,939,
43804560,21347,21533,-45,-18,934,
43804565,21307,21533,-45,-18,938,
43804570,21270,21533,-46,-18,954,
43804575,21234,21541,-46,-18,951,
43804580,21197,21541,-46,-18,951,
43804585,21165,21541,-46,-18,953,
43804590,21136,21541,-46,-17,951,
43804595,21106,21550,-46,-17,952,
43804600,21075,21550,-46,-17,971,
43804605,21036,21557,-47,-15,989,
43804610,20995,21557,-47,-15,988,
43804615,20957,21557,-48,-15,987,
43804620,20920,21565,-49,-14,989,
43804625,20889,21565,-49,-14,988,
43804630,20859,21572,-49,-13,986,
43804635,20828,21572,-49,-13,986,
43804640,20795,21572,-49,-13,994,
43804645,20754,21582,-49,-12,1009,
43804650,20709,21582,-49,-12,1008,
43804655,20662,21590,-49,-12,1005,
43804660,20613,21590,-49,-12,1009,
43804665,20571,21601,-49,-12,1009,
43804670,20525,21601,-48,-11,1011,
43804675,20478,21609,-48,-11,1010,
43804680,20436,21609,-47,-10,1009,
43804685,20392,21617,-47,-10,1009,
43804690,20352,21617,-47,-10,1020,
43804695,20312,21629,-47,-10,1017,
43804700,20265,21636,-47,-10,1023,
43804705,20217,21636,-47,-10,1023,
43804710,20172,21646,-47,-10,1023,
43804715,20129,21646,-47,-10,1023,
43804720,20090,21654,-47,-10,1023,
43804725,20049,21654,-45,-11,1023,
43804730,20006,21662,-45,-11,1023,
43804735,19962,21662,-44,-11,1023,
43804740,19919,21672,-44,-11,1023,
43804745,19878,21679,-44,-11,1023,
43804750,19831,21686,-44,-11,1023,
43804755,19779,21686,-44,-11,1023,
43804760,19725,21695,-44,-11,1023,
43804765,19667,21695,-42,-11,1023,
43804770,19612,21695,-42,-11,1023,
43804775,19559,21695,-41,-11,1023,
43804780,19509,21695,-41,-11,1023,
43804785,19462,21695,-41,-11,1023,
43804790,19418,21702,-41,-11,1023,
43804795,19378,21702,-41,-11,1023,
43804800,19340,21702,-41,-11,1023,
43804805,19306,21702,-41,-11,1023,
43804810,19273,21702,-41,-11,1023,
43804815,19240,21695,-41,-11,1023,
43804820,19203,21695,-41,-11,1023,
43804825,19163,21695,-41,-11,1023,
43804830,19120,21695,-41,-11,1023,
43804835,19077,21704,-41,-11,1023,
43804840,19031,21704,-42,-11,1023,
43804845,18985,21713,-42,-11,1023,
43804850,18939,21713,-44,-11,1023,
43804855,18891,21720,-44,-11,1023,
43804860,18844,21720,-44,-11,1023,
43804865,18794,21720,-44,-11,1023,
43804870,18739,21720,-44,-10,1023,
43804875,18682,21720,-44,-10,1023,
43804880,18628,21729,-44,-10,1023,
43804885,18571,21729,-44,-10,1023,
43804890,18514,21739,-44,-10,1023,
43804895,18453,21739,-44,-10,1023,
43804900,18387,21750,-44,-10,1023,
43804905,18321,21750,-43,-9,1023,
43804910,18258,21764,-43,-9,1023,
43804915,18197,21773,-41,-10,1023,
43804920,18139,21780,-41,-10,1023,
43804925,18086,21787,-41,-10,1023,
43804930,18040,21787,-41,-10,1023,
43804935,18001,21796,-41,-10,1023,
43804940,17969,21796,-41,-10,1023,
43804945,17937,21803,-41,-10,1023,
43804950,17905,21803,-40,-10,1023,
43804955,17870,21812,-40,-10,1023,
43804960,17831,21812,-38,-10,1023,
43804965,17794,21822,-38,-10,1023,
43804970,17756,21822,-38,-10,1023,
43804975,17715,21833,-38,-10,1023,
43804980,17675,21833,-38,-10,1023,
43804985,17632,21847,-38,-11,1023,
43804990,17588,21847,-37,-11,1023,
43804995,17545,21859,-37,-11,1023,
43805000,17502,21859,-35,-11,1023,
43805005,17460,21871,-35,-11,1023,
43805010,17418,21871,-35,-11,1023,
43805015,17373,21881,-35,-11,1023,
43805020,17325,21881,-34,-11,1023,
43805025,17276,21889,-34,-11,1023,
43805030,17229,21889,-34,-11,1023,
43805035,17182,21898,-34,-11,1023,
43805040,17138,21898,-35,-11,1023,
43805045,17097,21911,-35,-11,1023,
43805050,17061,21911,-35,-11,1023,
43805055,17030,21918,-35,-11,1023,
43805060,17005,21918,-35,-11,1023,
43805065,16981,21918,-37,-11,1023,
43805070,16958,21918,-37,-11,1023,
43805075,16937,21918,-38,-11,1023,
43805080,16914,21918,-38,-11,1023,
43805085,16891,21918,-38,-11,1023,
43805090,16863,21925,-38,-11,1023,
43805095,16832,21925,-40,-11,1023,
43805100,16798,21925,-40,-11,1023,
43805105,16759,21937,-41,-11,1023,
43805110,16721,21937,-41,-11,1023,
43805115,16680,21948,-41,-11,1023,
43805120,16637,21948,-41,-11,1023,
43805125,16598,21959,-40,-11,1023,
43805130,16563,21959,-40,-11,1023,
43805135,16531,21959,-38,-10,1023,
43805140,16501,21959,-38,-10,1023,
43805145,16464,21959,-38,-10,1023,
43805150,16418,21966,-38,-10,1023,
43805155,16373,21966,-38,-11,1023,
43805160,16330,21977,-38,-11,1023,
43805165,16291,21977,-38,-11,1023,
43805170,16255,21977,-38,-11,1023,
43805175,16213,21977,-37,-11,1023,
43805180,16169,21977,-37,-11,1023,
43805185,16124,21986,-35,-11,1023,
43805190,16081,21986,-35,-11,1023,
43805195,16042,21986,-35,-11,1023,
43805200,16007,21993,-35,-11,1023,
43805205,15973,21993,-35,-11,1023,
43805210,15939,22002,-35,-11,1023,
43805215,15907,22002,-35,-11,1023,
43805220,15872,22009,-35,-11,1023,
43805225,15835,22009,-35,-11,1023,
43805230,15798,22009,-35,-11,1023,
43805235,15757,22009,-35,-11,1023,
43805240,15718,22018,-34,-11,1023,
43805245,15683,22018,-34,-11,1023,
43805250,15652,22018,-32,-11,1023,
43805255,15628,22018,-32,-11,1023,
43805260,15609,22027,-32,-11,1023,
43805265,15590,22027,-32,-11,1023,
43805270,15571,22027,-32,-11,1023,
43805275,15549,22034,-32,-11,1023,
43805280,15525,22034,-32,-11,1023,
43805285,15497,22034,-32,-11,1023,
43805290,15472,22045,-31,-11,1023,
43805295,15447,22045,-31,-11,1023,
43805300,15424,22054,-29,-11,1023,
43805305,15403,22054,-29,-11,1023,
43805310,15384,22054,-29,-11,1023,
43805315,15367,22054,-29,-11,1023,
43805320,15353,22062,-29,-11,1023,
43805325,15339,22062,-29,-11,1023,
43805330,15322,22070,-29,-11,1023,
43805335,15301,22070,-29,-11,1023,
43805340,15274,22070,-29,-11,1023,
43805345,15245,22079,-27,-12,1023,
43805350,15219,22079,-27,-12,1023,
43805355,15195,22086,-27,-12,1023,
43805360,15175,22086,-27,-12,1023,
43805365,15152,22086,-27,-12,1023,
43805370,15126,22086,-29,-11,1023,
43805375,15099,22086,-29,-11,1023,
43805380,15070,22094,-29,-11,1023,
43805385,15043,22094,-29,-11,1023,
43805390,15017,22094,-31,-11,1023,
43805395,14990,22094,-31,-11,1023,
43805400,14966,22094,-33,-10,1023,
43805405,14945,22094,-34,-10,1023,
43805410,14924,22094,-34,-10,1023,
43805415,14906,22094,-36,-10,1023,
43805420,14888,22094,-36,-10,1023,
43805425,14867,22094,-37,-10,1023,
43805430,14844,22094,-37,-10,1023,
43805435,14817,22094,-38,-10,1023,
43805440,14790,22094,-38,-10,1023,
43805445,14767,22094,-38,-10,1023,
43805450,14746,22094,-38,-10,1023,
43805455,14729,22094,-38,-10,1023,
43805460,14712,22094,-38,-10,1023,
43805465,14692,22094,-38,-10,1023,
43805470,14669,22094,-38,-10,1023,
43805475,14641,22094,-38,-10,1023,
43805480,14613,22103,-38,-10,1023,
43805485,14590,22103,-38,-10,1023,
43805490,14571,22103,-37,-10,1023,
43805495,14557,22103,-37,-10,1023,
43805500,14543,22103,-36,-10,1023,
43805505,14528,22103,-36,-10,1023,
43805510,14512,22103,-36,-10,1023,
43805515,14496,22103,-36,-10,1023,
43805520,14482,22103,-36,-10,1023,
43805525,14467,22094,-36,-10,1023,
43805530,14446,22094,-36,-10,1023,
43805535,14417,22087,-36,-10,1023,
43805540,14379,22087,-36,-10,1023,
43805545,14339,22087,-36,-10,1023,
43805550,14298,22087,-36,-10,1023,
43805555,14258,22087,-36,-10,1023,
43805560,14220,22087,-36,-10,1023,
43805565,14181,22097,-36,-10,1023,
43805570,14146,22097,-36,-10,1023,
43805575,14117,22097,-34,-10,1023,
43805580,14090,22097,-34,-10,1023,
43805585,14063,22097,-33,-10,1023,
43805590,14033,22097,-33,-10,1023,
43805595,14002,22106,-33,-10,1023,
43805600,13975,22106,-33,-10,1023,
43805605,13949,22106,-33,-10,1023,
43805610,13926,22106,-33,-10,1023,
43805615,13902,22106,-33,-10,1023,
43805620,13873,22114,-33,-10,1023,
43805625,13844,22114,-33,-10,1023,
43805630,13818,22114,-33,-10,1023,
43805635,13796,22114,-33,-10,1023,
43805640,13778,22114,-33,-10,1023,
43805645,13764,22123,-33,-10,1023,
43805650,13749,22123,-33,-10,1023,
43805655,13736,22123,-33,-10,1023,
43805660,13724,22123,-31,-10,1023,
43805665,13711,22123,-31,-10,1023,
43805670,13699,22123,-30,-10,1023,
43805675,13686,22123,-30,-10,1023,
43805680,13673,22123,-30,-10,1023,
43805685,13656,22130,-30,-10,1023,
43805690,13641,22130,-30,-10,1023,
43805695,13621,22130,-30,-10,1023,
43805700,13602,22130,-30,-10,1023,
43805705,13579,22130,-30,-10,1023,
43805710,13558,22140,-30,-10,1023,
43805715,13537,22140,-30,-10,1023,
43805720,13518,22140,-30,-10,1023,
43805725,13501,22140,-30,-10,1023,
43805730,13484,22147,-30,-10,1023,
43805735,13466,22147,-30,-10,1023,
43805740,13446,22147,-30,-10,1023,
43805745,13424,22147,-30,-10,1023,
43805750,13399,22147,-28,-10,1023,
43805755,13375,22157,-28,-10,1023,
43805760,13353,22157,-27,-10,1023,
43805765,13332,22157,-27,-10,1023,
43805770,13307,22165,-27,-10,1023,
43805775,13279,22165,-27,-10,1023,
43805780,13243,22165,-27,-10,1023,
43805785,13204,22174,-27,-10,1023,
43805790,13167,22174,-27,-10,1023,
43805795,13133,22185,-27,-10,1023,
43805800,13104,22185,-25,-10,1023,
43805805,13077,22192,-25,-10,1023,
43805810,13046,22192,-25,-10,1023,
43805815,13017,22202,-25,-10,1023,
43805820,12990,22202,-27,-10,1023,
43805825,12971,22209,-27,-10,1023,
43805830,12956,22209,-28,-10,1023,
43805835,12941,22209,-28,-10,1023,
43805840,12929,22209,-30,-10,1023,
43805845,12913,22209,-29,-11,1023,
43805850,12897,22209,-31,-11,1023,
43805855,12881,22209,-31,-11,1023,
43805860,12864,22209,-32,-11,1023,
43805865,12848,22209,-32,-11,1023,
43805870,12837,22216,-34,-11,1023,
43805875,12837,22216,-34,-11,1023,
43805880,12830,22216,-35,-11,1023,
43805885,12830,22216,-35,-11,1023,
43805890,12830,22216,-36,-10,1023,
43805895,12823,22216,-36,-10,1023,
43805900,12823,22216,-36,-10,1023,
43805905,12816,22216,-36,-10,1023,
43805910,12816,22216,-36,-10,1023,
43805915,12806,22216,-36,-10,1023,
43805920,12795,22216,-36,-10,1023,
43805925,12780,22216,-36,-10,1023,
43805930,12764,22216,-36,-10,1023,
43805935,12752,22216,-36,-10,1023,
43805940,12742,22209,-36,-10,1023,
43805945,12734,22209,-36,-10,1023,
43805950,12724,22209,-36,-10,1023,
43805955,12711,22209,-36,-10,1023,
43805960,12698,22209,-36,-10,1023,
43805965,12684,22209,-36,-10,1023,
43805970,12670,22209,-36,-10,1023,
43805975,12657,22209,-36,-10,1023,
43805980,12647,22209,-36,-10,1023,
43805985,12638,22209,-36,-10,1023,
43805990,12638,22209,-34,-10,1023,
43805995,12629,22209,-34,-10,1023,
43806000,12621,22209,-33,-10,1023,
43806005,12621,22209,-33,-10,1023,
43806010,12609,22209,-33,-10,1023,
43806015,12609,22209,-33,-10,1023,
43806020,12609,22209,-33,-10,1023,
43806025,12600,22209,-33,-10,1023,
43806030,12600,22209,-33,-10,1023,
43806035,12590,22209,-33,-10,1023,
43806040,12590,22209,-33,-10,1023,
43806045,12590,22209,-33,-10,1023,
43806050,12582,22209,-33,-10,1023,
43806055,12582,22209,-33,-10,1023,
43806060,12574,22209,-33,-10,1023,
43806065,12574,22209,-33,-10,1023,
43806070,12564,22209,-33,-10,1023,
43806075,12564,22209,-33,-10,1023,
43806080,12556,22209,-33,-10,1023,
43806085,12556,22209,-33,-10,1023,
43806090,12542,22209,-33,-10,1023,
43806095,12535,22217,-33,-10,1023,
43806100,12535,22217,-33,-10,1023,
43806105,12527,22217,-33,-10,1023,
43806110,12527,22217,-33,-10,1023,
43806115,12527,22217,-33,-10,1023,
43806120,12527,22217,-33,-10,1023,
43806125,12527,22217,-33,-10,1023,
43806130,12527,22217,-33,-10,1023,
43806135,12527,22217,-33,-10,1023,
43806140,12520,22217,-33,-10,1023,
43806145,12520,22217,-33,-10,1023,
43806150,12520,22217,-33,-10,1023,
43806155,12520,22217,-33,-10,1023,
43806160,12520,22217,-33,-10,1023,
43806165,12520,22217,-33,-10,943,
43806170,12520,22217,-33,-10,726,
43806175,12520,22217,-33,-10,363,
43806180,12520,22217,-33,-8,0,
43806185,12560,22217,-33,-8,0,
43806190,12600,22217,-33,-8,0,
43806195,12658,22231,-33,-8,0,
43806200,12729,22260,-34,-9,0,
43806205,12798,22305,-37,-9,0,
43806210,12865,22360,-40,-8,0,
43806215,12920,22429,-43,-9,0,
43806220,12958,22504,-46,-8,0,
43806225,12983,22583,-50,-8,0,
43806230,13000,22674,-55,-7,0,
43806235,13025,22759,-60,-8,0,
43806240,13066,22849,-67,-9,0,
43806245,13119,22943,-72,-10,0,
43806250,13119,22943,-72,-10,0,
43806502,22081,20199,-30,37,0,
43806507,22081,20188,-30,37,0,
43806512,22081,20166,-30,37,0,
43806517,22081,20134,-30,37,0,
43806522,22062,20098,-30,37,0,
43806527,22041,20068,-30,37,0,
43806532,22016,20048,-29,40,0,
43806537,21993,20037,-29,40,0,
43806542,21965,20037,-27,41,0,
43806547,21932,20037,-26,40,0,
43806552,21902,20046,-26,42,0,
43806557,21874,20060,-24,43,0,
43806562,21856,20080,-23,44,0,
43806567,21842,20094,-22,44,0,
43806572,21823,20118,-19,44,0,
43806577,21804,20148,-18,46,0,
43806582,21786,20186,-17,46,0,
43806587,21772,20230,-14,46,0,
43806592,21762,20273,-13,46,0,
43806597,21762,20317,-12,46,0,
43806602,21754,20362,-10,47,0,
43806607,21754,20409,-8,44,0,
43806612,21745,20460,-7,45,0,
43806617,21737,20507,-6,44,0,
43806622,21729,20554,-5,42,0,
43806627,21717,20601,-3,41,0,
43806632,21707,20650,-2,40,0,
43806637,21697,20701,-1,38,0,
43806642,21697,20750,-1,36,0,
43806647,21689,20794,0,34,0,
43806652,21689,20830,0,33,0,
43806657,21689,20860,0,31,0,
43806662,21689,20888,0,30,0,
43806667,21689,20917,0,27,0,
43806672,21689,20942,0,26,0,
43806677,21702,20965,0,25,0,
43806682,21719,20989,0,23,0,
43806687,21737,21014,0,22,0,
43806692,21754,21041,0,20,0,
43806697,21776,21070,0,19,0,
43806702,21800,21097,0,19,0,
43806707,21822,21120,0,18,0,
43806712,21844,21145,0,18,0,
43806717,21855,21171,0,16,0,
43806722,21864,21196,-1,16,0,
43806727,21864,21219,-2,15,0,
43806732,21864,21234,-3,14,0,
43806737,21864,21249,-3,14,0,
43806742,21875,21260,-5,14,0,
43806747,21885,21275,-6,13,0,
43806752,21905,21297,-6,13,0,
43806757,21931,21318,-8,14,0,
43806762,21956,21342,-9,12,0,
43806767,21984,21367,-9,12,0,
43806772,22009,21395,-11,12,0,
43806777,22032,21427,-12,12,0,
43806782,22054,21463,-12,13,0,
43806787,22070,21496,-13,15,0,
43806792,22081,21529,-13,17,0,
43806797,22081,21561,-13,20,0,
43806802,22081,21590,-13,22,0,
43806807,22081,21619,-13,24,0,
43806812,22081,21640,-13,27,0,
43806817,22089,21652,-13,30,0,
43806822,22099,21652,-13,31,0,
43806827,22113,21652,-14,32,0,
43806832,22129,21641,-14,36,0,
43806837,22150,21626,-15,37,0,
43806842,22174,21604,-15,38,0,
43806847,22197,21577,-15,41,0,
43806852,22224,21548,-14,43,0,
43806857,22248,21512,-14,43,0,
43806862,22273,21474,-14,44,0,
43806867,22298,21432,-14,43,0,
43806872,22323,21391,-14,43,0,
43806877,22342,21355,-15,41,0,
43806882,22356,21325,-15,40,0,
43806887,22366,21300,-15,37,0,
43806892,22366,21279,-15,35,0,
43806897,22366,21261,-15,33,0,
43806902,22359,21245,-17,33,0,
43806907,22346,21235,-17,31,0,
43806912,22331,21235,-18,29,0,
43806917,22311,21235,-18,29,0,
43806922,22291,21235,-18,27,0,
43806927,22269,21249,-18,25,0,
43806932,22244,21263,-18,24,0,
43806937,22218,21279,-19,23,0,
43806942,22194,21299,-19,22,0,
43806947,22172,21316,-18,20,0,
43806952,22152,21333,-18,20,0,
43806957,22138,21347,-18,20,0,
43806962,22122,21359,-18,20,0,
43806967,22109,21370,-18,20,0,
43806972,22099,21378,-18,20,0,
43806977,22090,21378,-18,20,0,
43806982,22083,21389,-18,20,0,
43806987,22075,21389,-17,19,0,
43806992,22066,21389,-17,19,0,
43806997,22059,21389,-16,20,0,
43807002,22059,21389,-16,20,0,
43807007,22047,21389,-16,20,0,
43807012,22047,21379,-16,20,0,
43807017,22034,21379,-16,20,0,
43807022,22027,21379,-16,20,0,
43807027,22027,21372,-16,20,0,
43807032,22019,21372,-16,20,0,
43807037,22019,21372,-16,20,0,
43807042,22007,21372,-16,20,0,
43807047,21999,21372,-16,20,0,
43807052,21999,21380,-16,20,0,
43807057,21999,21380,-16,20,0,
43807062,21999,21380,-16,20,0,
43807067,21991,21380,-16,20,0,
43807072,21991,21380,-16,20,0,
43807077,21982,21387,-16,20,0,
43807082,21982,21387,-16,22,0,
43807087,21982,21387,-16,22,0,
43807092,21973,21387,-14,21,0,
43807097,21973,21387,-14,21,0,
43807103,21973,21387,-13,22,0,
43807108,21973,21387,-13,22,0,
43807113,21973,21387,-13,22,0,
43807118,21973,21387,-13,22,0,
43807123,21973,21387,-13,22,0,
43807128,21973,21387,-13,22,0,
43807133,21973,21396,-13,22,0,
43807138,21984,21396,-13,22,0,
43807143,21984,21396,-13,22,0,
43807148,21991,21407,-13,22,0,
43807153,21991,21407,-13,22,0,
43807158,21991,21418,-13,22,0,
43807163,21991,21418,-13,22,0,
43807168,21991,21418,-13,22,0,
43807173,21991,21426,-13,24,0,
43807178,21991,21426,-13,25,0,
43807183,21991,21426,-13,25,0,
43807188,21991,21434,-13,27,0,
43807193,21991,21434,-13,28,0,
43807198,21991,21434,-13,30,0,
43807203,21991,21434,-13,30,0,
43807208,21991,21434,-13,31,0,
43807213,21991,21434,-13,33,0,
43807213,21991,21434,-13,33,42,
43807218,22000,21427,-12,33,42,
43807223,22000,21427,-12,35,53,
43807228,22009,21427,-12,35,80,
43807233,22009,21427,-12,35,96,
43807238,22009,21427,-12,36,105,
43807243,22009,21434,-12,36,128,
43807248,22009,21434,-12,36,167,
43807253,22002,21443,-12,35,211,
43807258,22002,21443,-11,35,255,
43807263,22002,21452,-11,35,312,
43807268,22002,21452,-10,36,368,
43807273,22002,21461,-10,36,421,
43807278,22002,21461,-10,36,473,
43807283,22002,21468,-10,36,525,
43807288,22002,21468,-10,34,570,
43807293,22002,21479,-10,34,607,
43807298,22002,21479,-10,34,639,
43807303,22009,21492,-10,34,670,
43807308,22009,21492,-10,34,700,
43807313,22009,21501,-10,34,728,
43807318,22009,21501,-10,34,754,
43807323,22018,21513,-10,34,778,
43807328,22018,21521,-10,34,804,
43807333,22026,21521,-10,34,827,
43807338,22026,21531,-10,33,850,
43807343,22033,21531,-10,33,868,
43807348,22033,21538,-10,33,885,
43807353,22041,21538,-10,33,898,
43807358,22041,21547,-10,33,912,
43807363,22051,21547,-10,33,924,
43807368,22051,21557,-10,33,935,
43807373,22060,21557,-10,33,943,
43807378,22068,21568,-10,33,952,
43807383,22078,21575,-10,31,959,
43807388,22089,21575,-10,31,968,
43807393,22097,21586,-10,31,976,
43807398,22106,21593,-11,31,986,
43807403,22117,21600,-11,31,991,
43807408,22128,21609,-13,31,1000,
43807413,22140,21616,-13,31,1009,
43807418,22152,21616,-13,31,1018,
43807423,22162,21626,-13,31,1023,
43807428,22174,21626,-13,31,1023,
43807433,22189,21638,-13,31,1023,
43807438,22204,21646,-13,31,1023,
43807443,22217,21646,-13,31,1023,
43807448,22225,21655,-13,31,1023,
43807453,22225,21655,-13,31,1023,
43807458,22225,21655,-13,31,1023,
43807463,22244,21667,-13,31,1023,
43807468,22266,21681,-13,31,1023,
43807473,22295,21696,-13,31,1023,
43807478,22325,21712,-13,31,1023,
43807483,22347,21728,-13,31,1023,
43807488,22367,21742,-13,31,1023,
43807493,22390,21759,-13,31,1023,
43807498,22413,21775,-13,31,1023,
43807503,22434,21788,-14,31,1023,
43807508,22446,21796,-14,29,1023,
43807513,22446,21796,-16,30,1023,
43807518,22457,21796,-16,30,1023,
43807523,22465,21804,-16,30,1023,
43807528,22479,21804,-16,30,1023,
43807533,22491,21814,-16,30,1023,
43807538,22504,21814,-16,30,1023,
43807543,22520,21826,-16,30,1023,
43807548,22546,21836,-16,30,1023,
43807553,22581,21848,-16,30,1023,
43807558,22621,21866,-16,30,1023,
43807563,22669,21890,-16,29,1023,
43807568,22710,21909,-16,29,1023,
43807573,22737,21921,-17,28,1023,
43807578,22758,21928,-17,28,1023,
43807583,22769,21928,-18,29,1023,
43807588,22779,21928,-18,29,1023,
43807593,22798,21941,-18,29,1023,
43807598,22827,21955,-18,29,1023,
43807603,22868,21977,-18,29,1023,
43807608,22911,22000,-18,29,1023,
43807613,22947,22022,-19,26,1023,
43807618,22973,22043,-19,26,1023,
43807623,22989,22055,-21,27,1023,
43807628,23004,22067,-21,27,1023,
43807633,23025,22075,-21,27,1023,
43807638,23049,22084,-21,27,1023,
43807643,23075,22096,-21,27,1023,
43807648,23108,22111,-21,27,1023,
43807653,23150,22129,-22,26,1023,
43807658,23196,22150,-22,26,1023,
43807663,23240,22166,-24,26,1023,
43807668,23272,22180,-24,26,1023,
43807673,23298,22192,-23,25,1023,
43807678,23320,22199,-23,25,1023,
43807683,23342,22209,-25,25,1023,
43807688,23376,22221,-25,25,1023,
43807693,23411,22234,-27,25,1023,
43807698,23445,22250,-27,25,1023,
43807703,23480,22267,-27,25,1023,
43807708,23521,22291,-25,25,1023,
43807713,23573,22322,-25,25,1023,
43807718,23626,22350,-24,24,1023,
43807723,23674,22376,-24,24,1023,
43807728,23704,22392,-24,24,1023,
43807733,23731,22405,-24,24,1023,
43807738,23766,22422,-22,24,1023,
43807743,23810,22440,-22,24,1023,
43807748,23857,22460,-20,24,1023,
43807753,23894,22475,-20,24,1023,
43807758,23926,22488,-20,24,1023,
43807763,23961,22502,-20,24,1023,
43807768,24000,22517,-20,24,1023,
43807773,24042,22534,-20,24,1023,
43807778,24082,22548,-20,24,1023,
43807783,24116,22560,-20,24,1023,
43807788,24147,22568,-20,24,1023,
43807793,24177,22575,-20,24,1023,
43807798,24205,22575,-22,24,1023,
43807803,24233,22586,-22,24,1023,
43807808,24264,22594,-24,24,1023,
43807813,24300,22605,-24,24,1023,
43807818,24339,22617,-24,24,1023,
43807823,24374,22628,-25,23,1023,
43807828,24407,22640,-25,23,1023,
43807833,24435,22651,-26,24,1023,
43807838,24455,22666,-26,24,1023,
43807843,24480,22681,-26,24,1023,
43807848,24513,22696,-26,24,1023,
43807853,24549,22713,-26,24,1023,
43807858,24592,22727,-28,24,1023,
43807863,24630,22740,-28,22,1023,
43807868,24656,22748,-29,22,1023,
43807873,24677,22748,-29,22,1023,
43807878,24702,22758,-29,22,1023,
43807883,24730,22765,-29,22,1023,
43807888,24762,22777,-29,22,1023,
43807893,24794,22791,-29,22,1023,
43807898,24822,22806,-29,22,1023,
43807903,24853,22819,-29,22,1023,
43807909,24882,22832,-31,22,1023,
43807914,24913,22843,-31,20,1023,
43807919,24941,22856,-32,21,1023,
43807924,24966,22869,-32,21,1023,
43807929,24990,22882,-32,21,1023,
43807934,25013,22894,-32,21,1023,
43807939,25036,22905,-32,21,1023,
43807944,25057,22916,-32,21,1023,
43807949,25077,22926,-33,19,1023,
43807954,25093,22935,-33,19,1023,
43807959,25111,22942,-35,19,1023,
43807964,25133,22942,-35,19,1023,
43807969,25152,22954,-35,19,1023,
43807974,25173,22962,-35,19,1023,
43807979,25189,22972,-35,19,1023,
43807984,25203,22979,-35,19,1023,
43807989,25217,22986,-35,18,1023,
43807994,25233,22993,-37,18,1023,
43807999,25248,23000,-37,18,1023,
43808004,25266,23009,-37,17,1023,
43808009,25284,23017,-37,17,1023,
43808014,25299,23017,-37,17,1023,
43808019,25315,23027,-37,17,1023,
43808024,25325,23027,-37,17,1023,
43808029,25333,23034,-37,17,1023,
43808034,25345,23034,-37,17,1023,
43808039,25358,23046,-37,17,1023,
43808044,25374,23055,-37,17,1023,
43808049,25393,23063,-38,16,1023,
43808054,25409,23071,-39,16,1023,
43808059,25424,23081,-39,16,1023,
43808064,25437,23090,-41,16,1023,
43808069,25448,23099,-41,16,1023,
43808074,25462,23108,-41,16,1023,
43808079,25476,23116,-41,16,1023,
43808084,25486,23123,-41,16,1023,
43808089,25495,23123,-41,15,1023,
43808094,25495,23131,-41,15,1023,
43808099,25507,23131,-41,15,1023,
43808104,25507,23131,-41,15,1023,
43808109,25515,23138,-41,15,1023,
43808114,25515,23138,-41,15,1023,
43808119,25522,23138,-43,14,1023,
43808124,25522,23145,-43,14,1023,
43808129,25530,23145,-43,14,1023,
43808134,25530,23145,-43,14,1023,
43808139,25530,23145,-43,14,1023,
43808144,25538,23145,-43,14,1023,
43808149,25538,23145,-43,14,1023,
43808154,25538,23145,-43,14,1023,
43808159,25538,23145,-43,14,1023,
43808164,25545,23145,-43,14,1023,
43808169,25545,23145,-43,14,1023,
43808174,25545,23145,-43,14,1023,
43808179,25545,23145,-43,14,1023,
43808184,25545,23145,-43,13,1023,
43808189,25545,23153,-43,13,1023,
43808194,25545,23153,-43,13,1023,
43808199,25545,23153,-43,13,1023,
43808204,25545,23153,-43,13,1023,
43808209,25545,23153,-43,13,1023,
43808214,25545,23153,-43,13,1023,
43808219,25545,23153,-43,13,1023,
43808224,25545,23153,-43,13,1023,
43808229,25545,23153,-43,13,1023,
43808234,25545,23153,-43,13,1023,
43808239,25545,23153,-43,13,1023,
43808244,25545,23153,-43,13,1023,
43808249,25545,23153,-43,13,1023,
43808254,25545,23153,-43,13,1023,
43808259,25545,23153,-43,13,1023,
43808264,25545,23153,-43,13,1023,
43808269,25545,23153,-43,13,1023,
43808274,25545,23153,-43,13,1023,
43808279,25545,23153,-43,13,1023,
43808284,25545,23153,-43,13,1023,
43808289,25545,23153,-43,13,1023,
43808294,25545,23153,-43,13,1023,
43808299,25545,23153,-43,13,1023,
43808304,25545,23146,-43,13,957,
43808309,25545,23146,-43,13,865,
43808314,25545,23146,-43,13,743,
43808319,25545,23146,-43,13,575,
43808324,25536,23138,-43,13,319,
43808329,25529,23138,-43,13,14,
43808334,25529,23138,-44,12,0,
43808339,25497,23162,-44,12,0,
43808344,25497,23177,-44,12,0,
43808349,25497,23193,-45,11,0,
43808354,25524,23203,-47,10,0,
43808359,25549,23213,-48,11,0,
43808364,25570,23226,-50,9,0,
43808369,25592,23239,-55,7,0,
43808374,25601,23252,-59,6,0,
43808379,25601,23263,-63,5,0,
43808384,25601,23275,-69,3,0,
43808389,25601,23267,-74,1,0,
43808394,25601,23242,-80,0,0,
43808399,25632,23190,-83,-1,0,
43808404,25632,23190,-83,-1,0,
43808538,25646,22622,-83,4,0,
43808543,25646,22622,-83,4,0,
43808548,25657,22614,-83,4,0,
43808553,25675,22614,-83,4,0,
43808558,25702,22605,-81,5,0,
43808563,25738,22605,-77,5,0,
43808568,25775,22587,-73,6,0,
43808573,25806,22571,-69,6,0,
43808578,25830,22558,-64,6,0,
43808583,25845,22550,-60,6,0,
43808588,25845,22550,-56,6,0,
43808593,25855,22550,-52,7,0,
43808598,25855,22543,-48,7,0,
43808603,25855,22543,-43,7,0,
43808608,25855,22543,-40,8,0,
43808613,25855,22558,-36,9,0,
43808618,25855,22571,-32,9,0,
43808623,25855,22585,-29,9,0,
43808628,25855,22602,-27,9,0,
43808633,25855,22621,-27,9,0,
43808638,25855,22641,-27,9,0,
43808643,25844,22661,-27,9,0,
43808648,25844,22678,-27,9,0,
43808653,25833,22691,-27,9,0,
43808658,25824,22704,-29,9,0,
43808663,25815,22717,-29,9,0,
43808668,25804,22731,-30,9,0,
43808673,25792,22747,-30,8,0,
43808678,25780,22762,-30,8,0,
43808683,25769,22774,-30,8,0,
43808688,25757,22786,-30,8,0,
43808693,25747,22796,-30,8,0,
43808698,25739,22796,-30,8,0,
43808703,25739,22804,-30,8,0,
43808708,25729,22804,-30,8,0,
43808713,25729,22804,-30,8,0,
43808718,25718,22804,-29,7,0,
43808723,25718,22814,-28,6,0,
43808728,25706,22823,-28,7,0,
43808733,25706,22832,-28,7,0,
43808738,25706,22845,-28,7,0,
43808743,25697,22861,-28,7,0,
43808748,25697,22881,-28,7,0,
43808753,25686,22903,-28,7,0,
43808758,25686,22925,-28,7,0,
43808763,25675,22947,-27,5,0,
43808768,25667,22967,-27,5,0,
43808773,25659,22990,-27,5,0,
43808778,25649,23011,-27,5,0,
43808783,25640,23033,-27,5,0,
43808788,25633,23052,-27,5,0,
43808793,25624,23070,-27,3,0,
43808798,25624,23088,-27,3,0,
43808803,25611,23105,-27,3,0,
43808808,25611,23120,-27,3,0,
43808813,25602,23132,-27,2,0,
43808818,25602,23142,-27,2,0,
43808823,25602,23142,-27,2,0,
43808828,25594,23155,-27,2,0,
43808833,25594,23163,-27,2,0,
43808838,25594,23163,-27,2,0,
43808843,25594,23177,-27,2,0,
43808848,25594,23177,-27,2,0,
43808853,25594,23187,-27,2,0,
43808858,25594,23187,-27,2,0,
43808863,25594,23195,-27,2,0,
43808868,25602,23195,-27,2,0,
43808869,25602,23195,-27,2,69,
43808874,25614,23195,-27,2,105,
43808879,25614,23195,-27,1,158,
43808884,25622,23195,-27,1,234,
43808889,25622,23195,-27,1,297,
43808894,25622,23195,-27,1,344,
43808899,25630,23195,-27,1,383,
43808904,25630,23195,-27,1,429,
43808909,25630,23195,-27,1,473,
43808914,25630,23195,-27,1,515,
43808919,25630,23195,-27,1,550,
43808924,25630,23184,-27,1,587,
43808929,25630,23177,-27,1,620,
43808934,25630,23169,-27,1,653,
43808939,25630,23159,-27,1,682,
43808944,25630,23148,-27,1,708,
43808949,25630,23134,-27,1,729,
43808954,25630,23116,-27,1,740,
43808959,25630,23096,-27,1,760,
43808964,25630,23074,-27,1,780,
43808969,25630,23049,-27,1,790,
43808974,25630,23022,-27,1,798,
43808979,25630,22996,-27,2,821,
43808984,25630,22968,-27,2,833,
43808989,25630,22941,-27,2,844,
43808994,25630,22916,-27,2,858,
43808999,25630,22887,-27,2,866,
43809004,25630,22857,-27,2,891,
43809009,25630,22826,-27,2,899,
43809014,25630,22797,-27,2,911,
43809019,25621,22773,-27,3,925,
43809024,25621,22749,-27,3,934,
43809029,25621,22723,-27,3,947,
43809034,25621,22698,-27,3,964,
43809039,25621,22671,-27,3,973,
43809044,25613,22642,-27,5,983,
43809049,25613,22609,-27,5,985,
43809054,25613,22572,-27,5,1003,
43809059,25613,22535,-27,5,1023,
43809064,25613,22503,-28,7,1023,
43809069,25613,22475,-28,7,1023,
43809074,25601,22445,-28,7,1023,
43809079,25601,22408,-28,7,1023,
43809084,25593,22365,-28,7,1023,
43809089,25593,22319,-28,7,1023,
43809094,25593,22273,-26,8,1023,
43809099,25583,22227,-26,8,1023,
43809104,25583,22179,-25,8,1023,
43809109,25576,22130,-25,8,1023,
43809114,25576,22084,-25,8,1023,
43809119,25576,22040,-25,8,1023,
43809124,25576,21998,-25,8,1023,
43809129,25567,21957,-24,9,1023,
43809134,25560,21911,-26,9,1023,
43809139,25560,21860,-26,9,1023,
43809144,25560,21811,-27,9,1023,
43809149,25560,21764,-28,10,1023,
43809154,25560,21721,-28,10,1023,
43809159,25560,21679,-29,11,1023,
43809164,25560,21634,-31,11,1023,
43809169,25552,21589,-31,13,1023,
43809174,25552,21546,-33,13,1023,
43809179,25540,21507,-33,12,1023,
43809184,25540,21465,-36,14,1023,
43809189,25528,21420,-37,14,1023,
43809194,25528,21375,-37,14,1023,
43809199,25528,21331,-39,14,1023,
43809204,25528,21295,-39,13,1023,
43809209,25528,21266,-39,12,1023,
43809214,25528,21238,-41,12,1023,
43809219,25528,21211,-41,12,1023,
43809224,25528,21177,-41,12,1023,
43809229,25528,21134,-41,12,1023,
43809234,25528,21084,-41,12,1023,
43809239,25528,21032,-41,11,1023,
43809244,25528,20981,-41,11,1023,
43809249,25528,20934,-41,11,1023,
43809254,25516,20893,-41,11,1023,
43809259,25516,20846,-41,11,1023,
43809264,25509,20802,-41,11,1023,
43809269,25509,20759,-41,11,1023,
43809274,25499,20713,-40,11,1023,
43809279,25490,20664,-39,12,1023,
43809284,25480,20605,-38,12,1023,
43809289,25480,20542,-39,14,1023,
43809294,25472,20480,-39,14,1023,
43809299,25472,20423,-38,15,1023,
43809304,25464,20376,-38,15,1023,
43809309,25453,20332,-38,15,1023,
43809314,25443,20284,-38,16,1023,
43809319,25432,20234,-38,16,1023,
43809324,25422,20179,-38,16,1023,
43809329,25415,20124,-37,17,1023,
43809334,25415,20079,-37,17,1023,
43809339,25400,20037,-37,18,1023,
43809344,25391,19994,-36,19,1023,
43809349,25384,19945,-35,19,1023,
43809354,25377,19891,-35,19,1023,
43809359,25377,19840,-36,20,1023,
43809364,25367,19798,-36,20,1023,
43809369,25358,19757,-36,20,1023,
43809374,25349,19711,-35,22,1023,
43809379,25349,19661,-35,22,1023,
43809384,25349,19608,-33,21,1023,
43809389,25342,19555,-33,21,1023,
43809394,25342,19502,-32,23,1023,
43809399,25342,19450,-32,23,1023,
43809404,25342,19392,-32,23,1023,
43809409,25342,19333,-32,23,1023,
43809414,25327,19271,-32,23,1023,
43809419,25315,19204,-32,23,1023,
43809424,25305,19135,-32,21,1023,
43809429,25295,19068,-32,21,1023,
43809434,25285,19006,-32,21,1023,
43809439,25274,18944,-31,20,1023,
43809444,25265,18876,-31,20,1023,
43809449,25265,18806,-29,20,1023,
43809454,25256,18741,-29,20,1023,
43809459,25256,18684,-29,20,1023,
43809464,25246,18629,-29,20,1023,
43809469,25239,18569,-29,20,1023,
43809474,25239,18505,-29,20,1023,
43809479,25232,18446,-29,18,1023,
43809484,25224,18393,-29,18,1023,
43809489,25215,18342,-29,18,1023,
43809494,25203,18282,-28,19,1023,
43809499,25195,18214,-26,19,1023,
43809504,25195,18146,-27,21,1023,
43809509,25185,18084,-27,21,1023,
43809514,25185,18031,-27,21,1023,
43809519,25175,17983,-26,22,1023,
43809524,25175,17933,-26,22,1023,
43809529,25175,17880,-26,22,1023,
43809534,25168,17824,-26,24,1023,
43809539,25168,17763,-26,24,1023,
43809545,25158,17705,-27,25,1023,
43809550,25158,17651,-27,25,1023,
43809555,25149,17604,-25,25,1023,
43809560,25149,17566,-25,27,1023,
43809565,25141,17531,-24,26,1023,
43809570,25141,17501,-24,26,1023,
43809575,25130,17468,-24,26,1023,
43809580,25121,17429,-24,28,1023,
43809585,25114,17381,-24,28,1023,
43809590,25114,17331,-24,28,1023,
43809595,25107,17281,-24,28,1023,
43809600,25107,17231,-24,28,1023,
43809605,25107,17187,-24,28,1023,
43809610,25099,17142,-22,26,1023,
43809615,25099,17096,-22,26,1023,
43809620,25099,17051,-21,27,1023,
43809625,25092,17000,-21,25,1023,
43809630,25092,16944,-21,25,1023,
43809635,25092,16884,-21,25,1023,
43809640,25092,16827,-21,25,1023,
43809645,25092,16775,-20,24,1023,
43809650,25092,16734,-20,24,1023,
43809655,25081,16700,-20,24,1023,
43809660,25081,16666,-21,23,1023,
43809665,25081,16628,-21,23,1023,
43809670,25081,16589,-21,23,1023,
43809675,25081,16554,-21,23,1023,
43809680,25081,16520,-21,23,1023,
43809685,25081,16490,-20,24,1023,
43809690,25073,16458,-20,24,1023,
43809695,25073,16417,-20,24,1023,
43809700,25062,16373,-18,25,1023,
43809705,25062,16329,-18,25,1023,
43809710,25062,16283,-18,25,1023,
43809715,25062,16239,-18,27,1023,
43809720,25062,16197,-18,27,1023,
43809725,25062,16152,-18,27,1023,
43809730,25062,16109,-18,27,1023,
43809735,25062,16070,-18,29,1023,
43809740,25053,16034,-18,29,1023,
43809745,25053,16003,-18,29,1023,
43809750,25053,15971,-18,29,1023,
43809755,25045,15938,-18,29,1023,
43809760,25045,15901,-18,29,1023,
43809765,25045,15866,-18,29,1023,
43809770,25037,15834,-18,29,1023,
43809775,25037,15805,-18,29,1023,
43809780,25037,15776,-18,29,1023,
43809785,25037,15746,-18,29,1023,
43809790,25030,15715,-18,29,1023,
43809795,25030,15676,-18,29,1023,
43809800,25030,15640,-18,31,1023,
43809805,25030,15602,-18,31,1023,
43809810,25030,15564,-18,31,1023,
43809815,25030,15526,-18,31,1023,
43809820,25020,15481,-17,31,1023,
43809825,25020,15438,-17,31,1023,
43809830,25020,15398,-15,30,1023,
43809835,25030,15360,-15,32,1023,
43809840,25030,15332,-15,32,1023,
43809845,25020,15306,-15,32,1023,
43809850,25010,15281,-15,32,1023,
43809855,25003,15259,-15,32,1023,
43809860,25003,15235,-15,33,1023,
43809865,25003,15213,-15,33,1023,
43809870,24995,15189,-15,33,1023,
43809875,24995,15160,-15,32,1023,
43809880,24986,15132,-15,32,1023,
43809885,24986,15102,-15,32,1023,
43809890,24986,15073,-15,30,1023,
43809895,24986,15043,-15,30,1023,
43809900,24986,15011,-15,30,1023,
43809905,24979,14976,-16,30,1023,
43809910,24979,14943,-16,30,1023,
43809915,24979,14913,-16,30,1023,
43809920,24979,14887,-16,29,1023,
43809925,24979,14861,-16,29,1023,
43809930,24979,14836,-16,29,1023,
43809935,24979,14811,-15,27,1023,
43809940,24988,14786,-15,27,1023,
43809945,24988,14763,-15,27,1023,
43809950,24988,14741,-15,27,1023,
43809955,24988,14719,-14,26,1023,
43809960,24988,14700,-14,26,1023,
43809965,24988,14681,-13,27,1023,
43809970,24996,14661,-13,28,1023,
43809975,24996,14637,-13,28,1023,
43809980,24996,14609,-13,28,1023,
43809985,24996,14577,-13,28,1023,
43809990,24996,14544,-13,30,1023,
43809995,24996,14512,-13,30,1023,
43810000,24996,14480,-13,30,1023,
43810005,24988,14447,-13,30,1023,
43810010,24988,14413,-13,31,1023,
43810015,24988,14379,-13,31,1023,
43810020,24988,14348,-13,31,1023,
43810025,24988,14320,-13,31,1023,
43810030,24988,14295,-13,33,1023,
43810035,24977,14273,-13,33,1023,
43810040,24977,14247,-13,33,1023,
43810045,24977,14219,-13,33,1023,
43810050,24970,14189,-12,33,1023,
43810055,24970,14159,-12,33,1023,
43810060,24970,14135,-12,33,1023,
43810065,24970,14114,-12,33,1023,
43810070,24970,14091,-12,35,1023,
43810075,24970,14065,-12,35,1023,
43810080,24970,14035,-12,35,1023,
43810085,24960,14007,-12,35,1023,
43810090,24960,13982,-12,35,1023,
43810095,24960,13957,-12,35,1023,
43810100,24950,13931,-12,35,1023,
43810105,24950,13904,-12,36,1023,
43810110,24950,13878,-12,36,1023,
43810115,24950,13856,-12,36,1023,
43810120,24950,13837,-12,36,1023,
43810125,24950,13817,-12,36,1023,
43810130,24950,13793,-12,36,1023,
43810135,24950,13767,-12,36,1023,
43810140,24950,13738,-12,38,1023,
43810145,24958,13711,-11,38,1023,
43810150,24958,13686,-11,38,1023,
43810155,24965,13660,-10,38,1023,
43810160,24965,13637,-10,38,1023,
43810165,24974,13614,-10,38,1023,
43810170,24974,13592,-10,40,1023,
43810175,24974,13570,-10,40,1023,
43810180,24974,13550,-10,40,1023,
43810185,24983,13531,-10,40,1023,
43810190,24983,13515,-10,40,1023,
43810195,24990,13502,-10,40,1023,
43810200,24990,13491,-10,41,1023,
43810205,24990,13480,-10,41,1023,
43810210,24997,13470,-10,41,1023,
43810215,24997,13460,-10,41,1023,
43810220,24997,13448,-11,41,1023,
43810225,24997,13434,-11,41,1023,
43810230,24997,13420,-12,41,1023,
43810235,24997,13407,-12,41,1023,
43810240,24997,13394,-12,41,1023,
43810245,24997,13385,-12,41,1023,
43810250,24997,13376,-12,42,1023,
43810255,24997,13376,-12,42,1023,
43810260,24997,13364,-12,42,1023,
43810265,24997,13364,-12,42,1023,
43810270,24997,13354,-12,42,1023,
43810275,24997,13354,-12,42,1023,
43810280,24997,13354,-12,42,1023,
43810285,24997,13354,-12,42,1023,
43810290,24997,13354,-12,42,1023,
43810295,24997,13354,-12,42,1023,
43810300,24997,13346,-12,42,1023,
43810305,24997,13346,-12,44,1023,
43810310,24997,13346,-12,44,908,
43810315,24997,13346,-12,44,749,
43810320,24997,13353,-12,44,536,
43810325,24997,13353,-12,44,226,
43810330,24997,13353,-12,44,0,
43810335,24975,13383,-12,44,0,
43810340,24959,13399,-12,44,0,
43810345,24948,13413,-12,44,0,
43810350,24948,13420,-12,44,0,
43810355,24957,13420,-13,45,0,
43810360,24971,13412,-14,46,0,
43810365,24971,13412,-15,47,0,
43810370,24956,13437,-17,49,0,
43810375,24917,13466,-19,52,0,
43810380,24853,13495,-20,53,0,
43810385,24780,13510,-20,54,0,
43810390,24704,13510,-21,57,0,
43810395,24630,13500,-21,58,0,
43810400,24562,13476,-22,61,0,
43810405,24493,13442,-23,63,0,
43810410,24417,13394,-21,66,0,
43810415,24336,13337,-22,68,0,
43810420,24245,13276,-21,71,0,
43810425,24142,13207,-20,75,0,
43810430,24031,13135,-18,79,0,
43810435,23912,13055,-15,81,0,
43810440,23790,12977,-14,82,0,
43810445,23672,12906,-13,82,0,
43810450,23561,12844,-11,81,0,
43810455,23455,12796,-9,78,0,
43810460,23362,12755,-9,75,0,
43810465,23275,12725,-9,74,0,
43810470,23194,12704,-9,70,0,
43810475,23122,12687,-10,67,0,
43810480,23057,12672,-10,64,0,
43810485,23002,12657,-10,61,0,
43810490,22958,12643,-10,57,0,
43810495,22920,12633,-10,54,0,
43810500,22891,12625,-10,51,0,
43810505,22864,12625,-10,47,0,
43810510,22840,12625,-12,42,0,
43810515,22823,12637,-12,38,0,
43810520,22806,12650,-14,36,0,
43810525,22792,12663,-14,34,0,
43810530,22782,12679,-15,32,0,
43810535,22772,12693,-15,33,0,
43810540,22763,12707,-15,33,0,
43810545,22754,12720,-14,34,0,
43810550,22739,12733,-12,33,0,
43810555,22722,12745,-10,34,0,
43810560,22701,12756,-9,36,0,
43810565,22677,12766,-7,36,0,
43810570,22654,12766,-6,35,0,
43810575,22626,12776,-6,35,0,
43810580,22597,12776,-5,35,0,
43810585,22565,12776,-3,34,0,
43810590,22532,12776,-3,34,0,
43810595,22500,12776,-2,34,0,
43810600,22466,12763,-2,34,0,
43810605,22432,12755,-2,34,0,
43810610,22397,12746,-2,34,0,
43810615,22364,12737,-1,34,0,
43810620,22335,12726,-1,34,0,
43810625,22308,12714,0,34,0,
43810630,22280,12704,0,34,0,
43810635,22252,12696,0,34,0,
43810640,22222,12687,0,34,0,
43810645,22191,12677,0,34,0,
43810650,22162,12665,0,34,0,
43810655,22133,12653,0,34,0,
43810660,22107,12644,0,34,0,
43810665,22087,12635,0,34,0,
43810670,22072,12635,0,36,0,
43810675,22065,12621,1,36,0,
43810680,22065,12621,1,36,0,
43810685,22058,12610,2,36,0,
43810690,22058,12610,2,36,0,
43810695,22058,12597,2,36,0,
43810700,22067,12588,2,36,0,
43810705,22067,12573,2,36,0,
43810710,22067,12559,2,36,0,
43810715,22058,12542,2,36,0,
43810720,22049,12526,2,36,0,
43810725,22039,12509,2,36,0,
43810730,22032,12492,3,35,0,
43810735,22024,12476,3,35,0,
43810740,22017,12463,5,37,0,
43810745,22009,12455,5,37,0,
43810750,22002,12455,5,37,0,
43810755,22002,12445,5,37,0,
43810760,21992,12445,5,37,0,
43810765,21992,12438,5,37,0,
43810770,21982,12438,5,37,0,
43810775,21975,12438,5,37,0,
43810780,21975,12438,5,37,0,
43810785,21966,12438,5,37,0,
43810790,21966,12438,5,37,0,
43810795,21959,12438,5,37,0,
43810800,21959,12438,5,37,0,
43810805,21949,12446,5,37,0,
43810810,21942,12446,5,37,0,
43810815,21942,12446,5,37,0,
43810820,21929,12446,5,37,0,
43810825,21919,12435,4,38,0,
43810830,21911,12435,4,38,0,
43810835,21903,12435,4,38,0,
43810840,21903,12423,4,38,0,
43810845,21903,12423,4,38,26,
43810850,21886,12412,6,38,60,
43810855,21886,12412,6,38,85,
43810860,21875,12412,7,36,126,
43810865,21875,12412,7,36,187,
43810870,21875,12412,7,36,237,
43810875,21875,12412,7,36,266,
43810880,21875,12423,7,36,310,
43810885,21875,12430,7,36,366,
43810890,21875,12430,7,36,415,
43810895,21875,12440,7,36,456,
43810900,21875,12440,7,36,496,
43810905,21875,12440,7,36,532,
43810910,21868,12448,7,36,562,
43810915,21868,12448,7,36,587,
43810920,21868,12448,7,36,608,
43810925,21868,12448,7,36,630,
43810930,21868,12448,7,36,653,
43810935,21868,12448,7,36,676,
43810940,21875,12448,7,36,698,
43810945,21875,12448,7,36,718,
43810950,21875,12448,7,36,737,
43810955,21882,12448,7,36,760,
43810960,21882,12448,7,36,783,
43810965,21891,12455,7,36,807,
43810970,21900,12455,7,36,828,
43810975,21915,12455,7,36,845,
43810980,21929,12455,7,36,861,
43810985,21942,12455,7,36,876,
43810990,21955,12455,7,36,891,
43810995,21963,12462,7,36,902,
43811000,21977,12462,7,36,917,
43811005,21992,12462,7,36,928,
43811010,22005,12462,7,36,933,
43811015,22022,12471,7,36,936,
43811020,22034,12471,7,36,945,
43811025,22048,12478,7,36,955,
43811030,22065,12478,7,36,961,
43811035,22085,12489,7,36,965,
43811040,22111,12499,6,36,976,
43811045,22145,12512,6,36,984,
43811050,22186,12524,5,37,987,
43811055,22230,12537,5,37,1001,
43811060,22272,12548,5,37,1001,
43811065,22306,12557,5,37,1004,
43811070,22330,12568,5,37,1014,
43811075,22351,12577,5,37,1021,
43811080,22373,12586,5,37,1021,
43811085,22397,12594,5,37,1023,
43811090,22430,12603,3,37,1023,
43811095,22466,12611,3,37,1023,
43811100,22498,12611,2,37,1023,
43811105,22526,12622,2,37,1023,
43811110,22550,12622,2,37,1023,
43811115,22571,12629,2,37,1023,
43811120,22591,12636,2,37,1023,
43811125,22620,12646,2,37,1023,
43811130,22655,12659,2,37,1023,
43811135,22698,12674,1,37,1023,
43811140,22746,12688,1,37,1023,
43811145,22791,12703,0,36,1023,
43811150,22831,12718,0,36,1023,
43811155,22865,12736,0,36,1023,
43811160,22898,12757,0,36,1023,
43811165,22934,12775,0,36,1023,
43811170,22970,12789,0,36,1023,
43811175,23003,12799,0,36,1023,
43811180,23032,12808,0,36,1023,
43811185,23053,12815,0,36,1023,
43811190,23073,12825,0,36,1023,
43811195,23104,12834,0,36,1023,
43811200,23150,12846,-1,36,1023,
43811205,23199,12856,-1,34,1023,
43811210,23244,12866,-2,34,1023,
43811215,23277,12875,-2,34,1023,
43811220,23296,12882,-2,34,1023,
43811225,23319,12892,-3,34,1023,
43811230,23345,12902,-3,34,1023,
43811235,23375,12914,-5,34,1023,
43811240,23407,12923,-5,34,1023,
43811245,23436,12933,-5,34,1023,
43811250,23462,12941,-5,34,1023,
43811255,23492,12953,-5,32,1023,
43811260,23529,12966,-4,33,1023,
43811265,23566,12979,-4,33,1023,
43811270,23605,12993,-2,33,1023,
43811275,23642,13003,-2,33,1023,
43811280,23667,13012,-2,33,1023,
43811285,23690,13024,-2,33,1023,
43811290,23708,13034,-1,33,1023,
43811295,23723,13043,-1,33,1023,
43811300,23741,13053,0,33,1023,
43811305,23759,13061,0,33,1023,
43811310,23778,13070,0,33,1023,
43811315,23794,13078,0,33,1023,
43811320,23809,13078,0,33,1023,
43811325,23824,13088,0,33,1023,
43811330,23847,13088,0,33,1023,
43811335,23878,13088,0,33,1023,
43811340,23913,13104,0,33,1023,
43811345,23949,13116,0,33,1023,
43811350,23979,13130,0,33,1023,
43811355,24004,13142,-1,34,1023,
43811360,24028,13153,-1,34,1023,
43811365,24055,13164,-2,36,1023,
43811370,24089,13176,-2,36,1023,
43811375,24130,13188,-2,37,1023,
43811380,24166,13199,-2,37,1023,
43811385,24197,13210,-2,38,1023,
43811390,24222,13222,-2,38,1023,
43811395,24243,13232,-3,40,1023,
43811400,24268,13245,-3,40,1023,
43811405,24299,13257,-5,41,1023,
43811410,24333,13266,-5,41,1023,
43811415,24362,13275,-5,42,1023,
43811420,24381,13275,-5,42,1023,
43811425,24396,13275,-5,42,1023,
43811430,24408,13284,-4,44,1023,
43811435,24424,13284,-6,44,1023,
43811440,24447,13295,-5,42,1023,
43811445,24470,13302,-7,42,1023,
43811450,24492,13302,-7,42,1023,
43811455,24511,13302,-7,42,1023,
43811460,24526,13311,-7,42,1023,
43811465,24539,13311,-7,42,1023,
43811470,24554,13311,-7,42,1023,
43811475,24570,13319,-7,42,1023,
43811480,24592,13319,-7,42,1020,
43811485,24620,13333,-7,42,1016,
43811490,24650,13343,-7,42,1011,
43811495,24685,13354,-9,43,1006,
43811500,24719,13362,-9,43,1006,
43811505,24747,13369,-9,43,1005,
43811510,24768,13378,-9,43,1003,
43811515,24786,13378,-9,43,1002,
43811520,24803,13392,-9,43,1002,
43811525,24821,13402,-9,43,1002,
43811530,24848,13412,-9,43,1001,
43811535,24873,13427,-9,43,999,
43811540,24903,13445,-9,43,995,
43811545,24944,13462,-9,43,989,
43811550,24984,13480,-11,42,993,
43811555,25023,13492,-11,41,991,
43811560,25048,13500,-12,41,995,
43811565,25048,13507,-12,41,997,
43811570,25048,13507,-12,41,1002,
43811575,25040,13507,-12,41,1006,
43811580,25040,13515,-12,41,1011,
43811585,25040,13515,-12,41,1013,
43811590,25048,13515,-12,41,1020,
43811595,25048,13515,-14,40,1023,
43811600,25048,13515,-14,40,1023,
43811606,25048,13515,-15,41,1023,
43811611,25048,13515,-15,41,1023,
43811616,25048,13515,-15,41,1023,
43811621,25048,13515,-15,41,1023,
43811626,25048,13515,-15,41,1023,
43811631,25048,13515,-15,41,1023,
43811636,25048,13515,-15,41,1023,
43811641,25039,13507,-15,41,1006,
43811646,25039,13507,-15,41,927,
43811651,25026,13497,-15,41,790,
43811656,25019,13489,-15,41,574,
43811661,25010,13481,-15,41,210,
43811666,25010,13481,-15,41,0,
43811671,24971,13459,-15,41,0,
43811676,24948,13459,-15,41,0,
43811681,24937,13459,-15,41,0,
43811686,24952,13474,-16,41,0,
43811691,24994,13509,-17,42,0,
43811696,25039,13570,-18,41,0,
43811701,25069,13665,-21,43,0,
43811706,25069,13793,-23,44,0,
43811711,25041,13948,-26,45,0,
43811716,24997,14122,-28,45,0,
43811721,24947,14321,-32,44,0,
43811726,24947,14321,-32,44,0,
43812110,25067,25011,-82,-19,0,
43812115,25052,24960,-82,-17,0,
43812120,25021,24862,-82,-17,0,
43812125,24977,24723,-82,-17,0,
43812130,24923,24543,-81,-15,0,
43812135,24877,24369,-82,-14,0,
43812140,24841,24196,-80,-14,0,
43812145,24816,24022,-81,-11,0,
43812150,24795,23845,-79,-9,0,
43812155,24780,23680,-78,-8,0,
43812160,24780,23525,-77,-6,0,
43812165,24780,23378,-76,-6,0,
43812170,24780,23239,-74,-5,0,
43812175,24802,23104,-73,-5,0,
43812180,24817,22976,-72,-3,0,
43812185,24837,22859,-70,-2,0,
43812190,24864,22754,-69,-1,0,
43812195,24892,22657,-68,0,0,
43812200,24929,22565,-66,1,0,
43812205,24963,22481,-66,2,0,
43812210,24998,22402,-66,3,0,
43812215,25032,22330,-66,3,0,
43812220,25064,22268,-66,3,0,
43812225,25095,22211,-66,4,0,
43812230,25123,22162,-66,3,0,
43812235,25144,22122,-66,4,0,
43812240,25159,22089,-66,4,0,
43812245,25168,22064,-66,5,0,
43812250,25168,22049,-66,6,0,
43812255,25161,22049,-66,8,0,
43812260,25151,22049,-66,9,0,
43812265,25138,22063,-65,10,0,
43812270,25126,22080,-64,11,0,
43812275,25116,22101,-64,11,0,
43812280,25105,22126,-62,12,0,
43812285,25092,22154,-62,13,0,
43812290,25080,22187,-62,13,0,
43812295,25066,22224,-61,11,0,
43812300,25052,22261,-59,12,0,
43812305,25041,22300,-59,12,0,
43812310,25033,22337,-58,11,0,
43812315,25022,22374,-57,11,0,
43812320,25015,22412,-56,9,0,
43812325,25007,22449,-54,10,0,
43812330,25007,22483,-53,9,0,
43812335,25007,22515,-53,9,0,
43812340,24999,22544,-52,8,0,
43812345,24999,22572,-52,8,0,
43812350,24999,22602,-52,7,0,
43812355,24999,22629,-52,7,0,
43812360,24999,22655,-50,7,0,
43812365,24999,22678,-50,7,0,
43812370,25013,22702,-49,6,0,
43812375,25020,22726,-49,6,0,
43812380,25029,22748,-49,6,0,
43812385,25040,22769,-49,6,0,
43812390,25052,22788,-49,6,0,
43812395,25064,22807,-49,4,0,
43812400,25073,22828,-49,4,0,
43812405,25083,22852,-49,4,0,
43812410,25094,22873,-49,4,0,
43812415,25108,22894,-49,4,0,
43812420,25124,22915,-49,4,0,
43812425,25141,22935,-51,3,0,
43812430,25158,22956,-51,3,0,
43812435,25176,22975,-52,3,0,
43812440,25195,22993,-52,3,0,
43812445,25215,23006,-52,3,0,
43812450,25236,23020,-52,2,0,
43812455,25259,23034,-52,2,0,
43812460,25282,23047,-52,2,0,
43812465,25305,23058,-52,2,0,
43812470,25331,23068,-52,0,0,
43812475,25357,23076,-52,0,0,
43812480,25381,23084,-52,0,0,
43812485,25405,23095,-54,0,0,
43812490,25429,23105,-54,0,0,
43812495,25452,23116,-55,0,0,
43812500,25479,23130,-55,0,0,
43812505,25507,23144,-55,0,0,
43812510,25535,23156,-55,0,0,
43812515,25560,23167,-55,0,0,
43812520,25586,23167,-56,0,0,
43812525,25611,23175,-56,0,0,
43812530,25636,23175,-56,0,0,
43812535,25659,23175,-55,0,0,
43812540,25679,23175,-54,0,0,
43812545,25698,23175,-54,0,0,
43812550,25716,23175,-52,0,0,
43812555,25732,23175,-51,0,0,
43812560,25747,23175,-51,0,0,
43812565,25758,23175,-50,0,0,
43812570,25767,23175,-48,0,0,
43812575,25776,23175,-47,0,0,
43812580,25783,23175,-45,0,0,
43812585,25783,23175,-45,0,0,
43812590,25792,23175,-44,1,0,
43812595,25792,23185,-43,1,0,
43812600,25792,23185,-41,1,0,
43812605,25792,23185,-40,1,0,
43812610,25792,23185,-40,1,0,
43812615,25792,23185,-40,1,0,
43812620,25792,23185,-41,1,0,
43812625,25792,23185,-41,1,0,
43812630,25792,23185,-41,1,0,
43812635,25792,23185,-41,1,0,
43812640,25792,23185,-41,1,0,
43812645,25792,23185,-41,1,0,
43812650,25792,23185,-41,1,0,
43812655,25792,23185,-41,1,0,
43812660,25785,23185,-41,1,0,
43812665,25785,23185,-41,1,0,
43812670,25777,23178,-41,1,0,
43812673,25777,23178,-41,1,4,
43812678,25767,23171,-41,1,18,
43812683,25767,23159,-41,1,36,
43812688,25767,23151,-41,2,60,
43812693,25767,23151,-41,2,95,
43812698,25760,23138,-41,2,132,
43812703,25760,23138,-41,2,170,
43812708,25751,23128,-41,2,203,
43812713,25751,23128,-41,2,239,
43812718,25751,23119,-41,2,269,
43812723,25742,23119,-41,2,294,
43812728,25742,23111,-41,2,311,
43812733,25732,23111,-41,2,325,
43812738,25732,23111,-41,2,337,
43812743,25722,23111,-41,2,356,
43812748,25713,23111,-41,2,383,
43812753,25702,23111,-41,2,419,
43812758,25687,23120,-40,2,466,
43812763,25669,23127,-40,2,504,
43812768,25652,23127,-38,2,546,
43812773,25633,23134,-38,2,576,
43812778,25617,23141,-38,2,588,
43812783,25604,23141,-38,2,604,
43812788,25592,23150,-40,2,629,
43812793,25585,23150,-40,2,656,
43812798,25585,23150,-41,2,680,
43812803,25571,23150,-41,1,706,
43812808,25560,23157,-43,1,734,
43812813,25542,23157,-43,1,754,
43812818,25522,23157,-44,1,766,
43812823,25501,23157,-45,1,773,
43812828,25480,23157,-45,1,781,
43812833,25460,23157,-47,0,787,
43812838,25442,23157,-47,0,789,
43812843,25424,23157,-47,0,793,
43812848,25403,23157,-48,0,813,
43812853,25382,23165,-48,0,829,
43812858,25357,23172,-50,0,828,
43812863,25330,23179,-50,0,831,
43812868,25304,23186,-50,0,852,
43812873,25277,23186,-50,0,869,
43812878,25249,23186,-50,0,871,
43812883,25223,23194,-50,0,873,
43812888,25199,23194,-50,0,869,
43812893,25177,23194,-50,0,874,
43812898,25156,23194,-50,0,891,
43812903,25135,23201,-50,0,910,
43812908,25112,23201,-48,0,918,
43812913,25084,23201,-48,0,925,
43812918,25054,23209,-47,0,927,
43812923,25023,23209,-47,0,940,
43812928,24993,23209,-47,0,947,
43812933,24962,23209,-47,0,956,
43812938,24931,23209,-47,0,963,
43812943,24893,23209,-47,0,965,
43812948,24852,23209,-47,0,966,
43812953,24811,23209,-47,0,964,
43812958,24769,23216,-45,-1,967,
43812963,24729,23216,-45,-1,967,
43812968,24687,23216,-44,-1,970,
43812973,24637,23216,-44,-1,982,
43812978,24585,23225,-44,-1,984,
43812983,24534,23225,-44,-1,984,
43812988,24486,23237,-44,-1,983,
43812993,24442,23237,-44,-1,983,
43812998,24398,23251,-43,-1,991,
43813003,24353,23251,-43,-1,994,
43813008,24307,23264,-41,-1,994,
43813013,24262,23271,-41,-1,994,
43813018,24222,23271,-41,-1,994,
43813023,24184,23279,-41,-1,994,
43813028,24142,23279,-41,-1,1002,
43813033,24100,23291,-41,-1,1001,
43813038,24053,23299,-41,-1,1004,
43813043,24000,23308,-40,-1,1012,
43813048,23944,23317,-40,-1,1012,
43813053,23883,23326,-38,-1,1012,
43813058,23822,23334,-38,-1,1009,
43813063,23763,23341,-38,-1,1008,
43813068,23706,23341,-38,-1,1017,
43813073,23641,23352,-37,-1,1023,
43813078,23574,23361,-37,-1,1023,
43813083,23503,23370,-36,-1,1023,
43813088,23431,23378,-36,-1,1023,
43813093,23369,23386,-37,-1,1023,
43813098,23312,23386,-37,-1,1023,
43813103,23257,23398,-38,-1,1023,
43813108,23200,23398,-38,-1,1023,
43813113,23138,23412,-38,-1,1023,
43813118,23074,23421,-38,-1,1023,
43813123,23014,23432,-38,-1,1023,
43813128,22956,23441,-40,-1,1023,
43813133,22902,23450,-40,-1,1023,
43813138,22849,23450,-41,-1,1023,
43813143,22798,23460,-41,-1,1023,
43813148,22746,23460,-41,-1,1023,
43813153,22697,23467,-41,-1,1023,
43813158,22645,23467,-43,-1,1023,
43813163,22588,23478,-43,-1,1023,
43813168,22528,23478,-44,-1,1023,
43813173,22468,23494,-43,-1,1023,
43813178,22413,23504,-43,-1,1023,
43813183,22362,23512,-41,-1,1023,
43813189,22308,23521,-41,-1,1023,
43813194,22252,23534,-41,0,1023,
43813199,22194,23544,-41,0,1023,
43813204,22138,23554,-41,0,1023,
43813209,22090,23562,-41,0,1023,
43813214,22041,23562,-40,0,1023,
43813219,21989,23572,-40,0,1023,
43813224,21935,23579,-38,0,1023,
43813229,21879,23589,-38,0,1023,
43813234,21827,23598,-38,0,1023,
43813239,21777,23598,-38,0,1023,
43813244,21725,23598,-37,0,1023,
43813249,21671,23605,-37,0,1023,
43813254,21616,23605,-36,0,1023,
43813259,21565,23605,-36,1,1023,
43813264,21517,23605,-34,1,1023,
43813269,21473,23605,-34,1,1023,
43813274,21431,23605,-33,2,1023,
43813279,21382,23605,-33,2,1023,
43813284,21327,23612,-33,4,1023,
43813289,21271,23612,-34,3,1023,
43813294,21216,23619,-34,5,1023,
43813299,21168,23619,-35,5,1023,
43813304,21127,23619,-35,5,1023,
43813309,21088,23619,-35,6,1023,
43813314,21051,23619,-35,6,1023,
43813319,21016,23619,-35,6,1023,
43813324,20980,23619,-36,6,1023,
43813329,20943,23619,-36,6,1023,
43813334,20900,23619,-38,7,1023,
43813339,20855,23619,-38,7,1023,
43813344,20810,23619,-39,7,1023,
43813349,20767,23619,-39,7,1023,
43813354,20727,23619,-41,7,1023,
43813359,20685,23619,-41,7,1023,
43813364,20642,23619,-41,7,1023,
43813369,20600,23626,-41,7,1023,
43813374,20556,23626,-41,7,1023,
43813379,20510,23637,-41,7,1023,
43813384,20459,23644,-39,7,1023,
43813389,20404,23651,-39,7,1023,
43813394,20352,23651,-38,7,1023,
43813399,20304,23662,-39,9,1023,
43813404,20262,23662,-39,9,1023,
43813409,20221,23662,-39,9,1023,
43813414,20180,23662,-39,9,1023,
43813419,20137,23662,-39,9,1023,
43813424,20096,23662,-39,9,1023,
43813429,20056,23662,-39,9,1023,
43813434,20015,23662,-39,9,1023,
43813439,19969,23670,-39,9,1023,
43813444,19919,23677,-37,9,1023,
43813449,19870,23684,-36,7,1023,
43813454,19825,23684,-36,7,1023,
43813459,19787,23697,-36,7,1023,
43813464,19754,23697,-36,7,1023,
43813469,19722,23697,-36,7,1023,
43813474,19686,23697,-36,7,1023,
43813479,19649,23704,-36,7,1023,
43813484,19612,23704,-35,8,1023,
43813489,19576,23704,-35,8,1023,
43813494,19544,23704,-33,7,1023,
43813499,19515,23704,-33,7,1023,
43813504,19490,23704,-33,7,1023,
43813509,19465,23704,-33,7,1023,
43813514,19441,23704,-33,7,1023,
43813519,19416,23704,-32,8,1023,
43813524,19387,23712,-32,8,1023,
43813529,19356,23712,-32,8,1023,
43813534,19322,23722,-32,8,1023,
43813539,19286,23729,-32,8,1023,
43813544,19249,23736,-33,8,1023,
43813549,19211,23736,-33,8,1023,
43813554,19173,23744,-33,8,1023,
43813559,19136,23744,-34,9,1023,
43813564,19093,23744,-34,9,1023,
43813569,19049,23744,-36,9,1023,
43813574,19001,23752,-36,9,1023,
43813579,18952,23752,-37,9,1023,
43813584,18909,23752,-37,9,1023,
43813589,18866,23752,-39,9,1023,
43813594,18821,23752,-39,9,1023,
43813599,18770,23752,-40,8,1023,
43813604,18711,23752,-40,8,1023,
43813609,18649,23752,-41,10,1023,
43813614,18587,23752,-41,10,1023,
43813619,18531,23760,-41,10,1023,
43813624,18480,23760,-41,10,1023,
43813629,18435,23760,-41,10,1023,
43813634,18391,23760,-41,10,1023,
43813639,18349,23760,-40,10,1023,
43813644,18306,23760,-40,10,1023,
43813649,18259,23774,-38,10,1023,
43813654,18212,23781,-38,10,1023,
43813659,18164,23781,-38,10,1023,
43813664,18114,23797,-38,10,1023,
43813669,18068,23808,-38,10,1023,
43813674,18025,23818,-38,10,1023,
43813679,17985,23827,-38,10,1023,
43813684,17944,23835,-38,10,1023,
43813689,17900,23844,-38,10,1023,
43813694,17857,23855,-37,10,1023,
43813699,17818,23866,-37,10,1023,
43813704,17784,23875,-36,10,1023,
43813709,17752,23875,-36,9,1023,
43813714,17718,23875,-36,9,1023,
43813719,17682,23875,-36,9,1023,
43813724,17650,23875,-36,9,1023,
43813729,17620,23885,-36,9,1023,
43813734,17594,23885,-36,9,1023,
43813739,17570,23892,-36,9,1023,
43813744,17545,23892,-34,9,1023,
43813749,17520,23902,-34,9,1023,
43813754,17495,23902,-33,8,1023,
43813759,17467,23913,-33,8,1023,
43813764,17436,23913,-33,8,1023,
43813769,17401,23922,-33,8,1023,
43813774,17361,23929,-33,8,1023,
43813779,17323,23938,-32,9,1023,
43813784,17290,23949,-32,9,1023,
43813789,17261,23949,-32,9,1023,
43813794,17234,23962,-32,8,1023,
43813799,17205,23962,-32,8,1023,
43813804,17175,23962,-33,7,1023,
43813809,17148,23970,-33,7,1023,
43813814,17127,23970,-33,7,1023,
43813819,17108,23970,-35,8,1023,
43813824,17088,23978,-35,8,1023,
43813829,17067,23978,-36,7,1023,
43813834,17044,23978,-36,7,1023,
43813839,17022,23987,-36,7,1023,
43813844,17004,23987,-36,7,1023,
43813849,16986,23987,-36,7,1023,
43813854,16969,23995,-38,7,1023,
43813859,16953,23995,-39,7,1023,
43813864,16936,23995,-39,7,1023,
43813869,16919,23995,-41,7,1023,
43813874,16903,23995,-41,7,1023,
43813879,16884,24002,-41,7,1023,
43813884,16862,24002,-41,7,1023,
43813889,16838,24002,-41,7,1023,
43813894,16813,24002,-41,7,1023,
43813899,16790,24002,-41,7,1023,
43813904,16763,24002,-41,7,1023,
43813909,16738,24011,-41,7,1023,
43813914,16711,24011,-41,7,1023,
43813919,16682,24022,-41,7,1023,
43813924,16655,24022,-41,7,1023,
43813929,16623,24030,-39,7,1023,
43813934,16590,24030,-39,7,1023,
43813939,16558,24040,-38,7,1023,
43813944,16528,24040,-38,7,1023,
43813949,16501,24051,-38,7,1023,
43813954,16475,24051,-38,7,1023,
43813959,16448,24058,-38,7,1023,
43813964,16418,24058,-38,7,1023,
43813969,16384,24065,-38,7,1023,
43813974,16347,24072,-38,7,1023,
43813979,16308,24081,-38,7,1023,
43813984,16271,24092,-38,7,1023,
43813989,16237,24102,-38,7,1023,
43813994,16205,24110,-38,6,1023,
43813999,16178,24110,-38,6,1023,
43814004,16154,24118,-38,6,1023,
43814009,16132,24118,-38,6,1023,
43814014,16111,24118,-38,6,1023,
43814019,16090,24118,-38,6,1023,
43814024,16069,24118,-38,6,1023,
43814029,16049,24125,-38,6,1023,
43814034,16028,24125,-36,6,1023,
43814039,16007,24125,-36,6,1023,
43814044,15985,24133,-35,6,1023,
43814049,15965,24133,-35,6,1023,
43814054,15946,24133,-35,6,1023,
43814059,15929,24133,-35,6,1023,
43814064,15910,24140,-35,6,1023,
43814069,15891,24140,-35,6,1023,
43814074,15871,24148,-35,6,1023,
43814079,15854,24148,-35,6,1023,
43814084,15837,24148,-35,6,1023,
43814089,15821,24155,-35,6,1023,
43814094,15804,24155,-35,6,1023,
43814099,15786,24155,-35,6,1023,
43814104,15771,24165,-35,6,1023,
43814109,15757,24165,-35,6,1023,
43814114,15745,24175,-35,6,1023,
43814119,15735,24175,-35,6,1023,
43814124,15722,24175,-35,6,1023,
43814129,15708,24183,-34,6,1023,
43814134,15696,24183,-34,6,1023,
43814139,15683,24183,-32,6,1023,
43814144,15669,24183,-32,6,1023,
43814149,15653,24183,-32,6,1023,
43814154,15630,24183,-32,6,1023,
43814159,15607,24183,-32,6,1023,
43814164,15580,24183,-32,6,1023,
43814169,15549,24183,-32,6,1023,
43814174,15517,24183,-32,6,1023,
43814179,15481,24191,-32,6,1023,
43814184,15443,24201,-32,6,1023,
43814189,15409,24211,-32,6,1023,
43814194,15376,24223,-31,6,1023,
43814199,15339,24233,-31,6,1023,
43814204,15302,24242,-29,6,1023,
43814209,15265,24252,-29,6,1023,
43814214,15228,24252,-29,6,1023,
43814219,15199,24261,-29,6,1023,
43814224,15174,24261,-29,6,1023,
43814229,15151,24261,-29,6,1023,
43814234,15128,24261,-29,6,1023,
43814239,15103,24253,-31,6,1023,
43814244,15079,24253,-31,6,1023,
43814249,15056,24245,-32,6,1023,
43814254,15033,24245,-32,6,1023,
43814259,15012,24238,-34,6,1023,
43814264,14987,24238,-34,6,1023,
43814269,14963,24238,-35,6,1023,
43814274,14939,24238,-35,6,1023,
43814279,14915,24245,-36,6,1023,
43814284,14895,24245,-36,6,1023,
43814289,14874,24245,-38,6,1023,
43814294,14859,24253,-39,6,1023,
43814299,14846,24253,-39,6,1023,
43814304,14834,24253,-41,6,1023,
43814309,14827,24253,-41,6,1023,
43814314,14818,24253,-41,6,1023,
43814319,14809,24253,-41,6,1023,
43814324,14802,24253,-41,6,1023,
43814329,14795,24253,-41,6,1023,
43814334,14788,24253,-41,6,1023,
43814339,14781,24261,-41,6,1023,
43814344,14772,24261,-41,6,1023,
43814349,14763,24268,-41,6,1023,
43814354,14755,24268,-41,6,1023,
43814359,14755,24268,-39,6,1023,
43814364,14742,24268,-39,6,1023,
43814369,14734,24268,-38,6,1023,
43814374,14724,24275,-38,6,1023,
43814379,14717,24275,-38,6,1023,
43814384,14710,24275,-38,6,1023,
43814389,14710,24275,-38,6,1023,
43814394,14701,24275,-38,6,1023,
43814399,14693,24275,-38,6,1023,
43814404,14685,24275,-38,6,1023,
43814409,14677,24275,-38,6,1023,
43814414,14668,24275,-38,6,1023,
43814419,14658,24275,-38,6,1023,
43814424,14646,24275,-38,6,1023,
43814429,14631,24275,-38,6,1023,
43814434,14612,24275,-38,6,1023,
43814439,14593,24275,-38,6,1023,
43814444,14575,24275,-38,6,1023,
43814449,14558,24275,-38,6,1023,
43814454,14540,24275,-38,6,1023,
43814459,14520,24275,-38,6,1023,
43814464,14500,24275,-38,6,1023,
43814469,14480,24275,-38,6,1023,
43814474,14464,24267,-38,6,1023,
43814479,14451,24267,-38,6,1023,
43814484,14438,24267,-38,6,1023,
43814489,14427,24267,-38,6,1023,
43814494,14414,24267,-38,6,1023,
43814499,14398,24267,-38,6,1023,
43814504,14378,24267,-38,6,1023,
43814509,14356,24267,-38,6,1023,
43814514,14336,24267,-38,6,1023,
43814519,14322,24267,-38,6,1023,
43814524,14310,24267,-38,6,1023,
43814529,14302,24258,-38,6,1023,
43814534,14290,24258,-38,6,1023,
43814539,14279,24258,-36,6,1023,
43814544,14270,24258,-36,7,1023,
43814549,14262,24258,-36,7,1023,
43814554,14262,24258,-36,7,1023,
43814559,14255,24258,-36,7,1023,
43814564,14255,24258,-36,7,1023,
43814569,14255,24258,-36,7,1023,
43814574,14255,24258,-36,7,1023,
43814579,14255,24258,-36,7,1023,
43814584,14255,24258,-36,7,1023,
43814589,14248,24258,-36,7,1023,
43814594,14248,24258,-36,7,1023,
43814599,14248,24258,-36,7,1023,
43814604,14240,24258,-36,7,1023,
43814609,14240,24258,-36,7,1023,
43814614,14240,24258,-36,7,1023,
43814619,14233,24258,-36,7,1023,
43814624,14233,24258,-36,7,1023,
43814629,14233,24258,-36,7,1023,
43814634,14233,24258,-36,7,1023,
43814639,14225,24258,-36,7,1023,
43814644,14225,24258,-36,7,1023,
43814649,14225,24258,-36,7,1023,
43814654,14218,24258,-36,7,1023,
43814659,14218,24258,-36,7,1023,
43814664,14218,24258,-36,7,1023,
43814669,14218,24258,-36,7,1023,
43814674,14218,24258,-36,7,1023,
43814679,14218,24258,-36,7,1023,
43814684,14218,24258,-36,7,1023,
43814689,14218,24251,-36,7,1023,
43814694,14218,24251,-36,7,1023,
43814699,14211,24251,-36,7,1023,
43814704,14211,24251,-36,7,1023,
43814709,14211,24251,-36,7,1023,
43814714,14202,24251,-36,7,1023,
43814719,14202,24251,-36,7,1023,
43814724,14202,24251,-36,7,1023,
43814729,14202,24251,-36,7,1023,
43814734,14202,24251,-36,7,1023,
43814739,14202,24251,-36,7,1023,
43814744,14202,24251,-36,7,1023,
43814749,14202,24251,-36,7,1023,
43814754,14202,24251,-36,7,1023,
43814759,14202,24251,-36,7,1023,
43814764,14202,24251,-36,7,1023,
43814769,14202,24251,-36,7,1001,
43814774,14202,24251,-36,7,908,
43814779,14202,24251,-36,7,794,
43814784,14202,24251,-36,7,662,
43814789,14202,24251,-36,7,493,
43814794,14202,24240,-36,7,309,
43814799,14189,24221,-36,7,64,
43814804,14189,24221,-36,7,0,
43814809,14167,24141,-36,7,0,
43814814,14167,24098,-36,7,0,
43814819,14167,24061,-36,7,0,
43814824,14177,24037,-36,7,0,
43814829,14190,24011,-37,9,0,
43814834,14205,23978,-39,9,0,
43814839,14216,23934,-39,9,0,
43814844,14228,23876,-40,10,0,
43814849,14239,23809,-40,10,0,
43814854,14246,23736,-41,11,0,
43814859,14246,23657,-41,12,0,
43814864,14246,23574,-42,12,0,
43814869,14246,23490,-42,12,0,
43814874,14231,23400,-44,12,0,
43814879,14219,23308,-45,11,0,
43814884,14204,23213,-45,11,0,
43814889,14186,23121,-47,10,0,
43814894,14164,23036,-47,10,0,
43814899,14141,22956,-47,8,0,
43814904,14115,22884,-47,8,0,
43814909,14085,22815,-49,6,0,
43814914,14049,22749,-49,6,0,
43814919,14005,22689,-49,6,0,
43814924,13956,22636,-48,5,0,
43814929,13901,22586,-48,5,0,
43814934,13845,22539,-46,5,0,
43814939,13788,22498,-46,4,0,
43814944,13726,22456,-45,4,0,
43814949,13664,22417,-45,4,0,
43814954,13600,22380,-44,4,0,
43814959,13534,22343,-42,5,0,
43814964,13468,22309,-42,7,0,
43814969,13401,22278,-42,8,0,
43814974,13336,22253,-40,10,0,
43814979,13276,22230,-38,11,0,
43814984,13226,22208,-37,11,0,
43814989,13184,22186,-35,11,0,
43814994,13153,22163,-33,12,0,
43814999,13131,22143,-33,13,0,
43815004,13118,22126,-33,13,0,
43815009,13118,22110,-32,14,0,
43815014,13118,22097,-34,14,0,
43815019,13118,22084,-36,14,0,
43815024,13132,22073,-37,15,0,
43815029,13142,22065,-37,15,0,
43815034,13152,22065,-37,15,0,
43815039,13165,22056,-35,15,0,
43815044,13174,22056,-35,15,0,
43815049,13186,22056,-35,15,0,
43815054,13197,22056,-35,15,0,
43815059,13207,22056,-35,15,0,
43815064,13219,22067,-35,15,0,
43815069,13231,22074,-35,15,0,
43815074,13242,22074,-35,15,0,
43815079,13253,22083,-33,15,0,
43815084,13253,22083,-32,15,0,
43815089,13253,22083,-31,14,0,
43815094,13253,22083,-28,14,0,
43815099,13253,22071,-26,14,0,
43815104,13245,22063,-26,14,0,
43815109,13235,22055,-25,15,0,
43815114,13223,22047,-25,15,0,
43815119,13212,22040,-25,15,0,
43815124,13201,22032,-25,15,0,
43815129,13189,22032,-25,15,0,
43815134,13175,22025,-25,15,0,
43815139,13160,22025,-25,15,0,
43815144,13147,22025,-25,15,0,
43815149,13136,22035,-25,15,0,
43815154,13124,22035,-25,15,0,
43815159,13110,22035,-25,15,0,
43815164,13097,22035,-25,15,0,
43815169,13083,22035,-25,15,0,
43815174,13071,22035,-26,14,0,
43815179,13061,22026,-26,14,0,
43815184,13051,22026,-29,14,0,
43815189,13040,22026,-31,14,0,
43815194,13029,22026,-32,14,0,
43815199,13020,22042,-34,14,0,
43815204,13008,22056,-36,14,0,
43815209,12998,22068,-37,14,0,
43815214,12989,22078,-39,14,0,
43815219,12978,22085,-39,13,0,
43815224,12967,22085,-40,14,0,
43815229,12956,22085,-42,13,0,
43815234,12944,22085,-43,13,0,
43815239,12933,22085,-45,13,0,
43815244,12923,22073,-45,13,0,
43815249,12909,22073,-46,13,0,
43815254,12895,22065,-46,13,0,
43815259,12879,22065,-46,13,0,
43815264,12862,22057,-46,13,0,
43815269,12846,22057,-46,13,0,
43815274,12832,22057,-46,13,0,
43815279,12817,22057,-46,13,0,
43815284,12804,22070,-46,13,0,
43815289,12790,22080,-46,13,0,
43815294,12780,22091,-46,13,0,
43815299,12769,22099,-46,13,0,
43815304,12757,22099,-45,13,0,
43815309,12746,22099,-45,13,0,
43815314,12732,22099,-43,13,0,
43815319,12723,22090,-43,13,0,
43815324,12712,22080,-44,12,0,
43815329,12700,22071,-44,12,0,
43815334,12687,22062,-42,12,0,
43815337,12687,22062,-42,12,325,
43815342,12687,22039,-41,12,353,
43815347,12694,22029,-41,12,390,
43815352,12707,22029,-40,11,462,
43815357,12707,22029,-40,11,518,
43815362,12716,22029,-38,11,541,
43815367,12716,22037,-38,11,546,
43815372,12716,22037,-38,11,550,
43815377,12716,22046,-38,11,561,
43815382,12716,22046,-38,11,573,
43815387,12709,22046,-37,11,593,
43815392,12709,22046,-37,11,624,
43815397,12709,22046,-35,11,667,
43815402,12709,22038,-35,11,712,
43815407,12709,22038,-35,11,758,
43815412,12709,22038,-35,11,800,
43815417,12709,22038,-35,11,833,
43815422,12716,22046,-35,11,862,
43815427,12723,22046,-35,11,890,
43815432,12730,22053,-35,11,915,
43815437,12738,22053,-35,11,936,
43815442,12745,22063,-35,11,951,
43815447,12753,22063,-35,11,967,
43815452,12760,22072,-35,11,983,
43815457,12768,22072,-36,10,995,
43815462,12768,22083,-36,10,1005,
43815467,12780,22092,-36,10,1013,
43815472,12780,22092,-36,10,1023,
43815477,12789,22102,-36,10,1023,
43815482,12798,22102,-36,10,1023,
43815487,12806,22102,-36,10,1023,
43815492,12815,22109,-36,10,1023,
43815497,12826,22109,-36,10,1023,
43815502,12835,22124,-36,10,1023,
43815507,12845,22136,-36,10,1023,
43815512,12857,22149,-36,10,1023,
43815517,12868,22167,-36,10,1023,
43815522,12883,22190,-36,10,1023,
43815527,12900,22217,-36,10,1023,
43815532,12918,22249,-36,9,1023,
43815537,12941,22282,-36,9,1023,
43815542,12964,22309,-36,9,1023,
43815547,12986,22330,-36,9,1023,
43815552,13009,22340,-36,9,1023,
43815557,13030,22340,-36,9,1023,
43815562,13051,22340,-36,9,1023,
43815567,13074,22340,-37,9,1023,
43815572,13095,22350,-37,9,1023,
43815577,13119,22365,-36,7,1023,
43815582,13145,22389,-36,7,1023,
43815587,13170,22411,-35,8,1023,
43815592,13198,22433,-35,8,1023,
43815597,13224,22457,-33,7,1023,
43815602,13249,22484,-33,7,1023,
43815607,13277,22515,-32,8,1023,
43815612,13304,22549,-32,8,1023,
43815617,13328,22581,-30,8,1023,
43815622,13347,22607,-30,8,1023,
43815627,13359,22629,-29,7,1023,
43815632,13368,22646,-29,7,1023,
43815637,13377,22657,-28,8,1023,
43815642,13388,22666,-26,8,1023,
43815647,13402,22678,-26,8,1023,
43815652,13416,22691,-25,8,1023,
43815657,13434,22709,-25,8,1023,
43815662,13452,22731,-25,8,1023,
43815667,13470,22753,-25,8,1023,
43815672,13487,22771,-25,8,1023,
43815677,13502,22787,-25,8,1023,
43815682,13515,22803,-25,8,1023,
43815687,13526,22819,-25,8,1023,
43815692,13537,22837,-25,8,1023,
43815697,13550,22858,-26,8,1023,
43815702,13564,22879,-26,8,1023,
43815707,13580,22902,-28,8,1023,
43815712,13595,22926,-28,7,1023,
43815717,13608,22950,-28,7,1023,
43815722,13621,22968,-28,7,1023,
43815727,13637,22980,-28,7,1023,
43815732,13652,22980,-28,7,1023,
43815737,13665,22989,-28,7,1023,
43815742,13678,22998,-27,5,1023,
43815747,13688,23011,-27,5,1023,
43815752,13702,23031,-27,5,1023,
43815757,13717,23053,-27,5,1023,
43815762,13732,23077,-27,5,1023,
43815767,13750,23106,-27,5,1023,
43815772,13768,23139,-27,5,1023,
43815777,13784,23172,-28,4,1023,
43815782,13800,23198,-28,4,1023,
43815787,13810,23219,-30,3,1023,
43815792,13818,23243,-30,3,1023,
43815797,13828,23271,-30,3,1023,
43815802,13841,23307,-30,2,1023,
43815807,13856,23343,-30,2,1023,
43815812,13870,23366,-30,2,1023,
43815817,13881,23379,-30,2,1023,
43815822,13888,23389,-30,1,1023,
43815827,13895,23401,-30,1,1023,
43815832,13895,23416,-30,1,1023,
43815837,13910,23435,-30,1,1023,
43815842,13918,23452,-30,0,1023,
43815847,13918,23467,-30,0,1023,
43815852,13929,23467,-30,0,1023,
43815857,13929,23479,-30,0,1023,
43815862,13938,23479,-30,0,1023,
43815867,13947,23490,-30,0,1023,
43815872,13957,23504,-31,0,1023,
43815877,13969,23520,-31,0,1023,
43815882,13981,23535,-33,0,1023,
43815887,13992,23550,-33,0,1023,
43815892,14005,23564,-33,0,1023,
43815897,14017,23580,-33,0,1023,
43815902,14026,23599,-33,0,1023,
43815907,14034,23617,-33,0,1023,
43815912,14034,23635,-33,0,1023,
43815917,14048,23658,-33,0,1023,
43815923,14059,23687,-33,0,1023,
43815928,14073,23719,-33,1,1023,
43815933,14087,23748,-33,1,1023,
43815938,14100,23765,-33,1,1023,
43815943,14111,23773,-33,2,1023,
43815948,14123,23780,-33,2,1023,
43815953,14138,23790,-33,2,1023,
43815958,14149,23802,-33,4,1023,
43815963,14157,23815,-33,4,1023,
43815968,14164,23815,-33,4,1023,
43815973,14164,23815,-32,5,1023,
43815978,14176,23815,-32,5,1023,
43815983,14187,23826,-32,5,1023,
43815988,14198,23844,-32,5,1023,
43815993,14211,23867,-32,5,1023,
43815998,14227,23892,-32,5,1023,
43816003,14241,23912,-32,5,1023,
43816008,14252,23925,-32,5,1023,
43816013,14262,23935,-32,5,1023,
43816018,14262,23944,-32,5,1023,
43816023,14273,23952,-32,5,1023,
43816028,14280,23961,-32,5,1023,
43816033,14280,23968,-33,4,1023,
43816038,14289,23968,-33,4,1023,
43816043,14289,23978,-33,4,1023,
43816048,14289,23978,-33,4,1023,
43816053,14299,23988,-33,4,1023,
43816058,14306,23988,-34,3,1023,
43816063,14313,23997,-34,3,1023,
43816068,14322,24007,-35,3,1023,
43816073,14333,24025,-35,3,1023,
43816078,14347,24049,-35,3,1023,
43816083,14362,24077,-36,2,1023,
43816088,14376,24099,-36,2,1023,
43816093,14387,24117,-36,2,1023,
43816098,14397,24140,-36,2,1023,
43816103,14409,24176,-36,2,1023,
43816108,14424,24213,-36,2,1023,
43816113,14437,24245,-36,2,1023,
43816118,14447,24259,-36,2,1023,
43816123,14447,24259,-36,2,1023,
43816128,14454,24252,-36,2,1023,
43816133,14454,24252,-36,2,1023,
43816138,14454,24252,-36,2,1023,
43816143,14464,24252,-36,2,1023,
43816148,14464,24252,-36,1,1023,
43816153,14472,24252,-36,1,1023,
43816158,14472,24261,-36,1,1023,
43816163,14472,24261,-36,1,1023,
43816168,14472,24261,-36,1,1023,
43816173,14479,24261,-36,1,1023,
43816178,14479,24261,-37,2,1023,
43816183,14479,24261,-37,2,1023,
43816188,14479,24261,-38,2,1023,
43816193,14479,24261,-38,2,1023,
43816198,14479,24261,-38,2,1023,
43816203,14479,24261,-38,2,1023,
43816208,14479,24261,-38,2,1023,
43816213,14479,24261,-38,2,1023,
43816218,14479,24261,-38,2,1023,
43816223,14479,24261,-38,2,1023,
43816228,14479,24261,-38,2,1023,
43816233,14479,24261,-38,2,1023,
43816238,14479,24261,-38,2,1023,
43816243,14479,24261,-38,2,1023,
43816248,14479,24261,-38,2,1023,
43816253,14479,24261,-38,2,1023,
43816258,14479,24261,-38,2,939,
43816263,14479,24261,-38,2,763,
43816268,14479,24261,-38,2,480,
43816273,14479,24261,-38,2,0,
43816278,14479,24279,-38,2,0,
43816283,14493,24300,-38,2,0,
43816288,14530,24326,-38,2,0,
43816293,14588,24359,-40,2,0,
43816298,14642,24396,-41,2,0,
43816303,14678,24436,-43,1,0,
43816308,14678,24480,-45,1,0,
43816313,14631,24530,-48,0,0,
43816318,14562,24579,-51,0,0,
43816323,14483,24636,-54,0,0,
43816328,14411,24702,-56,-1,0,
43816333,14411,24702,-56,-1,0,
