44854463,20326,17622,54,-25,0,
44854468,20307,17622,54,-25,0,
44854473,20283,17606,53,-23,0,
44854478,20262,17593,52,-21,0,
44854483,20244,17593,51,-19,0,
44854488,20235,17593,52,-18,0,
44854493,20235,17603,51,-16,0,
44854498,20235,17625,52,-14,0,
44854503,20235,17652,52,-14,0,
44854508,20245,17682,52,-13,0,
44854513,20256,17710,54,-12,0,
44854518,20270,17733,54,-12,0,
44854523,20278,17750,55,-12,0,
44854528,20278,17750,55,-12,0,
44854533,20278,17750,55,-12,0,
44854538,20263,17742,55,-12,0,
44854543,20244,17724,55,-12,0,
44854548,20214,17706,55,-12,0,
44854553,20184,17690,55,-12,0,
44854558,20149,17679,55,-12,0,
44854563,20117,17672,55,-12,0,
44854568,20088,17672,56,-13,0,
44854573,20065,17672,56,-13,0,
44854578,20047,17689,58,-12,0,
44854583,20037,17713,58,-12,0,
44854588,20037,17743,58,-13,0,
44854593,20037,17781,58,-13,0,
44854598,20045,17819,58,-13,0,
44854603,20054,17857,58,-13,0,
44854608,20062,17891,58,-13,0,
44854613,20062,17917,58,-13,0,
44854618,20062,17933,57,-14,0,
44854623,20062,17941,57,-14,0,
44854628,20054,17941,57,-14,0,
44854633,20039,17941,57,-15,0,
44854638,20022,17941,57,-15,0,
44854643,20005,17952,57,-17,0,
44854648,19995,17966,57,-17,0,
44854653,19988,17986,57,-17,0,
44854658,19988,18012,55,-18,0,
44854663,19980,18047,55,-18,0,
44854668,19980,18088,54,-19,0,
44854673,19980,18133,54,-19,0,
44854678,19987,18178,54,-19,0,
44854683,19994,18220,54,-20,0,
44854688,19994,18262,54,-20,0,
44854693,20003,18300,54,-20,0,
44854698,20003,18334,54,-21,0,
44854703,20013,18361,54,-21,0,
44854708,20013,18380,54,-21,0,
44854713,20021,18395,53,-22,0,
44854718,20021,18411,53,-22,0,
44854723,20014,18427,53,-22,0,
44854728,20007,18445,54,-25,0,
44854733,20007,18463,54,-25,0,
44854738,19997,18483,54,-25,0,
44854743,19997,18508,53,-26,0,
44854748,19989,18535,53,-26,0,
44854753,19989,18566,53,-26,0,
44854758,19989,18597,53,-26,0,
44854763,19998,18627,53,-27,0,
44854768,19998,18654,53,-27,0,
44854773,20009,18679,53,-27,0,
44854778,20009,18699,53,-27,0,
44854783,20018,18713,53,-27,0,
44854788,20018,18722,53,-27,0,
44854793,20026,18722,53,-27,0,
44854798,20026,18722,53,-27,0,
44854803,20026,18722,53,-27,0,
44854808,20015,18715,53,-28,0,
44854813,20015,18715,53,-28,0,
44854818,20007,18715,53,-28,0,
44854823,20007,18722,53,-28,0,
44854828,20007,18736,53,-28,0,
44854833,20017,18755,53,-28,0,
44854838,20026,18778,53,-28,0,
44854843,20036,18803,53,-28,0,
44854848,20050,18828,53,-28,0,
44854853,20065,18855,52,-28,0,
44854858,20076,18880,52,-28,0,
44854857,20076,18880,50,-29,31,
44854862,20076,18916,50,-29,84,
44854867,20076,18923,50,-29,135,
44854872,20069,18923,50,-29,185,
44854877,20058,18923,50,-29,216,
44854882,20049,18923,50,-29,235,
44854887,20041,18923,50,-29,253,
44854892,20041,18923,50,-29,265,
44854897,20041,18923,50,-29,266,
44854902,20041,18923,50,-29,264,
44854907,20041,18923,50,-29,260,
44854912,20041,18916,50,-29,257,
44854917,20041,18916,50,-29,254,
44854922,20041,18916,50,-29,253,
44854927,20053,18916,50,-29,252,
44854932,20053,18907,50,-29,254,
44854937,20053,18907,50,-29,258,
44854942,20062,18907,50,-29,269,
44854947,20062,18907,50,-29,286,
44854952,20070,18897,50,-29,307,
44854957,20070,18889,50,-29,313,
44854962,20077,18881,50,-29,316,
44854967,20077,18871,50,-29,323,
44854972,20077,18856,50,-29,340,
44854977,20086,18839,50,-29,341,
44854982,20086,18817,50,-29,341,
44854987,20096,18791,50,-29,363,
44854992,20096,18764,50,-29,365,
44854997,20104,18738,50,-29,363,
44855002,20104,18712,50,-29,362,
44855007,20115,18689,50,-29,362,
44855012,20115,18668,50,-29,362,
44855017,20123,18646,50,-29,365,
44855022,20123,18624,50,-29,371,
44855027,20123,18600,51,-28,393,
44855032,20135,18572,51,-28,417,
44855037,20143,18544,51,-28,415,
44855042,20143,18510,51,-28,425,
44855047,20151,18477,51,-28,450,
44855052,20151,18443,51,-28,453,
44855057,20151,18402,51,-28,466,
44855062,20151,18358,51,-28,484,
44855067,20162,18311,51,-28,485,
44855072,20162,18263,51,-28,483,
44855077,20172,18221,51,-28,479,
44855082,20172,18182,51,-28,477,
44855087,20182,18144,51,-28,477,
44855092,20190,18107,51,-28,477,
44855097,20198,18069,51,-28,474,
44855102,20206,18029,51,-28,479,
44855107,20206,17990,50,-25,477,
44855112,20218,17950,50,-25,475,
44855117,20218,17910,50,-25,477,
44855122,20227,17867,50,-25,478,
44855127,20227,17823,51,-24,483,
44855132,20227,17778,51,-24,482,
44855137,20227,17726,51,-24,490,
44855142,20227,17673,51,-24,493,
44855147,20227,17617,51,-24,495,
44855152,20227,17561,51,-24,492,
44855157,20227,17511,50,-22,493,
44855162,20237,17467,50,-22,492,
44855167,20244,17425,50,-22,492,
44855172,20255,17384,51,-21,493,
44855177,20267,17345,51,-21,493,
44855182,20279,17305,51,-21,493,
44855187,20286,17264,51,-21,493,
44855192,20286,17227,51,-21,493,
44855197,20294,17188,51,-21,493,
44855202,20294,17150,51,-21,497,
44855207,20294,17112,51,-21,508,
44855212,20294,17066,51,-19,523,
44855217,20294,17015,51,-19,524,
44855223,20294,16961,51,-19,546,
44855228,20294,16904,51,-19,547,
44855233,20294,16850,51,-19,545,
44855238,20301,16795,51,-19,548,
44855243,20301,16739,51,-19,545,
44855248,20301,16684,51,-19,544,
44855253,20311,16631,52,-19,536,
44855258,20319,16582,52,-19,533,
44855263,20326,16535,52,-19,536,
44855268,20333,16492,52,-19,534,
44855273,20333,16451,52,-19,537,
44855278,20341,16410,52,-18,536,
44855283,20341,16369,52,-18,544,
44855288,20350,16328,52,-18,544,
44855293,20357,16285,52,-18,550,
44855298,20357,16240,52,-18,558,
44855303,20368,16189,51,-16,560,
44855308,20368,16128,51,-16,564,
44855313,20368,16057,51,-16,563,
44855318,20375,15982,51,-16,560,
44855323,20375,15907,52,-14,561,
44855328,20375,15838,52,-14,556,
44855333,20375,15774,52,-14,547,
44855338,20375,15712,52,-14,539,
44855343,20375,15656,52,-14,542,
44855348,20387,15603,52,-14,541,
44855353,20387,15557,50,-14,538,
44855358,20397,15517,51,-12,539,
44855363,20397,15478,49,-13,543,
44855368,20406,15440,49,-13,545,
44855373,20406,15402,49,-12,550,
44855378,20406,15359,49,-12,550,
44855383,20406,15315,49,-12,569,
44855388,20406,15267,50,-10,572,
44855393,20406,15216,50,-10,571,
44855398,20415,15162,50,-10,577,
44855403,20415,15104,50,-10,575,
44855408,20415,15045,50,-10,569,
44855413,20423,14984,50,-10,566,
44855418,20423,14925,50,-10,561,
44855423,20430,14870,50,-10,556,
44855428,20439,14818,50,-10,550,
44855433,20447,14773,50,-10,549,
44855438,20457,14733,50,-9,550,
44855443,20464,14695,50,-9,547,
44855448,20464,14663,50,-9,549,
44855453,20476,14626,50,-9,553,
44855458,20476,14588,50,-9,558,
44855463,20476,14549,50,-9,567,
44855468,20476,14508,49,-8,573,
44855473,20476,14469,49,-8,572,
44855478,20476,14427,49,-8,572,
44855483,20476,14385,49,-8,570,
44855488,20476,14342,49,-6,572,
44855493,20476,14302,49,-6,570,
44855498,20476,14264,49,-6,567,
44855503,20476,14226,49,-6,562,
44855508,20486,14189,49,-6,562,
44855513,20486,14151,49,-6,562,
44855518,20496,14115,49,-6,561,
44855523,20496,14084,49,-6,561,
44855528,20496,14057,49,-6,563,
44855533,20504,14031,49,-6,569,
44855538,20504,14006,49,-6,570,
44855543,20514,13978,49,-6,571,
44855548,20514,13946,49,-6,573,
44855553,20514,13915,49,-6,572,
44855558,20514,13884,49,-6,572,
44855563,20522,13852,49,-6,571,
44855568,20522,13819,49,-4,571,
44855573,20530,13786,49,-4,571,
44855578,20530,13756,49,-4,572,
44855583,20530,13727,49,-4,570,
44855588,20537,13703,49,-4,570,
44855593,20537,13680,49,-4,571,
44855598,20537,13652,49,-4,571,
44855603,20546,13619,49,-3,573,
44855608,20546,13586,49,-3,577,
44855613,20546,13548,49,-3,581,
44855618,20555,13515,49,-3,580,
44855623,20555,13486,49,-3,583,
44855628,20564,13458,49,-3,587,
44855633,20564,13432,49,-2,591,
44855638,20564,13402,49,-2,591,
44855643,20572,13372,49,-2,592,
44855648,20572,13342,49,-2,594,
44855653,20579,13313,49,-2,593,
44855658,20579,13289,49,0,592,
44855663,20588,13266,49,0,592,
44855668,20588,13241,49,0,588,
44855673,20595,13217,50,0,583,
44855678,20595,13189,50,0,586,
44855683,20602,13163,50,0,583,
44855688,20602,13142,50,0,574,
44855693,20602,13126,50,0,560,
44855698,20611,13113,50,0,538,
44855703,20611,13102,49,0,509,
44855708,20611,13090,49,0,480,
44855713,20618,13076,49,0,461,
44855718,20618,13058,49,0,414,
44855723,20618,13035,49,0,358,
44855728,20618,13005,49,0,275,
44855733,20627,12971,49,0,172,
44855738,20627,12938,49,0,54,
44855743,20627,12938,49,0,0,
44855748,20627,12895,49,0,0,
44855753,20610,12895,49,0,0,
44855758,20582,12895,49,0,0,
44855763,20541,12906,49,0,0,
44855768,20483,12932,49,0,0,
44855773,20413,12970,49,0,0,
44855778,20335,13026,49,0,0,
44855783,20257,13092,49,-2,0,
44855788,20185,13166,51,-2,0,
44855793,20124,13238,52,0,0,
44855798,20071,13307,54,0,0,
44855803,20031,13381,56,1,0,
44855808,20004,13455,59,4,0,
44855813,19995,13529,62,6,0,
44855818,20006,13612,66,8,0,
44855823,20025,13681,68,10,0,
44855828,20025,13681,68,10,0,
44856094,20574,18372,30,-65,0,
44856099,20566,18372,30,-65,0,
44856104,20555,18365,31,-63,0,
44856109,20539,18365,31,-63,0,
44856114,20529,18365,31,-63,0,
44856119,20537,18379,31,-63,0,
44856124,20558,18398,31,-63,0,
44856129,20597,18427,31,-63,0,
44856134,20648,18458,29,-64,0,
44856139,20704,18495,29,-64,0,
44856144,20760,18533,28,-63,0,
44856149,20810,18572,27,-63,0,
44856154,20840,18614,25,-66,0,
44856159,20850,18655,24,-66,0,
44856164,20837,18695,23,-68,0,
44856169,20802,18730,21,-67,0,
44856174,20747,18761,19,-69,0,
44856179,20673,18792,19,-69,0,
44856184,20583,18824,19,-71,0,
44856189,20485,18861,17,-71,0,
44856194,20391,18900,18,-72,0,
44856199,20306,18936,17,-74,0,
44856204,20246,18968,17,-75,0,
44856209,20210,18994,16,-77,0,
44856214,20210,19008,16,-77,0,
44856219,20230,19008,16,-78,0,
44856224,20278,19008,18,-78,0,
44856229,20330,18980,17,-80,0,
44856234,20371,18958,18,-79,0,
44856239,20399,18939,18,-79,0,
44856244,20414,18929,18,-78,0,
44856249,20426,18929,19,-78,0,
44856254,20426,18929,19,-78,0,
44856259,20426,18936,20,-76,0,
44856264,20416,18936,21,-74,0,
44856269,20394,18936,21,-73,0,
44856274,20374,18923,20,-72,0,
44856279,20359,18907,21,-70,0,
44856284,20359,18886,19,-69,0,
44856289,20359,18862,20,-67,0,
44856294,20392,18839,21,-66,0,
44856299,20433,18818,20,-66,0,
44856304,20477,18803,19,-65,0,
44856309,20521,18795,19,-63,0,
44856314,20559,18795,19,-63,0,
44856319,20589,18795,19,-62,0,
44856324,20610,18795,19,-62,0,
44856329,20623,18806,19,-62,0,
44856334,20631,18819,19,-62,0,
44856339,20638,18830,19,-60,0,
44856344,20647,18842,19,-60,0,
44856349,20647,18858,19,-60,0,
44856354,20647,18873,19,-60,0,
44856359,20634,18891,18,-61,0,
44856364,20611,18905,17,-62,0,
44856369,20586,18905,17,-62,0,
44856374,20563,18905,17,-62,0,
44856380,20537,18905,18,-64,0,
44856385,20503,18888,19,-63,0,
44856390,20462,18874,19,-63,0,
44856395,20412,18857,19,-63,0,
44856400,20353,18839,19,-62,0,
44856405,20289,18824,19,-62,0,
44856410,20217,18811,19,-62,0,
44856415,20140,18801,19,-62,0,
44856420,20064,18794,21,-61,0,
44856425,19996,18794,21,-61,0,
44856430,19940,18794,22,-61,0,
44856435,19902,18794,22,-61,0,
44856440,19884,18811,22,-59,0,
44856445,19884,18825,22,-59,0,
44856450,19904,18839,22,-59,0,
44856455,19928,18852,23,-59,0,
44856460,19950,18863,23,-59,0,
44856465,19965,18875,24,-58,0,
44856470,19977,18884,24,-58,0,
44856475,19986,18891,24,-58,0,
44856480,19986,18891,24,-58,0,
44856485,19986,18891,24,-58,0,
44856490,19976,18891,24,-60,0,
44856495,19953,18891,24,-60,0,
44856500,19927,18891,24,-60,0,
44856505,19903,18891,24,-60,0,
44856510,19886,18901,23,-62,0,
44856515,19875,18901,23,-62,0,
44856520,19875,18915,23,-62,0,
44856525,19875,18928,23,-62,0,
44856530,19887,18941,23,-62,0,
44856535,19907,18955,23,-62,0,
44856540,19933,18969,23,-62,0,
44856545,19961,18980,23,-62,0,
44856550,19990,18990,23,-62,0,
44856555,20019,18997,23,-62,0,
44856560,20045,18997,23,-62,0,
44856565,20068,18997,23,-62,0,
44856570,20084,18997,23,-62,0,
44856575,20091,18988,23,-62,0,
44856580,20091,18978,23,-62,0,
44856585,20072,18967,23,-62,0,
44856590,20054,18955,23,-62,0,
44856595,20029,18941,23,-62,0,
44856600,20003,18930,23,-62,0,
44856605,19979,18920,23,-62,0,
44856610,19954,18910,24,-60,0,
44856615,19938,18901,24,-60,0,
44856620,19929,18893,23,-60,0,
44856625,19929,18893,23,-60,0,
44856630,19936,18893,22,-61,0,
44856635,19945,18893,22,-61,0,
44856640,19958,18893,22,-59,0,
44856645,19975,18893,22,-59,0,
44856650,19993,18893,22,-59,0,
44856655,20009,18900,22,-59,0,
44856660,20017,18900,22,-59,0,
44856665,20017,18900,22,-58,0,
44856670,20008,18900,22,-58,0,
44856675,19993,18887,22,-58,0,
44856680,19974,18878,22,-58,0,
44856685,19951,18868,22,-58,0,
44856690,19927,18858,22,-58,0,
44856695,19903,18850,22,-56,0,
44856700,19882,18843,22,-56,0,
44856705,19862,18843,22,-56,0,
44856710,19845,18843,22,-56,0,
44856713,19845,18843,22,-56,15,
44856718,19821,18836,22,-56,27,
44856723,19821,18836,22,-56,34,
44856728,19821,18836,22,-56,40,
44856733,19829,18836,22,-56,54,
44856738,19837,18836,22,-56,77,
44856743,19845,18836,22,-56,106,
44856748,19845,18836,22,-56,146,
44856753,19858,18836,22,-56,190,
44856758,19858,18836,22,-56,233,
44856763,19866,18836,22,-56,275,
44856768,19866,18843,22,-56,307,
44856773,19866,18843,22,-56,331,
44856778,19866,18843,22,-56,353,
44856783,19866,18843,22,-56,370,
44856788,19866,18843,22,-56,384,
44856793,19866,18843,22,-56,396,
44856798,19866,18843,21,-57,401,
44856803,19866,18843,22,-55,404,
44856808,19866,18843,20,-56,401,
44856813,19866,18843,20,-56,399,
44856818,19877,18843,20,-56,398,
44856823,19877,18843,20,-56,398,
44856828,19889,18843,20,-56,403,
44856833,19897,18843,20,-56,417,
44856838,19908,18843,20,-56,437,
44856843,19920,18843,20,-56,454,
44856848,19932,18843,20,-56,469,
44856853,19944,18843,20,-56,479,
44856858,19954,18843,20,-56,490,
44856863,19962,18843,20,-56,498,
44856868,19972,18843,20,-56,510,
44856873,19985,18843,20,-57,520,
44856878,19999,18843,20,-57,529,
44856883,20018,18843,20,-57,538,
44856888,20036,18843,20,-57,541,
44856893,20055,18850,20,-57,541,
44856898,20077,18850,20,-57,545,
44856903,20103,18850,20,-57,556,
44856908,20135,18857,20,-57,560,
44856913,20173,18857,20,-57,571,
44856918,20213,18857,20,-57,574,
44856923,20254,18864,20,-57,577,
44856928,20294,18864,20,-57,583,
44856933,20332,18864,20,-57,590,
44856938,20368,18871,20,-57,590,
44856943,20399,18871,20,-57,590,
44856948,20428,18878,20,-57,596,
44856953,20459,18878,20,-57,608,
44856958,20496,18878,20,-57,615,
44856963,20536,18878,20,-57,618,
44856968,20579,18878,20,-57,620,
44856973,20615,18886,20,-57,619,
44856978,20654,18886,20,-57,627,
44856983,20700,18886,20,-57,631,
44856988,20753,18895,20,-57,632,
44856993,20809,18895,20,-57,631,
44856998,20863,18895,20,-57,631,
44857003,20913,18895,20,-57,633,
44857008,20964,18902,20,-57,627,
44857013,21023,18902,19,-57,623,
44857018,21083,18909,19,-57,627,
44857023,21143,18909,18,-56,627,
44857028,21203,18916,18,-56,631,
44857033,21263,18916,18,-56,630,
44857038,21326,18916,18,-56,630,
44857043,21386,18916,18,-56,630,
44857048,21441,18916,18,-56,631,
44857053,21487,18916,18,-56,630,
44857058,21528,18923,18,-56,634,
44857063,21574,18923,18,-56,639,
44857068,21625,18923,17,-57,657,
44857073,21679,18923,16,-58,662,
44857078,21732,18923,15,-59,663,
44857083,21779,18933,15,-59,663,
44857088,21824,18933,15,-59,666,
44857093,21870,18941,15,-59,670,
44857098,21917,18941,15,-59,667,
44857103,21966,18951,15,-59,667,
44857108,22019,18959,15,-59,667,
44857113,22078,18959,15,-59,664,
44857119,22145,18970,15,-59,661,
44857124,22217,18970,15,-59,659,
44857129,22289,18979,15,-59,654,
44857134,22355,18979,15,-59,656,
44857139,22413,18988,15,-59,656,
44857144,22468,18988,15,-59,658,
44857149,22525,18996,15,-59,656,
44857154,22584,18996,15,-59,658,
44857159,22642,19004,15,-59,658,
44857164,22701,19004,14,-59,657,
44857169,22754,19014,14,-59,656,
44857174,22804,19014,13,-59,657,
44857179,22855,19023,13,-59,657,
44857184,22907,19023,13,-59,661,
44857189,22961,19023,13,-59,659,
44857194,23016,19032,13,-59,661,
44857199,23077,19032,13,-59,664,
44857204,23137,19032,13,-59,662,
44857209,23203,19032,13,-59,664,
44857214,23272,19041,13,-59,663,
44857219,23339,19041,13,-59,665,
44857224,23410,19041,13,-59,667,
44857229,23482,19041,12,-59,666,
44857234,23554,19041,12,-59,667,
44857239,23617,19041,11,-59,666,
44857244,23668,19041,11,-59,667,
44857249,23706,19041,11,-59,667,
44857254,23739,19041,11,-59,667,
44857259,23774,19041,11,-59,667,
44857264,23811,19048,11,-59,669,
44857269,23845,19048,11,-59,668,
44857274,23879,19048,11,-59,671,
44857279,23916,19059,11,-59,672,
44857284,23958,19059,11,-59,670,
44857289,24002,19059,11,-59,672,
44857294,24051,19059,11,-59,673,
44857299,24103,19059,10,-58,667,
44857304,24155,19059,10,-58,668,
44857309,24216,19066,9,-58,667,
44857314,24280,19066,9,-58,664,
44857319,24345,19066,9,-58,662,
44857324,24405,19066,9,-58,659,
44857329,24453,19066,9,-58,663,
44857334,24495,19066,9,-58,662,
44857339,24529,19066,9,-58,663,
44857344,24565,19066,9,-58,667,
44857349,24598,19066,9,-58,676,
44857354,24625,19066,9,-58,688,
44857359,24647,19066,9,-58,706,
44857364,24667,19066,9,-58,712,
44857369,24687,19066,9,-58,714,
44857374,24710,19066,9,-58,714,
44857379,24734,19066,9,-58,712,
44857384,24758,19066,9,-58,712,
44857389,24785,19066,9,-58,711,
44857394,24817,19066,9,-58,709,
44857399,24855,19066,9,-58,706,
44857404,24895,19066,8,-59,706,
44857409,24934,19066,8,-59,709,
44857414,24967,19058,6,-59,709,
44857419,25001,19058,6,-59,711,
44857424,25035,19058,6,-59,714,
44857429,25064,19051,6,-59,715,
44857434,25088,19051,6,-59,721,
44857439,25102,19051,6,-59,735,
44857444,25110,19051,6,-59,749,
44857449,25118,19051,6,-59,756,
44857454,25129,19051,6,-59,761,
44857459,25140,19051,6,-59,763,
44857464,25151,19051,5,-59,763,
44857469,25160,19051,5,-59,761,
44857474,25171,19051,4,-59,760,
44857479,25184,19051,4,-59,758,
44857484,25203,19051,4,-59,758,
44857489,25226,19051,4,-59,758,
44857494,25249,19051,4,-59,757,
44857499,25269,19051,4,-59,746,
44857504,25284,19051,4,-59,732,
44857509,25293,19051,4,-59,716,
44857514,25300,19051,4,-59,700,
44857519,25300,19051,4,-59,676,
44857524,25318,19051,4,-59,650,
44857529,25343,19061,4,-59,608,
44857534,25381,19069,4,-59,563,
44857539,25435,19076,4,-59,527,
44857544,25497,19085,4,-59,473,
44857549,25555,19092,4,-59,459,
44857554,25607,19099,4,-59,448,
44857559,25650,19109,4,-59,432,
44857564,25687,19117,4,-59,436,
44857569,25718,19117,4,-60,442,
44857574,25739,19129,4,-60,455,
44857579,25752,19136,4,-60,475,
44857584,25752,19143,4,-60,508,
44857589,25752,19150,4,-60,533,
44857594,25752,19150,4,-60,552,
44857599,25752,19157,4,-60,562,
44857604,25761,19157,4,-60,563,
44857609,25761,19157,4,-60,562,
44857614,25769,19165,4,-60,560,
44857619,25769,19165,4,-60,557,
44857624,25784,19172,4,-60,553,
44857629,25797,19172,4,-62,548,
44857634,25813,19172,4,-60,536,
44857639,25828,19172,4,-60,528,
44857644,25843,19179,4,-60,515,
44857649,25858,19179,4,-60,498,
44857654,25871,19179,4,-60,483,
44857659,25884,19179,4,-60,472,
44857664,25897,19179,3,-61,461,
44857669,25908,19179,3,-61,453,
44857674,25921,19179,2,-61,446,
44857679,25935,19179,2,-61,435,
44857684,25950,19179,2,-61,433,
44857689,25966,19179,2,-61,432,
44857694,25982,19179,2,-61,425,
44857699,25995,19179,2,-61,407,
44857704,26008,19179,2,-61,368,
44857709,26018,19179,2,-61,313,
44857714,26029,19179,2,-61,250,
44857719,26039,19179,2,-61,188,
44857724,26039,19179,2,-61,119,
44857729,26048,19179,2,-61,52,
44857734,26048,19179,2,-61,0,
44857739,26048,19179,2,-61,0,
44857744,26048,19179,2,-61,0,
44857749,26048,19193,2,-61,0,
44857754,26048,19203,2,-61,0,
44857759,26055,19216,2,-61,0,
44857764,26055,19228,2,-61,0,
44857769,26072,19240,3,-62,0,
44857774,26090,19252,3,-62,0,
44857779,26112,19268,4,-62,0,
44857784,26136,19286,4,-63,0,
44857789,26162,19309,4,-63,0,
44857794,26182,19335,4,-65,0,
44857799,26199,19364,4,-66,0,
44857804,26199,19400,3,-67,0,
44857809,26199,19438,4,-70,0,
44857814,26187,19479,5,-72,0,
44857819,26172,19520,5,-74,0,
44857824,26162,19561,6,-77,0,
44857829,26153,19604,7,-81,0,
44857834,26142,19646,7,-83,0,
44857839,26142,19685,8,-82,0,
44857844,26142,19718,8,-82,0,
44857849,26152,19743,10,-82,0,
44857854,26170,19764,11,-82,0,
44857859,26184,19781,13,-82,0,
44857864,26202,19801,13,-82,0,
44857869,26223,19813,15,-81,0,
44857874,26252,19823,15,-81,0,
44857879,26285,19831,17,-82,0,
44857884,26326,19831,19,-82,0,
44857889,26360,19831,20,-82,0,
44857894,26384,19831,22,-78,0,
44857899,26404,19831,24,-73,0,
44857904,26415,19831,25,-70,0,
44857909,26432,19822,27,-65,0,
44857914,26440,19812,30,-59,0,
44857919,26440,19794,31,-54,0,
44857924,26449,19785,33,-49,0,
44857929,26449,19772,35,-44,0,
44857934,26449,19763,37,-41,0,
44857939,26449,19747,36,-39,0,
44857944,26449,19725,38,-38,0,
44857949,26438,19703,38,-38,0,
44857954,26438,19674,38,-39,0,
44857959,26438,19648,38,-44,0,
44857964,26446,19616,35,-49,0,
44857969,26446,19578,36,-55,0,
44857974,26453,19536,33,-63,0,
44857979,26453,19494,33,-68,0,
44857984,26453,19452,31,-74,0,
44857989,26463,19419,28,-79,0,
44857994,26471,19385,28,-79,0,
44857999,26486,19343,28,-79,0,
44858004,26500,19307,30,-80,0,
44858009,26514,19278,30,-80,0,
44858014,26525,19271,30,-80,0,
44858019,26525,19290,28,-79,0,
44858024,26513,19325,28,-79,0,
44858029,26489,19367,28,-79,0,
44858034,26466,19412,28,-79,0,
44858039,26449,19451,30,-80,0,
44858044,26449,19481,30,-80,0,
44858049,26449,19499,30,-80,0,
44858054,26449,19499,30,-80,0,
44858059,26449,19485,30,-80,0,
44858064,26449,19458,30,-80,0,
44858069,26433,19423,30,-80,0,
44858074,26415,19382,30,-80,0,
44858079,26395,19349,30,-80,0,
44858084,26372,19321,30,-80,0,
44858089,26351,19298,32,-79,0,
44858094,26329,19285,32,-79,0,
44858099,26307,19275,33,-79,0,
44858104,26285,19275,33,-79,0,
44858109,26259,19275,33,-79,0,
44858114,26230,19275,33,-79,0,
44858119,26200,19267,33,-79,0,
44858124,26169,19267,33,-79,0,
44858129,26142,19250,33,-79,0,
44858134,26116,19232,34,-77,0,
44858139,26088,19206,35,-75,0,
44858144,26055,19168,37,-69,0,
44858149,26016,19121,38,-67,0,
44858154,25973,19067,38,-64,0,
44858159,25931,19012,40,-61,0,
44858164,25898,18964,41,-59,0,
44858169,25875,18925,41,-57,0,
44858174,25867,18896,41,-55,0,
44858179,25874,18876,42,-54,0,
44858184,25893,18876,42,-52,0,
44858189,25921,18876,44,-51,0,
44858194,25953,18901,44,-49,0,
44858199,25987,18936,46,-47,0,
44858204,26023,18975,47,-47,0,
44858209,26056,19011,46,-45,0,
44858214,26085,19040,47,-44,0,
44858219,26108,19058,45,-44,0,
44858224,26117,19067,46,-43,0,
44858229,26117,19067,44,-43,0,
44858234,26108,19067,44,-43,0,
44858239,26093,19067,45,-42,0,
44858244,26078,19067,45,-42,0,
44858249,26068,19067,45,-42,0,
44858254,26059,19074,45,-42,0,
44858259,26059,19094,45,-42,0,
44858264,26059,19120,45,-42,0,
44858269,26051,19156,45,-42,0,
44858274,26051,19198,45,-42,0,
44858279,26040,19244,45,-42,0,
44858284,26020,19289,44,-43,0,
44858289,25994,19329,44,-43,0,
44858294,25961,19359,44,-43,0,
44858299,25922,19376,44,-43,0,
44858304,25882,19376,44,-43,0,
44858309,25839,19376,44,-43,0,
44858314,25795,19367,45,-45,0,
44858319,25757,19354,45,-45,0,
44858324,25727,19340,45,-45,0,
44858329,25704,19328,45,-45,0,
44858334,25690,19318,45,-45,0,
44858339,25690,19311,45,-45,0,
44858344,25690,19311,45,-45,0,
44858349,25690,19311,45,-45,0,
44858354,25703,19311,45,-45,0,
44858359,25711,19324,45,-45,0,
44858364,25711,19334,45,-45,0,
44858369,25711,19334,45,-45,0,
44858374,25711,19342,45,-45,0,
44858379,25697,19342,45,-45,0,
44858384,25683,19328,44,-45,0,
44858389,25667,19317,46,-46,0,
44858394,25653,19305,46,-46,0,
44858399,25637,19291,46,-45,0,
44858404,25626,19280,47,-47,0,
44858409,25626,19269,47,-47,0,
44858414,25616,19269,47,-47,0,
44858419,25616,19269,47,-47,0,
44858424,25616,19269,47,-47,0,
44858429,25631,19269,47,-47,0,
44858434,25646,19280,47,-47,0,
44858439,25664,19290,47,-47,0,
44858444,25681,19302,47,-47,0,
44858449,25697,19314,47,-47,0,
44858454,25713,19325,46,-45,0,
44858459,25726,19332,46,-45,0,
44858464,25738,19332,46,-45,0,
44858469,25747,19339,46,-46,0,
44858474,25747,19339,46,-46,0,
44858479,25755,19339,44,-45,0,
44858484,25755,19339,45,-45,0,
44858489,25755,19332,45,-45,0,
44858494,25755,19332,45,-45,0,
44858499,25755,19324,45,-45,0,
44858504,25755,19324,45,-45,0,
44858509,25755,19324,45,-45,0,
44858514,25748,19324,43,-44,0,
44858519,25748,19324,43,-44,0,
44858524,25755,19324,42,-45,0,
44858529,25763,19332,42,-43,0,
44858534,25776,19341,42,-43,0,
44858539,25790,19349,42,-43,0,
44858544,25806,19358,42,-43,0,
44858549,25823,19365,42,-43,0,
44858554,25835,19365,42,-43,0,
44858559,25844,19373,42,-43,0,
44858564,25844,19373,42,-43,0,
44858569,25853,19373,42,-43,0,
44858574,25853,19363,42,-43,0,
44858579,25853,19355,43,-43,0,
44858584,25853,19347,41,-42,0,
44858589,25846,19339,41,-42,0,
44858594,25846,19339,40,-43,0,
44858599,25846,19326,40,-43,0,
44858604,25846,19316,40,-43,0,
44858609,25846,19307,40,-43,0,
44858614,25856,19300,40,-43,0,
44858619,25868,19300,40,-43,0,
44858624,25886,19300,40,-43,0,
44858629,25906,19300,40,-41,0,
44858634,25930,19300,40,-41,0,
44858639,25950,19307,40,-41,0,
44858644,25965,19307,40,-41,0,
44858649,25976,19315,40,-41,0,
44858654,25983,19315,40,-41,0,
44858657,25983,19315,40,-41,27,
44858662,25991,19315,40,-41,52,
44858667,26001,19315,40,-41,71,
44858672,26001,19315,40,-41,83,
44858677,26001,19315,40,-41,88,
44858682,26001,19315,40,-41,88,
44858687,26013,19315,40,-41,88,
44858692,26022,19307,40,-41,86,
44858697,26033,19307,40,-41,82,
44858702,26044,19307,40,-41,80,
44858707,26059,19307,39,-42,80,
44858712,26074,19307,39,-42,83,
44858717,26090,19307,38,-42,95,
44858722,26104,19307,38,-42,104,
44858727,26114,19315,38,-42,126,
44858732,26122,19322,38,-42,150,
44858737,26130,19322,38,-42,170,
44858742,26130,19331,38,-42,178,
44858747,26142,19331,38,-42,180,
44858752,26142,19331,38,-42,178,
44858757,26142,19331,38,-42,178,
44858762,26149,19331,38,-42,176,
44858767,26149,19331,38,-42,173,
44858772,26161,19331,38,-42,170,
44858777,26169,19331,38,-42,166,
44858782,26178,19331,38,-42,163,
44858787,26187,19331,38,-42,162,
44858792,26199,19331,38,-42,158,
44858797,26211,19338,38,-42,155,
44858802,26221,19338,38,-42,155,
44858807,26230,19338,38,-42,155,
44858812,26230,19347,38,-42,155,
44858817,26240,19347,38,-42,158,
44858822,26240,19354,38,-42,163,
44858827,26249,19354,38,-42,166,
44858832,26249,19354,38,-42,167,
44858837,26249,19354,38,-42,167,
44858842,26257,19354,38,-42,167,
44858847,26257,19354,38,-44,167,
44858852,26257,19354,38,-44,166,
44858857,26269,19354,38,-44,166,
44858862,26269,19354,38,-44,166,
44858867,26278,19361,38,-44,166,
44858872,26278,19361,38,-44,166,
44858877,26285,19361,38,-44,166,
44858882,26285,19361,38,-44,167,
44858887,26293,19361,38,-44,171,
44858892,26293,19361,38,-44,179,
44858897,26293,19361,38,-44,191,
44858902,26293,19361,38,-44,202,
44858907,26293,19361,38,-44,210,
44858912,26300,19361,38,-44,215,
44858917,26300,19361,38,-44,220,
44858922,26300,19369,38,-44,222,
44858927,26300,19369,38,-44,223,
44858932,26300,19369,38,-44,223,
44858937,26300,19369,38,-44,223,
44858942,26300,19369,38,-44,223,
44858947,26308,19369,38,-44,223,
44858952,26308,19369,38,-44,224,
44858957,26308,19376,38,-44,228,
44858962,26308,19376,38,-44,237,
44858967,26308,19376,38,-44,246,
44858972,26308,19376,38,-44,255,
44858977,26308,19376,38,-44,264,
44858982,26308,19376,38,-44,271,
44858988,26308,19376,38,-44,276,
44858993,26308,19368,38,-44,279,
44858998,26308,19368,38,-44,278,
44859003,26308,19368,38,-44,279,
44859008,26308,19368,38,-44,280,
44859013,26308,19368,38,-44,283,
44859018,26315,19368,38,-44,289,
44859023,26315,19359,38,-44,295,
44859028,26315,19359,38,-44,300,
44859033,26315,19359,38,-44,306,
44859038,26315,19350,38,-44,309,
44859043,26322,19350,38,-44,310,
44859048,26322,19343,38,-44,312,
44859053,26322,19343,38,-44,312,
44859058,26322,19330,38,-44,312,
44859063,26322,19320,38,-44,312,
44859068,26322,19310,38,-44,315,
44859073,26329,19297,38,-44,315,
44859078,26329,19283,38,-44,314,
44859083,26329,19270,38,-42,316,
44859088,26337,19254,38,-42,326,
44859093,26337,19236,38,-42,336,
44859098,26337,19216,38,-42,347,
44859103,26337,19195,38,-42,347,
44859108,26348,19172,38,-42,356,
44859113,26348,19148,38,-42,377,
44859118,26348,19124,38,-42,375,
44859123,26356,19099,38,-42,375,
44859128,26356,19073,38,-42,381,
44859133,26356,19043,37,-40,394,
44859138,26366,19009,37,-40,396,
44859143,26366,18972,37,-40,397,
44859148,26366,18933,37,-40,396,
44859153,26366,18894,37,-40,397,
44859158,26376,18855,37,-40,400,
44859163,26385,18818,37,-40,395,
44859168,26398,18781,37,-40,394,
44859173,26412,18744,37,-40,396,
44859178,26427,18706,38,-39,407,
44859183,26443,18665,38,-39,406,
44859188,26458,18620,38,-39,409,
44859193,26473,18574,38,-39,408,
44859198,26485,18525,38,-39,431,
44859203,26494,18473,38,-38,448,
44859208,26501,18421,38,-38,448,
44859213,26501,18368,38,-38,448,
44859218,26512,18313,38,-38,454,
44859223,26512,18256,38,-38,464,
44859228,26512,18192,38,-38,456,
44859233,26512,18126,38,-37,475,
44859238,26512,18060,38,-37,475,
44859243,26512,17996,38,-37,473,
44859248,26512,17935,38,-35,475,
44859253,26522,17877,38,-35,473,
44859258,26522,17824,38,-35,475,
44859263,26530,17770,38,-35,472,
44859268,26530,17716,39,-34,474,
44859273,26540,17663,39,-34,482,
44859278,26540,17608,39,-34,480,
44859283,26549,17560,39,-33,482,
44859288,26549,17515,39,-33,483,
44859293,26560,17470,39,-32,498,
44859298,26567,17421,39,-32,496,
44859303,26574,17366,39,-32,498,
44859308,26574,17317,39,-32,504,
44859313,26581,17269,39,-32,503,
44859318,26581,17227,39,-32,504,
44859323,26590,17184,39,-32,508,
44859328,26590,17139,39,-32,504,
44859333,26600,17097,39,-32,501,
44859338,26600,17052,39,-30,504,
44859343,26607,17003,39,-30,507,
44859348,26607,16951,39,-30,501,
44859353,26607,16899,39,-30,508,
44859358,26615,16848,39,-30,506,
44859363,26615,16804,39,-30,504,
44859368,26630,16762,39,-32,508,
44859373,26630,16716,39,-32,508,
44859378,26638,16670,39,-30,507,
44859383,26638,16623,39,-30,509,
44859388,26638,16574,39,-30,516,
44859393,26646,16528,40,-29,518,
44859398,26646,16484,40,-29,517,
44859403,26646,16439,40,-29,518,
44859408,26637,16391,40,-29,516,
44859413,26637,16339,40,-29,496,
44859418,26626,16284,39,-27,506,
44859423,26626,16230,39,-27,504,
44859428,26616,16183,39,-27,507,
44859433,26616,16144,39,-27,509,
44859438,26616,16108,40,-27,508,
44859443,26626,16076,40,-27,509,
44859448,26626,16046,40,-27,510,
44859453,26637,16015,40,-27,513,
44859458,26637,15981,40,-27,516,
44859463,26637,15940,40,-25,517,
44859468,26644,15894,40,-25,498,
44859473,26644,15843,40,-25,524,
44859478,26644,15793,40,-24,520,
44859483,26644,15746,40,-24,524,
44859488,26644,15704,40,-24,524,
44859493,26644,15662,41,-22,524,
44859498,26644,15621,41,-22,526,
44859503,26644,15577,41,-22,524,
44859508,26637,15530,40,-21,525,
44859513,26637,15486,40,-21,523,
44859518,26637,15443,41,-20,520,
44859523,26637,15400,41,-20,495,
44859528,26637,15356,41,-20,504,
44859533,26637,15312,40,-18,501,
44859538,26637,15270,40,-18,500,
44859543,26637,15231,40,-18,504,
44859548,26647,15196,40,-18,504,
44859553,26647,15162,39,-19,504,
44859558,26660,15124,39,-19,509,
44859563,26660,15086,38,-19,512,
44859568,26660,15048,38,-20,514,
44859573,26660,15007,38,-20,512,
44859578,26660,14966,38,-20,515,
44859583,26660,14924,38,-20,490,
44859588,26660,14880,38,-20,510,
44859593,26660,14838,38,-20,508,
44859598,26660,14800,38,-20,506,
44859603,26660,14764,38,-20,508,
44859608,26660,14732,38,-22,508,
44859613,26669,14705,38,-22,506,
44859618,26669,14680,38,-20,504,
44859623,26677,14658,38,-20,507,
44859628,26677,14635,38,-20,508,
44859633,26686,14608,38,-19,504,
44859638,26686,14575,38,-19,475,
44859643,26696,14538,38,-19,488,
44859648,26696,14501,38,-19,483,
44859653,26696,14463,37,-17,483,
44859658,26707,14427,37,-17,476,
44859663,26707,14389,37,-17,475,
44859668,26707,14351,37,-17,472,
44859673,26717,14312,38,-16,466,
44859678,26717,14273,38,-16,454,
44859683,26725,14234,38,-16,449,
44859688,26732,14196,36,-16,441,
44859693,26739,14155,36,-16,361,
44859698,26739,14112,35,-16,402,
44859703,26748,14075,35,-15,402,
44859708,26748,14041,35,-15,405,
44859713,26759,14012,35,-15,414,
44859718,26768,13986,35,-15,421,
44859723,26777,13960,35,-15,429,
44859728,26777,13933,36,-14,432,
44859733,26789,13908,36,-14,432,
44859738,26789,13883,36,-14,433,
44859743,26799,13854,36,-14,435,
44859748,26799,13823,35,-12,432,
44859753,26810,13789,35,-12,407,
44859758,26810,13755,35,-12,419,
44859763,26820,13725,35,-12,412,
44859768,26820,13696,35,-11,414,
44859773,26829,13671,35,-11,414,
44859778,26829,13648,35,-11,415,
44859783,26840,13629,35,-11,418,
44859788,26840,13614,36,-10,423,
44859793,26848,13600,36,-10,424,
44859798,26848,13586,36,-10,425,
44859803,26855,13574,36,-10,425,
44859808,26855,13562,36,-10,423,
44859813,26855,13552,36,-10,421,
44859818,26855,13543,36,-9,420,
44859823,26862,13530,34,-9,414,
44859828,26862,13513,34,-9,388,
44859833,26862,13494,33,-8,351,
44859838,26870,13475,33,-8,289,
44859843,26870,13457,33,-7,204,
44859848,26870,13444,33,-7,77,
44859853,26870,13444,33,-7,0,
44859858,26870,13433,33,-7,0,
44859863,26870,13433,32,-6,0,
44859868,26856,13445,32,-6,0,
44859873,26843,13475,32,-6,0,
44859878,26828,13522,32,-6,0,
44859883,26814,13586,32,-6,0,
44859888,26800,13667,32,-6,0,
44859893,26786,13761,32,-5,0,
44859898,26774,13862,34,-5,0,
44859903,26761,13963,34,-5,0,
44859908,26753,14049,35,-5,0,
44859913,26753,14116,35,-6,0,
44859918,26745,14156,35,-6,0,
44859923,26733,14174,35,-6,0,
44859928,26719,14174,36,-7,0,
44859933,26706,14167,36,-7,0,
44859938,26694,14152,39,-9,0,
44859943,26684,14136,40,-8,0,
44859948,26662,14111,41,-10,0,
44859953,26662,14111,41,-10,0,
44860106,21554,14341,66,-50,0,
44860111,21533,14309,67,-48,0,
44860116,21494,14240,67,-48,0,
44860121,21424,14143,67,-48,0,
44860126,21316,14017,67,-47,0,
44860131,21189,13901,65,-46,0,
44860136,21038,13795,64,-46,0,
44860141,20877,13696,61,-45,0,
44860146,20720,13608,59,-46,0,
44860151,20570,13526,56,-45,0,
44860156,20438,13452,54,-45,0,
44860161,20336,13391,50,-45,0,
44860166,20265,13336,49,-46,0,
44860171,20231,13287,47,-47,0,
44860176,20231,13239,44,-49,0,
44860181,20231,13191,41,-51,0,
44860186,20258,13140,39,-53,0,
44860191,20275,13089,36,-55,0,
44860196,20284,13036,33,-57,0,
44860201,20284,12981,30,-59,0,
44860206,20260,12929,27,-62,0,
44860211,20230,12884,26,-62,0,
44860216,20197,12848,26,-64,0,
44860221,20166,12827,24,-67,0,
44860226,20151,12816,25,-69,0,
44860231,20144,12816,24,-70,0,
44860236,20144,12835,23,-72,0,
44860241,20166,12858,22,-74,0,
44860246,20189,12885,22,-74,0,
44860251,20226,12910,22,-74,0,
44860256,20274,12926,22,-73,0,
44860261,20333,12935,22,-73,0,
44860266,20398,12935,21,-71,0,
44860271,20467,12935,21,-71,0,
44860276,20533,12935,22,-70,0,
44860281,20594,12935,21,-70,0,
44860286,20645,12935,21,-70,0,
44860291,20681,12923,19,-69,0,
44860296,20703,12923,19,-69,0,
44860301,20716,12914,19,-69,0,
44860306,20724,12914,19,-68,0,
44860311,20724,12914,18,-68,0,
44860316,20736,12902,18,-68,0,
44860321,20736,12894,19,-66,0,
44860326,20736,12885,17,-67,0,
44860331,20718,12875,17,-65,0,
44860336,20702,12861,17,-64,0,
44860341,20681,12845,16,-63,0,
44860346,20658,12825,17,-61,0,
44860351,20632,12806,18,-59,0,
44860357,20604,12787,18,-59,0,
44860362,20578,12771,17,-58,0,
44860367,20556,12758,18,-56,0,
44860372,20537,12744,18,-56,0,
44860377,20520,12735,18,-55,0,
44860382,20505,12728,18,-55,0,
44860387,20492,12728,18,-55,0,
44860392,20492,12728,18,-55,0,
44860397,20492,12728,18,-55,0,
44860402,20503,12736,18,-53,0,
44860407,20518,12745,18,-53,0,
44860412,20531,12756,18,-53,0,
44860417,20542,12769,18,-53,0,
44860422,20549,12783,18,-53,0,
44860427,20549,12792,18,-53,0,
44860432,20549,12800,18,-53,0,
44860437,20533,12800,18,-53,0,
44860442,20514,12809,18,-53,0,
44860447,20489,12809,20,-53,0,
44860452,20459,12809,20,-53,0,
44860457,20429,12809,21,-52,0,
44860462,20397,12799,21,-52,0,
44860467,20370,12799,21,-52,0,
44860472,20347,12799,20,-54,0,
44860477,20330,12799,20,-54,0,
44860482,20318,12792,20,-54,0,
44860487,20311,12792,20,-54,0,
44860492,20311,12784,20,-54,0,
44860497,20311,12784,20,-54,0,
44860502,20311,12773,21,-52,0,
44860507,20311,12764,21,-52,0,
44860512,20311,12756,21,-52,0,
44860517,20320,12748,21,-52,0,
44860522,20320,12741,21,-52,0,
44860525,20320,12741,21,-52,44,
44860530,20320,12741,21,-52,85,
44860535,20320,12741,21,-51,111,
44860540,20320,12741,21,-51,153,
44860545,20327,12741,21,-51,194,
44860550,20327,12741,21,-51,232,
44860555,20340,12750,21,-51,263,
44860560,20351,12750,21,-51,294,
44860565,20362,12750,21,-51,334,
44860570,20372,12757,21,-51,369,
44860575,20383,12757,21,-51,399,
44860580,20394,12757,21,-51,424,
44860585,20408,12757,21,-51,443,
44860590,20422,12757,21,-49,459,
44860595,20436,12757,21,-49,474,
44860600,20447,12757,21,-49,486,
44860605,20458,12757,21,-49,496,
44860610,20472,12757,21,-49,507,
44860615,20491,12757,21,-51,517,
44860620,20512,12757,21,-51,523,
44860625,20534,12757,21,-51,529,
44860630,20553,12749,21,-51,539,
44860635,20569,12749,21,-51,545,
44860640,20583,12749,21,-51,553,
44860645,20598,12749,21,-51,568,
44860650,20613,12749,21,-51,586,
44860655,20632,12749,21,-51,602,
44860660,20653,12749,21,-51,615,
44860665,20677,12749,19,-51,621,
44860670,20708,12749,19,-51,641,
44860675,20739,12749,19,-52,642,
44860680,20771,12749,19,-52,646,
44860685,20803,12758,19,-52,667,
44860690,20836,12758,19,-52,682,
44860695,20875,12769,19,-52,688,
44860700,20921,12769,19,-52,700,
44860705,20970,12780,19,-52,713,
44860710,21016,12788,19,-52,711,
44860715,21059,12799,19,-52,713,
44860720,21101,12812,19,-52,718,
44860725,21148,12823,19,-52,734,
44860730,21197,12831,18,-52,737,
44860735,21244,12840,18,-52,737,
44860740,21293,12851,18,-52,740,
44860745,21343,12865,18,-52,746,
44860750,21394,12879,18,-52,749,
44860755,21456,12890,19,-52,753,
44860760,21512,12897,18,-52,756,
44860765,21564,12905,18,-52,757,
44860770,21617,12914,16,-51,758,
44860775,21669,12923,16,-51,758,
44860780,21727,12932,16,-51,757,
44860785,21786,12932,16,-51,757,
44860790,21846,12945,16,-51,758,
44860795,21909,12945,16,-51,758,
44860800,21974,12958,16,-51,758,
44860805,22043,12958,16,-51,758,
44860810,22114,12967,16,-51,758,
44860815,22180,12967,16,-51,753,
44860820,22240,12975,16,-53,756,
44860825,22294,12975,16,-53,758,
44860830,22346,12986,16,-53,758,
44860835,22401,12986,16,-53,783,
44860840,22460,12993,16,-53,784,
44860845,22523,12993,16,-53,786,
44860850,22582,13002,16,-53,789,
44860855,22640,13010,15,-53,793,
44860860,22698,13017,15,-53,790,
44860865,22757,13024,14,-53,793,
44860870,22819,13031,14,-53,788,
44860875,22879,13038,14,-53,787,
44860880,22943,13045,14,-53,791,
44860885,23008,13052,14,-53,793,
44860890,23078,13052,14,-53,793,
44860895,23151,13061,14,-53,793,
44860900,23221,13061,12,-54,793,
44860905,23287,13068,12,-54,792,
44860910,23351,13068,11,-54,792,
44860915,23412,13076,11,-54,798,
44860920,23470,13076,11,-54,797,
44860925,23523,13076,11,-54,799,
44860930,23570,13083,11,-54,803,
44860935,23612,13083,11,-54,804,
44860940,23654,13090,11,-54,807,
44860945,23698,13090,11,-54,807,
44860950,23748,13097,11,-54,809,
44860955,23802,13097,11,-54,806,
44860961,23859,13104,11,-54,806,
44860966,23913,13104,11,-54,804,
44860971,23969,13118,11,-55,805,
44860976,24033,13126,11,-55,803,
44860981,24104,13126,11,-55,802,
44860986,24182,13135,11,-55,805,
44860991,24260,13135,11,-55,805,
44860996,24334,13135,11,-55,809,
44861001,24402,13142,11,-55,807,
44861006,24466,13142,10,-54,809,
44861011,24522,13142,10,-54,809,
44861016,24575,13152,9,-54,813,
44861021,24624,13152,9,-54,818,
44861026,24672,13152,8,-56,820,
44861031,24723,13152,8,-56,817,
44861036,24769,13152,8,-56,817,
44861041,24812,13159,8,-56,820,
44861046,24854,13159,8,-56,822,
44861051,24895,13159,9,-57,831,
44861056,24941,13168,9,-57,833,
44861061,24989,13168,8,-57,830,
44861066,25037,13168,8,-57,832,
44861071,25083,13178,7,-57,842,
44861076,25126,13178,7,-57,845,
44861081,25168,13187,7,-57,843,
44861086,25204,13187,7,-57,842,
44861091,25238,13199,6,-59,842,
44861096,25266,13207,6,-59,840,
44861101,25293,13216,6,-59,839,
44861106,25324,13223,6,-59,840,
44861111,25364,13230,5,-59,842,
44861116,25411,13230,5,-59,842,
44861121,25459,13230,4,-60,840,
44861126,25504,13239,4,-60,837,
44861131,25548,13239,4,-60,841,
44861136,25588,13249,4,-60,838,
44861141,25627,13256,4,-60,838,
44861146,25666,13256,5,-62,839,
44861151,25698,13256,5,-62,839,
44861156,25723,13265,5,-62,841,
44861161,25748,13265,6,-62,839,
44861166,25772,13265,6,-62,839,
44861171,25795,13274,6,-63,839,
44861176,25816,13274,6,-63,839,
44861181,25836,13283,6,-63,838,
44861186,25855,13283,6,-63,836,
44861191,25874,13292,6,-63,835,
44861196,25893,13292,6,-63,834,
44861201,25911,13292,6,-63,836,
44861206,25929,13292,6,-63,836,
44861211,25947,13292,6,-63,836,
44861216,25965,13299,6,-63,838,
44861221,25977,13299,6,-63,841,
44861226,25991,13299,6,-63,842,
44861231,26008,13306,6,-63,843,
44861236,26034,13306,6,-63,845,
44861241,26064,13306,5,-63,846,
44861246,26093,13306,5,-63,845,
44861251,26119,13313,4,-63,845,
44861256,26145,13313,4,-63,847,
44861261,26173,13313,4,-63,848,
44861266,26205,13321,4,-65,849,
44861271,26237,13321,4,-65,853,
44861276,26263,13321,4,-65,856,
44861281,26281,13328,4,-65,862,
44861286,26294,13328,4,-65,870,
44861291,26304,13328,4,-65,875,
44861296,26315,13328,4,-65,879,
44861301,26330,13328,4,-65,882,
44861306,26349,13336,4,-65,884,
44861311,26373,13336,4,-65,883,
44861316,26400,13336,4,-65,885,
44861321,26423,13336,4,-65,883,
44861326,26442,13336,4,-65,882,
44861331,26459,13347,4,-65,882,
44861336,26474,13347,4,-65,883,
44861341,26491,13347,4,-65,884,
44861346,26510,13357,4,-65,884,
44861351,26530,13357,4,-65,883,
44861356,26552,13357,4,-63,882,
44861361,26575,13366,4,-63,879,
44861366,26601,13366,4,-62,862,
44861371,26626,13374,4,-62,833,
44861376,26651,13374,4,-60,777,
44861381,26673,13374,4,-59,676,
44861386,26690,13381,4,-59,531,
44861391,26700,13381,4,-58,278,
44861396,26700,13381,4,-58,0,
44861401,26707,13408,4,-56,0,
44861406,26700,13438,4,-55,0,
44861411,26685,13485,4,-55,0,
44861416,26664,13549,4,-53,0,
44861421,26640,13624,4,-52,0,
44861426,26611,13708,4,-52,0,
44861431,26594,13790,4,-51,0,
44861436,26594,13863,6,-51,0,
44861441,26616,13931,6,-51,0,
44861446,26666,13995,7,-50,0,
44861451,26726,14063,7,-52,0,
44861456,26789,14139,8,-53,0,
44861461,26857,14218,7,-55,0,
44861466,26927,14309,8,-56,0,
44861471,26991,14405,9,-58,0,
44861476,27054,14517,8,-61,0,
44861481,27054,14517,8,-61,0,
44861638,27054,17739,24,-44,0,
44861643,27030,17755,24,-44,0,
44861648,26963,17788,24,-44,0,
44861653,26885,17842,24,-44,0,
44861658,26805,17921,26,-44,0,
44861663,26747,18012,26,-44,0,
44861668,26724,18113,27,-45,0,
44861673,26713,18219,27,-46,0,
44861678,26700,18326,29,-47,0,
44861683,26700,18431,30,-50,0,
44861688,26700,18533,29,-51,0,
44861693,26718,18634,30,-52,0,
44861698,26747,18727,31,-55,0,
44861703,26787,18811,31,-57,0,
44861708,26836,18886,31,-60,0,
44861713,26891,18947,30,-60,0,
44861718,26946,18998,31,-63,0,
44861723,26992,19042,30,-65,0,
44861728,27021,19081,29,-67,0,
44861733,27028,19123,28,-67,0,
44861738,27010,19168,27,-68,0,
44861743,26968,19215,28,-69,0,
44861748,26908,19259,26,-70,0,
44861753,26836,19302,26,-71,0,
44861758,26771,19342,26,-71,0,
44861763,26725,19387,26,-71,0,
44861768,26711,19446,26,-71,0,
44861773,26737,19514,24,-72,0,
44861778,26797,19595,24,-72,0,
44861783,26886,19676,24,-70,0,
44861788,26988,19749,25,-69,0,
44861793,27098,19811,25,-66,0,
44861798,27197,19858,26,-62,0,
44861803,27281,19886,26,-61,0,
44861808,27339,19900,27,-60,0,
44861813,27364,19900,28,-57,0,
44861818,27356,19883,27,-56,0,
44861823,27321,19859,27,-54,0,
44861828,27265,19823,28,-52,0,
44861833,27196,19780,29,-50,0,
44861838,27120,19730,29,-47,0,
44861843,27044,19678,29,-45,0,
44861848,26971,19632,29,-43,0,
44861853,26910,19589,30,-39,0,
44861858,26861,19557,30,-37,0,
44861863,26820,19535,30,-37,0,
44861868,26788,19519,30,-37,0,
44861873,26757,19519,30,-39,0,
44861878,26731,19519,31,-40,0,
44861883,26709,19526,31,-42,0,
44861888,26693,19526,32,-43,0,
44861893,26682,19536,33,-44,0,
44861898,26673,19536,33,-46,0,
44861904,26665,19544,34,-47,0,
44861909,26656,19544,34,-48,0,
44861914,26647,19552,35,-50,0,
44861919,26638,19552,34,-52,0,
44861924,26627,19552,35,-52,0,
44861929,26610,19552,35,-54,0,
44861934,26589,19552,35,-56,0,
44861939,26566,19552,34,-57,0,
44861944,26547,19542,34,-58,0,
44861949,26537,19542,33,-60,0,
44861954,26537,19542,34,-58,0,
44861959,26537,19556,34,-58,0,
44861964,26537,19569,34,-58,0,
44861969,26537,19583,34,-57,0,
44861974,26537,19592,35,-56,0,
44861979,26537,19592,35,-54,0,
44861984,26528,19592,35,-52,0,
44861989,26519,19592,35,-51,0,
44861994,26506,19580,38,-49,0,
44861999,26492,19571,38,-47,0,
44862004,26476,19563,40,-46,0,
44862009,26460,19555,39,-44,0,
44862014,26441,19555,40,-43,0,
44862019,26424,19546,39,-43,0,
44862024,26407,19546,39,-42,0,
44862029,26396,19546,38,-42,0,
44862034,26396,19553,37,-40,0,
44862039,26396,19553,37,-40,0,
44862044,26396,19562,37,-40,0,
44862049,26396,19562,37,-40,0,
44862054,26404,19562,38,-42,0,
44862059,26413,19562,38,-42,0,
44862064,26422,19562,38,-44,0,
44862069,26422,19555,37,-44,0,
44862074,26422,19546,36,-47,0,
44862079,26422,19533,36,-47,0,
44862084,26407,19517,36,-48,0,
44862089,26389,19500,36,-48,0,
44862094,26368,19484,35,-49,0,
44862099,26344,19471,35,-49,0,
44862104,26319,19464,35,-49,0,
44862109,26300,19464,35,-49,0,
44862114,26290,19457,35,-49,0,
44862119,26290,19457,35,-49,0,
44862124,26290,19457,35,-49,0,
44862129,26297,19457,35,-49,0,
44862134,26297,19457,35,-49,0,
44862139,26311,19450,35,-49,0,
44862144,26319,19450,36,-48,0,
44862145,26319,19450,36,-48,8,
44862150,26326,19450,36,-48,53,
44862155,26326,19450,36,-48,96,
44862160,26326,19450,36,-48,142,
44862165,26313,19450,36,-48,180,
44862170,26306,19441,36,-48,218,
44862175,26297,19441,36,-48,242,
44862180,26289,19441,36,-48,254,
44862185,26289,19441,36,-48,260,
44862190,26280,19433,36,-48,260,
44862195,26280,19433,36,-48,259,
44862200,26280,19433,36,-48,257,
44862205,26280,19433,36,-48,255,
44862210,26280,19433,36,-48,257,
44862215,26280,19433,36,-47,270,
44862220,26290,19433,36,-47,298,
44862225,26290,19433,36,-47,330,
44862230,26290,19433,36,-47,364,
44862235,26297,19433,36,-47,390,
44862240,26297,19433,36,-47,409,
44862245,26297,19433,36,-47,425,
44862250,26297,19433,36,-47,435,
44862255,26297,19433,36,-47,442,
44862260,26297,19433,36,-47,445,
44862265,26297,19433,36,-47,446,
44862270,26297,19433,36,-47,445,
44862275,26297,19440,36,-47,443,
44862280,26306,19440,36,-47,441,
44862285,26306,19440,36,-48,441,
44862290,26316,19440,36,-48,442,
44862295,26316,19440,36,-48,445,
44862300,26331,19440,36,-48,452,
44862305,26345,19448,36,-48,464,
44862310,26360,19448,36,-48,475,
44862315,26374,19462,36,-48,493,
44862320,26390,19472,36,-48,518,
44862325,26405,19487,36,-48,532,
44862330,26424,19504,36,-48,543,
44862335,26446,19524,36,-48,564,
44862340,26473,19547,36,-48,569,
44862345,26501,19570,36,-48,571,
44862350,26527,19596,36,-48,588,
44862355,26556,19624,36,-47,587,
44862360,26588,19654,36,-47,589,
44862365,26625,19686,37,-44,593,
44862370,26661,19716,37,-44,596,
44862375,26695,19747,38,-44,595,
44862380,26729,19779,38,-44,598,
44862385,26765,19815,38,-44,604,
44862390,26808,19854,38,-42,617,
44862395,26856,19895,35,-42,616,
44862400,26905,19939,35,-42,619,
44862405,26955,19983,34,-41,618,
44862410,27002,20027,34,-41,623,
44862415,27046,20067,34,-41,624,
44862420,27091,20105,34,-41,622,
44862425,27135,20141,34,-41,620,
44862430,27181,20178,34,-41,620,
44862435,27228,20215,34,-41,619,
44862440,27270,20248,34,-41,620,
44862445,27310,20282,34,-43,620,
44862450,27356,20313,34,-43,620,
44862455,27404,20346,32,-43,614,
44862460,27449,20382,32,-44,613,
44862465,27496,20418,32,-44,603,
44862470,27539,20452,32,-44,601,
44862475,27581,20486,31,-45,602,
44862480,27627,20520,33,-46,599,
44862485,27673,20555,33,-46,601,
44862490,27720,20594,34,-45,608,
44862495,27769,20636,34,-45,604,
44862500,27822,20677,34,-47,595,
44862505,27878,20717,34,-47,593,
44862510,27931,20757,34,-47,594,
44862515,27978,20792,34,-47,589,
44862520,28021,20824,34,-47,590,
44862525,28059,20854,34,-47,588,
44862530,28098,20881,34,-47,592,
44862535,28136,20905,34,-47,595,
44862540,28168,20929,34,-47,598,
44862545,28197,20955,34,-48,602,
44862550,28225,20980,34,-48,607,
44862555,28255,21006,34,-48,620,
44862561,28285,21029,34,-48,621,
44862566,28313,21049,34,-48,624,
44862571,28335,21071,34,-48,624,
44862576,28358,21092,34,-48,624,
44862581,28379,21113,34,-48,624,
44862586,28403,21134,34,-48,619,
44862591,28428,21152,32,-48,619,
44862596,28453,21170,32,-48,617,
44862601,28471,21187,31,-48,618,
44862606,28485,21199,31,-48,619,
44862611,28495,21208,31,-50,621,
44862616,28505,21216,31,-50,623,
44862621,28519,21225,31,-50,624,
44862626,28533,21238,31,-50,626,
44862631,28548,21252,31,-50,627,
44862636,28561,21265,31,-50,628,
44862641,28574,21276,31,-50,630,
44862646,28587,21285,31,-50,629,
44862651,28600,21296,31,-50,627,
44862656,28614,21309,31,-50,627,
44862661,28627,21322,31,-50,627,
44862666,28641,21336,31,-50,626,
44862671,28661,21349,31,-50,623,
44862676,28682,21363,30,-51,624,
44862681,28701,21376,30,-51,624,
44862686,28715,21384,30,-51,625,
44862691,28715,21391,30,-51,627,
44862696,28724,21391,30,-51,630,
44862701,28724,21391,30,-51,636,
44862706,28733,21391,30,-51,641,
44862711,28733,21391,30,-51,645,
44862716,28733,21391,30,-51,647,
44862721,28733,21391,30,-51,647,
44862726,28733,21391,30,-51,644,
44862731,28733,21391,30,-51,642,
44862736,28733,21391,30,-51,634,
44862741,28733,21391,30,-51,624,
44862746,28733,21391,30,-51,613,
44862751,28733,21391,30,-51,595,
44862756,28733,21391,30,-51,564,
44862761,28733,21391,30,-51,516,
44862766,28733,21391,30,-51,439,
44862771,28733,21391,30,-51,323,
44862776,28733,21391,30,-51,152,
44862781,28733,21391,30,-51,0,
44862786,28733,21379,30,-51,0,
44862791,28721,21368,30,-51,0,
44862796,28694,21355,30,-51,0,
44862801,28655,21343,30,-51,0,
44862806,28608,21332,30,-51,0,
44862811,28556,21321,30,-51,0,
44862816,28503,21313,30,-52,0,
44862821,28441,21313,30,-52,0,
44862826,28373,21321,31,-54,0,
44862831,28307,21339,31,-55,0,
44862836,28249,21361,32,-56,0,
44862841,28211,21382,33,-57,0,
44862846,28195,21410,33,-60,0,
44862851,28202,21439,35,-63,0,
44862856,28230,21479,36,-65,0,
44862861,28277,21531,36,-68,0,
44862866,28341,21585,36,-71,0,
44862871,28419,21646,37,-76,0,
44862876,28510,21701,36,-78,0,
44862881,28603,21745,38,-78,0,
44862886,28697,21776,39,-77,0,
44862891,28796,21792,39,-77,0,
44862896,28888,21792,39,-77,0,
44862901,28983,21792,39,-77,0,
44862906,29071,21771,39,-77,0,
44862911,29150,21741,38,-78,0,
44862916,29224,21699,36,-78,0,
44862921,29287,21644,35,-78,0,
44862926,29340,21585,33,-79,0,
44862931,29377,21523,30,-80,0,
44862936,29407,21459,28,-79,0,
44862941,29437,21405,26,-80,0,
44862946,29474,21357,24,-81,0,
44862951,29512,21313,24,-81,0,
44862956,29543,21273,26,-80,0,
44862961,29553,21235,27,-80,0,
44862966,29544,21201,30,-80,0,
44862971,29513,21171,32,-79,0,
44862976,29468,21148,33,-79,0,
44862981,29423,21133,35,-78,0,
44862986,29378,21126,35,-78,0,
44862991,29344,21126,33,-79,0,
44862996,29322,21126,33,-79,0,
44863001,29302,21126,35,-78,0,
44863006,29284,21110,35,-78,0,
44863011,29268,21092,35,-76,0,
44863016,29249,21065,37,-74,0,
44863021,29230,21032,40,-69,0,
44863026,29213,20996,40,-66,0,
44863031,29199,20956,40,-64,0,
44863036,29199,20918,39,-62,0,
44863041,29199,20884,35,-59,0,
44863046,29207,20861,34,-58,0,
44863051,29218,20848,31,-57,0,
44863056,29228,20848,28,-55,0,
44863061,29241,20860,27,-54,0,
44863066,29257,20882,28,-53,0,
44863071,29277,20914,28,-52,0,
44863076,29302,20950,30,-50,0,
44863081,29326,20988,30,-49,0,
44863086,29348,21024,31,-47,0,
44863091,29361,21053,31,-47,0,
44863096,29361,21076,31,-45,0,
44863101,29361,21089,31,-45,0,
44863106,29338,21089,31,-45,0,
44863111,29315,21089,31,-45,0,
44863116,29290,21066,32,-44,0,
44863121,29267,21045,32,-44,0,
44863126,29247,21028,32,-44,0,
44863131,29231,21016,32,-44,0,
44863136,29221,21016,32,-44,0,
44863141,29221,21016,32,-44,0,
44863146,29221,21036,32,-44,0,
44863151,29221,21066,32,-44,0,
44863156,29240,21107,32,-44,0,
44863161,29257,21152,32,-44,0,
44863166,29275,21197,33,-44,0,
44863171,29292,21237,33,-44,0,
44863176,29305,21266,35,-44,0,
44863181,29305,21286,35,-44,0,
44863186,29305,21293,35,-44,0,
44863191,29277,21293,35,-44,0,
44863196,29242,21270,35,-44,0,
44863201,29198,21239,35,-44,0,
44863206,29148,21204,35,-44,0,
44863211,29095,21170,35,-44,0,
44863216,29041,21137,35,-44,0,
44863221,28994,21113,35,-44,0,
44863226,28957,21095,35,-44,0,
44863231,28931,21085,35,-44,0,
44863236,28919,21085,38,-44,0,
44863241,28910,21095,38,-44,0,
44863246,28910,21109,38,-42,0,
44863251,28910,21129,38,-42,0,
44863256,28917,21148,39,-42,0,
44863261,28924,21164,39,-42,0,
44863266,28924,21176,40,-41,0,
44863271,28917,21176,40,-41,0,
44863276,28901,21176,40,-41,0,
44863281,28880,21168,40,-41,0,
44863286,28857,21153,42,-42,0,
44863291,28833,21139,42,-42,0,
44863296,28807,21126,43,-40,0,
44863301,28784,21119,43,-40,0,
44863306,28765,21119,43,-40,0,
44863311,28753,21119,43,-40,0,
44863316,28753,21136,43,-40,0,
44863321,28753,21158,43,-40,0,
44863326,28753,21187,43,-40,0,
44863331,28762,21221,43,-40,0,
44863336,28771,21254,43,-40,0,
44863341,28782,21280,43,-40,0,
44863346,28791,21299,43,-39,0,
44863351,28791,21310,43,-39,0,
44863356,28791,21310,43,-39,0,
44863361,28774,21310,43,-39,0,
44863366,28755,21301,43,-39,0,
44863371,28734,21289,43,-39,0,
44863376,28716,21279,43,-39,0,
44863381,28699,21272,43,-39,0,
44863386,28686,21272,43,-39,0,
44863391,28677,21272,43,-39,0,
44863396,28677,21272,45,-39,0,
44863401,28677,21290,45,-39,0,
44863406,28687,21308,45,-38,0,
44863411,28700,21327,45,-39,0,
44863416,28714,21348,45,-39,0,
44863421,28731,21368,45,-39,0,
44863426,28749,21385,45,-39,0,
44863431,28766,21397,45,-38,0,
44863436,28779,21408,45,-39,0,
44863441,28779,21408,45,-39,0,
44863446,28789,21418,43,-39,0,
44863451,28789,21418,43,-39,0,
44863456,28789,21418,43,-39,0,
44863461,28797,21418,43,-39,0,
44863465,28797,21418,43,-39,5,
44863470,28797,21427,43,-39,14,
44863475,28809,21427,43,-39,24,
44863480,28809,21427,43,-39,29,
44863485,28823,21427,43,-39,41,
44863490,28823,21427,43,-39,56,
44863495,28834,21427,43,-39,68,
44863500,28834,21427,43,-39,82,
44863505,28845,21416,43,-39,102,
44863510,28853,21407,43,-39,124,
44863515,28861,21396,43,-39,137,
44863520,28868,21384,43,-39,149,
44863525,28876,21374,43,-39,174,
44863530,28884,21365,43,-39,188,
44863535,28891,21355,43,-39,204,
44863540,28899,21355,43,-39,225,
44863545,28899,21344,43,-39,237,
44863550,28908,21344,43,-39,255,
44863555,28908,21335,43,-39,273,
44863560,28908,21335,43,-39,284,
44863565,28919,21326,43,-39,295,
44863570,28919,21326,43,-39,302,
44863575,28919,21318,43,-39,306,
44863580,28926,21318,43,-39,312,
44863585,28926,21306,43,-39,322,
44863590,28926,21296,43,-39,334,
44863595,28934,21284,44,-38,336,
44863600,28934,21270,44,-38,352,
44863605,28942,21252,44,-38,384,
44863610,28942,21233,44,-38,396,
44863615,28942,21211,44,-38,403,
44863620,28951,21189,44,-38,401,
44863625,28951,21172,44,-38,398,
44863630,28962,21158,44,-38,396,
44863635,28962,21143,44,-38,409,
44863640,28976,21121,44,-38,457,
44863645,28985,21095,44,-38,462,
44863650,28995,21066,44,-38,459,
44863655,29005,21039,44,-38,456,
44863660,29012,21014,42,-38,456,
44863665,29019,20987,42,-35,468,
44863670,29019,20953,41,-37,473,
44863675,29032,20908,41,-37,492,
44863680,29040,20859,41,-37,504,
44863685,29047,20808,41,-37,524,
44863690,29055,20762,41,-37,520,
44863695,29063,20720,41,-37,531,
44863700,29075,20678,41,-34,542,
44863705,29089,20632,41,-34,542,
44863710,29104,20585,41,-34,569,
44863715,29115,20539,41,-34,560,
44863720,29124,20496,41,-34,562,
44863725,29132,20452,42,-34,563,
44863730,29141,20400,42,-34,573,
44863735,29151,20343,42,-34,578,
44863740,29161,20285,42,-34,579,
44863745,29172,20227,42,-34,605,
44863750,29182,20178,41,-32,599,
44863755,29193,20124,41,-32,604,
44863760,29200,20065,41,-32,617,
44863765,29207,20003,41,-32,619,
44863770,29207,19940,42,-31,619,
44863775,29207,19880,42,-31,620,
44863780,29219,19818,42,-31,621,
44863785,29227,19753,42,-29,621,
44863790,29236,19679,42,-29,625,
44863795,29243,19608,42,-29,624,
44863800,29250,19540,42,-28,623,
44863805,29257,19481,42,-28,624,
44863810,29268,19426,41,-27,628,
44863815,29280,19370,41,-27,641,
44863820,29292,19323,39,-27,636,
44863825,29301,19280,39,-27,636,
44863830,29311,19238,39,-27,641,
44863835,29311,19187,40,-27,636,
44863840,29322,19126,40,-27,641,
44863845,29322,19055,40,-27,642,
44863850,29330,18984,40,-27,639,
44863855,29330,18920,40,-27,639,
44863860,29344,18857,40,-27,642,
44863865,29351,18794,40,-27,640,
44863870,29351,18726,40,-27,639,
44863875,29351,18658,40,-27,630,
44863880,29351,18593,40,-27,637,
44863885,29359,18534,40,-25,639,
44863891,29369,18480,40,-25,639,
44863896,29381,18426,40,-25,640,
44863901,29393,18373,40,-24,641,
44863906,29405,18320,40,-24,641,
44863911,29414,18268,38,-24,641,
44863916,29421,18213,39,-22,632,
44863921,29421,18155,38,-22,644,
44863926,29428,18094,38,-22,644,
44863931,29428,18032,38,-22,642,
44863936,29428,17973,38,-22,642,
44863941,29437,17916,38,-22,644,
44863946,29437,17857,38,-20,643,
44863951,29437,17799,38,-20,644,
44863956,29444,17744,38,-19,641,
44863961,29454,17687,38,-19,645,
44863966,29462,17631,38,-19,641,
44863971,29471,17577,37,-17,641,
44863976,29481,17521,37,-17,642,
44863981,29491,17462,38,-16,611,
44863986,29499,17405,38,-16,626,
44863991,29507,17352,38,-16,623,
44863996,29518,17302,39,-16,624,
44864001,29526,17260,39,-16,623,
44864006,29533,17215,41,-15,626,
44864011,29533,17165,41,-15,626,
44864016,29533,17118,43,-14,624,
44864021,29533,17072,43,-14,624,
44864026,29542,17029,43,-14,623,
44864031,29542,16985,43,-14,621,
44864036,29554,16937,44,-14,619,
44864041,29554,16889,44,-14,610,
44864046,29561,16845,46,-14,606,
44864051,29569,16806,47,-14,601,
44864056,29569,16774,47,-14,596,
44864061,29582,16743,49,-14,594,
44864066,29593,16712,49,-14,595,
44864071,29600,16685,49,-13,594,
44864076,29607,16658,49,-13,596,
44864081,29607,16634,49,-13,601,
44864086,29615,16609,49,-12,600,
44864091,29615,16580,49,-12,601,
44864096,29623,16546,49,-12,607,
44864101,29623,16509,49,-12,608,
44864106,29623,16470,50,-10,608,
44864111,29631,16434,50,-10,610,
44864116,29631,16398,50,-10,607,
44864121,29638,16367,50,-10,601,
44864126,29638,16334,49,-9,592,
44864131,29638,16304,49,-9,590,
44864136,29647,16278,47,-10,590,
44864141,29647,16250,47,-10,533,
44864146,29659,16224,47,-10,560,
44864151,29659,16199,47,-10,563,
44864156,29668,16176,46,-8,558,
44864161,29668,16160,46,-8,561,
44864166,29668,16148,46,-8,565,
44864171,29668,16137,46,-8,569,
44864176,29676,16124,46,-8,570,
44864181,29676,16108,46,-8,571,
44864186,29676,16089,46,-7,571,
44864191,29676,16069,46,-7,572,
44864196,29676,16051,46,-7,572,
44864201,29676,16034,46,-7,571,
44864206,29676,16021,46,-7,570,
44864211,29676,16013,46,-7,563,
44864216,29676,16013,46,-5,549,
44864221,29676,16006,46,-5,537,
44864226,29676,16006,46,-5,520,
44864231,29676,16006,46,-5,498,
44864236,29676,16006,46,-5,465,
44864241,29676,16006,46,-5,410,
44864246,29676,16006,46,-5,322,
44864251,29676,16006,46,-5,191,
44864256,29664,16006,46,-5,42,
44864261,29664,16006,46,-5,0,
44864266,29644,15988,46,-5,0,
44864271,29624,15976,46,-4,0,
44864276,29594,15967,46,-4,0,
44864281,29550,15967,48,-5,0,
44864286,29494,15967,48,-5,0,
44864291,29432,15967,48,-5,0,
44864296,29361,15993,48,-5,0,
44864301,29288,16032,46,-4,0,
44864306,29214,16090,46,-4,0,
44864311,29143,16167,46,-4,0,
44864316,29088,16255,46,-4,0,
44864321,29047,16354,46,-4,0,
44864326,29030,16461,46,-4,0,
44864331,29022,16574,46,-5,0,
44864336,29022,16703,46,-8,0,
44864341,29046,16838,46,-9,0,
44864346,29064,16976,45,-13,0,
44864351,29094,17105,44,-16,0,
44864356,29117,17205,43,-21,0,
44864361,29133,17283,40,-26,0,
44864366,29144,17344,40,-31,0,
44864371,29144,17398,39,-36,0,
44864376,29144,17453,39,-43,0,
44864381,29144,17453,39,-43,0,
44864438,29144,16546,34,-43,0,
44864443,29129,16503,34,-41,0,
44864448,29083,16409,34,-41,0,
44864453,29002,16261,34,-41,0,
44864458,28879,16062,36,-40,0,
44864463,28734,15858,37,-38,0,
44864468,28572,15655,38,-37,0,
44864473,28414,15474,39,-36,0,
44864478,28273,15312,41,-34,0,
44864483,28160,15169,42,-35,0,
44864488,28080,15050,45,-35,0,
44864493,28029,14938,47,-36,0,
44864498,27996,14836,49,-35,0,
44864503,27979,14741,51,-35,0,
44864508,27971,14647,51,-37,0,
44864513,27971,14562,54,-36,0,
44864518,27962,14478,55,-36,0,
44864523,27953,14398,57,-36,0,
44864528,27937,14322,60,-34,0,
44864533,27911,14244,61,-34,0,
44864538,27868,14166,61,-34,0,
44864543,27812,14086,63,-35,0,
44864548,27742,14005,64,-35,0,
44864553,27663,13923,64,-35,0,
44864558,27570,13841,64,-34,0,
44864563,27473,13766,67,-32,0,
44864568,27373,13699,67,-31,0,
44864573,27276,13648,66,-31,0,
44864578,27199,13615,65,-30,0,
44864583,27135,13596,64,-29,0,
44864588,27089,13596,61,-28,0,
44864593,27055,13596,60,-28,0,
44864598,27027,13596,58,-28,0,
44864603,26995,13606,57,-28,0,
44864608,26957,13606,56,-27,0,
44864613,26911,13594,53,-27,0,
44864618,26853,13568,51,-27,0,
44864623,26791,13527,50,-25,0,
44864628,26723,13476,50,-26,0,
44864633,26655,13425,48,-26,0,
44864638,26602,13378,45,-26,0,
44864643,26566,13341,44,-26,0,
44864648,26550,13314,40,-26,0,
44864653,26550,13301,40,-26,0,
44864658,26567,13301,41,-27,0,
44864663,26587,13308,40,-28,0,
44864668,26614,13326,42,-28,0,
44864673,26645,13345,42,-29,0,
44864678,26678,13362,42,-29,0,
44864683,26709,13374,42,-29,0,
44864688,26734,13374,42,-29,0,
44864693,26749,13374,42,-29,0,
44864698,26749,13374,42,-29,0,
44864703,26749,13364,42,-29,0,
44864708,26749,13352,42,-29,0,
44864713,26742,13342,42,-29,0,
44864718,26733,13342,42,-29,0,
44864723,26733,13342,42,-29,0,
44864729,26733,13342,41,-30,0,
44864734,26745,13355,41,-30,0,
44864739,26761,13369,40,-29,0,
44864744,26781,13389,40,-29,0,
44864749,26798,13413,39,-27,0,
44864754,26815,13438,39,-27,0,
44864759,26831,13460,40,-29,0,
44864764,26842,13478,40,-29,0,
44864769,26842,13489,40,-29,0,
44864774,26842,13489,40,-29,0,
44864779,26842,13496,40,-29,0,
44864784,26842,13496,40,-29,0,
44864789,26828,13484,39,-30,0,
44864794,26815,13473,39,-30,0,
44864799,26798,13464,39,-30,0,
44864804,26780,13454,39,-30,0,
44864809,26762,13445,39,-30,0,
44864814,26748,13445,39,-30,0,
44864819,26737,13435,39,-30,0,
44864824,26737,13435,39,-32,0,
44864829,26728,13435,39,-32,0,
44864834,26728,13435,39,-32,0,
44864839,26735,13435,39,-32,0,
44864844,26743,13435,39,-32,0,
44864849,26750,13435,39,-32,0,
44864854,26750,13428,39,-32,0,
44864859,26750,13420,39,-32,0,
44864864,26750,13409,39,-32,0,
44864869,26736,13399,39,-32,0,
44864874,26721,13387,39,-32,0,
44864879,26702,13376,39,-32,0,
44864884,26682,13366,39,-32,0,
44864889,26664,13356,39,-32,0,
44864894,26652,13356,39,-32,0,
44864899,26652,13348,39,-32,0,
44864901,26652,13348,39,-32,5,
44864906,26644,13355,39,-32,7,
44864911,26644,13363,39,-32,17,
44864916,26644,13371,39,-30,30,
44864921,26656,13382,39,-30,52,
44864926,26664,13392,39,-30,80,
44864931,26664,13401,39,-30,125,
44864936,26675,13414,39,-30,179,
44864941,26675,13424,39,-30,219,
44864946,26675,13434,39,-32,248,
44864951,26686,13444,40,-31,277,
44864956,26686,13454,40,-31,292,
44864961,26696,13464,42,-31,302,
44864966,26696,13476,42,-31,317,
44864971,26710,13485,42,-31,350,
44864976,26719,13493,42,-31,375,
44864981,26730,13493,42,-31,390,
44864986,26739,13504,42,-31,412,
44864991,26751,13512,42,-31,446,
44864996,26766,13526,41,-32,453,
44865001,26784,13542,41,-32,459,
44865006,26808,13559,41,-32,490,
44865011,26832,13578,41,-33,513,
44865016,26856,13595,41,-33,540,
44865021,26879,13616,39,-33,553,
44865026,26903,13640,39,-33,569,
44865031,26928,13662,39,-33,592,
44865036,26954,13688,39,-34,607,
44865041,26980,13716,39,-34,600,
44865046,27010,13746,39,-34,605,
44865051,27042,13781,39,-34,636,
44865056,27077,13812,39,-34,642,
44865061,27116,13845,39,-34,642,
44865066,27159,13880,38,-35,650,
44865071,27201,13918,38,-35,656,
44865076,27250,13963,38,-35,656,
44865081,27299,14008,37,-36,662,
44865086,27344,14047,37,-37,674,
44865091,27391,14083,36,-37,686,
44865096,27435,14119,36,-37,697,
44865101,27481,14155,36,-37,698,
44865106,27526,14196,35,-38,705,
44865111,27569,14236,35,-38,722,
44865116,27608,14270,35,-38,729,
44865121,27639,14299,35,-38,746,
44865126,27665,14325,36,-39,765,
44865131,27687,14354,36,-39,778,
44865136,27711,14386,38,-39,781,
44865141,27740,14420,38,-39,785,
44865146,27775,14454,38,-39,785,
44865151,27808,14486,37,-40,793,
44865156,27841,14520,37,-40,791,
44865161,27874,14558,37,-40,790,
44865166,27911,14602,37,-40,788,
44865171,27958,14647,37,-40,784,
44865176,28008,14691,37,-40,784,
44865181,28058,14733,37,-40,784,
44865186,28106,14772,37,-40,783,
44865191,28154,14811,38,-42,787,
44865196,28205,14848,38,-42,785,
44865201,28257,14885,38,-42,787,
44865206,28310,14918,35,-42,789,
44865211,28353,14951,35,-42,787,
44865216,28388,14981,34,-43,787,
44865221,28424,15010,34,-43,787,
44865226,28460,15039,34,-43,784,
44865231,28500,15064,34,-43,784,
44865236,28538,15092,35,-44,778,
44865241,28571,15114,35,-44,772,
44865246,28601,15138,35,-44,772,
44865251,28633,15162,35,-44,770,
44865256,28666,15183,35,-44,772,
44865261,28699,15205,35,-44,770,
44865266,28730,15227,33,-44,767,
44865271,28760,15247,33,-46,769,
44865276,28787,15265,31,-45,772,
44865281,28811,15282,31,-45,773,
44865286,28834,15296,31,-45,775,
44865291,28852,15313,31,-45,775,
44865296,28869,15331,31,-45,776,
44865301,28891,15351,31,-45,774,
44865306,28914,15374,31,-47,773,
44865311,28940,15395,31,-47,756,
44865316,28965,15413,31,-47,763,
44865321,28983,15429,31,-47,772,
44865326,28998,15443,31,-47,775,
44865332,29015,15463,31,-47,775,
44865337,29038,15483,31,-45,775,
44865342,29065,15506,31,-45,775,
44865347,29094,15531,31,-45,778,
44865352,29124,15556,31,-46,779,
44865357,29156,15582,31,-46,777,
44865362,29190,15608,29,-45,775,
44865367,29222,15633,29,-45,772,
44865372,29247,15652,29,-45,773,
44865377,29267,15669,29,-45,774,
44865382,29281,15684,29,-43,775,
44865387,29294,15695,29,-43,776,
44865392,29303,15705,29,-43,780,
44865397,29310,15713,29,-43,785,
44865402,29310,15721,29,-43,790,
44865407,29323,15731,28,-44,793,
44865412,29330,15744,28,-44,794,
44865417,29341,15760,27,-43,797,
44865422,29354,15776,27,-43,799,
44865427,29367,15793,27,-43,799,
44865432,29385,15808,27,-43,799,
44865437,29397,15822,27,-45,798,
44865442,29409,15836,27,-45,798,
44865447,29423,15852,27,-45,797,
44865452,29440,15871,27,-45,788,
44865457,29465,15892,27,-45,769,
44865462,29492,15914,27,-45,768,
44865467,29514,15935,27,-45,767,
44865472,29531,15950,27,-46,769,
44865477,29542,15962,27,-46,772,
44865482,29542,15962,27,-46,774,
44865487,29552,15973,27,-46,777,
44865492,29552,15973,27,-46,777,
44865497,29552,15985,27,-46,774,
44865502,29562,15995,27,-46,763,
44865507,29562,16004,27,-46,735,
44865512,29574,16014,27,-48,695,
44865517,29574,16021,29,-47,625,
44865522,29574,16030,29,-47,504,
44865527,29574,16041,29,-47,325,
44865532,29584,16053,31,-47,58,
44865537,29584,16053,31,-47,0,
44865542,29568,16081,31,-47,0,
44865547,29535,16098,31,-47,0,
44865552,29478,16121,31,-47,0,
44865557,29401,16149,31,-47,0,
44865562,29299,16182,31,-47,0,
44865567,29174,16215,31,-47,0,
44865572,29029,16244,31,-47,0,
44865577,28866,16268,31,-48,0,
44865582,28695,16288,31,-48,0,
44865587,28525,16297,32,-48,0,
44865592,28365,16305,35,-50,0,
44865597,28224,16305,38,-49,0,
44865602,28105,16305,40,-49,0,
44865607,28010,16305,42,-51,0,
44865612,27935,16314,44,-49,0,
44865617,27873,16326,48,-49,0,
44865622,27812,16346,51,-50,0,
44865627,27745,16372,57,-50,0,
44865632,27675,16405,62,-48,0,
44865637,27596,16447,68,-47,0,
44865642,27516,16488,74,-46,0,
44865647,27426,16529,74,-48,0,
44865652,27323,16568,73,-49,0,
44865657,27212,16603,73,-51,0,
44865662,27090,16641,73,-53,0,
44865667,26964,16684,72,-54,0,
44865672,26841,16724,70,-58,0,
44865677,26712,16769,69,-60,0,
44865682,26581,16821,68,-63,0,
44865687,26451,16879,66,-64,0,
44865692,26323,16949,66,-66,0,
44865697,26209,17029,66,-66,0,
44865702,26112,17117,66,-66,0,
44865707,26022,17215,66,-66,0,
44865712,25935,17339,64,-66,0,
44865717,25844,17482,62,-69,0,
44865722,25744,17639,58,-70,0,
44865727,25642,17808,54,-72,0,
44865732,25521,17963,54,-72,0,
44865737,25388,18107,54,-72,0,
44865742,25243,18243,54,-72,0,
44865747,25088,18368,54,-72,0,
44865752,24943,18484,54,-72,0,
44865757,24813,18592,53,-73,0,
44865762,24704,18689,51,-73,0,
44865767,24623,18785,51,-73,0,
44865772,24573,18882,48,-74,0,
44865777,24549,18989,47,-75,0,
44865782,24549,19097,43,-75,0,
44865787,24549,19196,41,-77,0,
44865792,24540,19283,39,-77,0,
44865797,24521,19352,36,-78,0,
44865802,24491,19414,33,-79,0,
44865807,24452,19468,30,-80,0,
44865812,24401,19509,27,-80,0,
44865817,24324,19530,24,-81,0,
44865822,24218,19530,23,-81,0,
44865827,24083,19497,23,-81,0,
44865832,23921,19453,24,-81,0,
44865837,23748,19400,26,-80,0,
44865842,23581,19344,26,-80,0,
44865847,23410,19299,27,-80,0,
44865852,23238,19259,27,-80,0,
44865857,23061,19227,28,-79,0,
44865862,22870,19204,28,-79,0,
44865867,22689,19183,28,-79,0,
44865872,22514,19168,28,-79,0,
44865877,22355,19159,28,-79,0,
44865882,22211,19148,28,-79,0,
44865887,22077,19140,30,-80,0,
44865892,21960,19127,30,-80,0,
44865897,21855,19109,32,-79,0,
44865902,21753,19089,32,-79,0,
44865907,21650,19063,33,-79,0,
44865912,21543,19037,35,-78,0,
44865917,21418,19011,35,-78,0,
44865922,21282,18987,34,-77,0,
44865927,21132,18964,33,-76,0,
44865932,20970,18941,33,-74,0,
44865937,20804,18920,34,-73,0,
44865942,20640,18902,34,-71,0,
44865947,20480,18889,35,-69,0,
44865952,20333,18889,35,-67,0,
44865957,20200,18889,37,-66,0,
44865962,20087,18889,37,-64,0,
44865967,19996,18910,36,-63,0,
44865972,19925,18929,37,-61,0,
44865977,19875,18951,38,-61,0,
44865982,19840,18975,37,-60,0,
44865987,19814,19001,37,-60,0,
44865992,19789,19033,36,-58,0,
44865997,19762,19063,36,-58,0,
44866002,19729,19089,36,-58,0,
44866007,19693,19109,36,-58,0,
44866012,19655,19119,37,-58,0,
44866017,19614,19119,37,-58,0,
44866022,19572,19126,38,-57,0,
44866027,19534,19126,40,-58,0,
44866032,19504,19126,40,-58,0,
44866037,19490,19116,41,-57,0,
44866042,19490,19116,41,-57,0,
44866047,19514,19116,41,-57,0,
44866052,19547,19126,41,-55,0,
44866057,19589,19135,41,-55,0,
44866062,19635,19144,41,-55,0,
44866067,19676,19144,41,-55,0,
44866072,19714,19154,42,-54,0,
44866077,19743,19154,42,-54,0,
44866082,19762,19154,42,-54,0,
44866087,19775,19154,42,-52,0,
44866092,19782,19141,41,-53,0,
44866097,19782,19126,41,-51,0,
44866102,19782,19109,41,-52,0,
44866107,19770,19090,39,-52,0,
44866112,19759,19070,40,-51,0,
44866117,19759,19051,38,-51,0,
44866122,19759,19032,39,-50,0,
44866127,19759,19018,37,-49,0,
44866132,19772,19010,38,-49,0,
44866137,19786,19010,35,-49,0,
44866142,19812,19010,35,-49,0,
44866147,19845,19025,36,-48,0,
44866152,19885,19037,36,-48,0,
44866157,19932,19049,36,-48,0,
44866162,19975,19061,36,-48,0,
44866167,20014,19070,36,-48,0,
44866172,20045,19070,36,-47,0,
44866177,20064,19070,35,-46,0,
44866182,20072,19057,35,-46,0,
44866187,20065,19043,34,-47,0,
44866192,20049,19028,34,-47,0,
44866197,20027,19014,34,-47,0,
44866202,20005,18998,34,-47,0,
44866207,19984,18985,34,-47,0,
44866212,19966,18975,34,-47,0,
44866217,19951,18975,34,-47,0,
44866222,19941,18975,34,-47,0,
44866227,19941,18975,34,-47,0,
44866232,19941,18991,34,-47,0,
44866237,19955,19003,34,-47,0,
44866242,19967,19017,34,-47,0,
44866247,19977,19033,34,-47,0,
44866252,19987,19046,34,-47,0,
44866257,19997,19055,34,-47,0,
44866262,20005,19055,34,-47,0,
44866267,20005,19055,34,-47,0,
44866272,20005,19044,34,-47,0,
44866277,19983,19033,34,-47,0,
44866282,19959,19019,34,-47,0,
44866287,19930,19002,34,-47,0,
44866292,19897,18984,34,-47,0,
44866297,19864,18967,34,-45,0,
44866302,19833,18954,34,-45,0,
44866307,19805,18946,34,-45,0,
44866312,19785,18946,34,-45,0,
44866317,19773,18946,34,-45,0,
44866322,19766,18946,34,-45,0,
44866325,19766,18946,34,-45,8,
44866330,19766,18956,34,-45,18,
44866335,19766,18965,34,-45,29,
44866340,19766,18975,34,-45,41,
44866345,19778,18983,34,-45,68,
44866350,19786,18991,34,-45,101,
44866355,19795,18991,34,-45,138,
44866360,19804,19004,34,-45,185,
44866365,19804,19004,34,-45,234,
44866370,19817,19016,34,-45,283,
44866375,19826,19023,34,-45,323,
44866380,19826,19031,34,-45,363,
44866385,19840,19041,34,-45,402,
44866390,19848,19051,34,-45,436,
44866395,19859,19063,34,-45,460,
44866400,19870,19072,34,-45,482,
44866405,19880,19081,34,-45,498,
44866410,19888,19090,34,-45,513,
44866415,19888,19100,34,-45,528,
44866420,19900,19109,34,-45,542,
44866425,19909,19119,34,-45,548,
44866430,19921,19128,34,-45,553,
44866435,19935,19139,34,-45,566,
44866440,19949,19151,34,-45,570,
44866445,19966,19165,34,-45,576,
44866450,19989,19182,34,-45,582,
44866455,20019,19200,34,-45,590,
44866460,20056,19220,34,-45,612,
44866465,20091,19240,34,-45,627,
44866470,20121,19262,34,-45,630,
44866475,20149,19281,34,-45,639,
44866480,20177,19301,34,-47,670,
44866485,20207,19321,34,-47,677,
44866490,20242,19342,34,-47,681,
44866495,20275,19367,34,-47,694,
44866500,20307,19392,34,-47,701,
44866505,20342,19420,34,-47,709,
44866510,20375,19447,34,-47,723,
44866515,20407,19474,34,-48,729,
44866520,20434,19502,34,-48,737,
44866525,20460,19532,33,-49,735,
44866530,20490,19566,33,-49,736,
44866535,20527,19600,33,-49,735,
44866540,20562,19632,33,-49,737,
44866545,20594,19663,33,-49,738,
44866550,20628,19694,33,-49,739,
44866555,20662,19724,33,-49,744,
44866560,20706,19757,33,-49,747,
44866565,20753,19790,32,-48,746,
44866570,20798,19821,32,-48,746,
44866575,20842,19851,31,-48,748,
44866580,20883,19883,31,-48,748,
44866585,20925,19913,31,-48,749,
44866590,20962,19939,31,-47,749,
44866595,20996,19967,31,-47,749,
44866600,21030,19991,31,-47,751,
44866605,21059,20015,31,-45,752,
44866610,21090,20042,31,-46,752,
44866615,21121,20071,31,-46,749,
44866620,21156,20105,29,-47,750,
44866625,21202,20139,29,-47,761,
44866630,21253,20175,29,-47,758,
44866635,21301,20210,29,-47,758,
44866640,21343,20243,29,-47,757,
44866645,21376,20274,29,-47,757,
44866650,21402,20300,29,-47,757,
44866655,21423,20322,29,-47,758,
44866660,21443,20343,29,-48,760,
44866665,21465,20363,29,-48,768,
44866670,21488,20385,29,-48,770,
44866675,21515,20407,29,-48,773,
44866680,21543,20432,30,-49,775,
44866685,21572,20458,30,-49,774,
44866691,21599,20485,31,-48,774,
44866696,21625,20513,31,-50,773,
44866701,21650,20542,31,-50,772,
44866706,21678,20569,31,-50,771,
44866711,21708,20598,31,-50,769,
44866716,21739,20625,31,-50,768,
44866721,21768,20656,31,-50,766,
44866726,21797,20687,31,-50,764,
44866731,21827,20716,31,-50,765,
44866736,21857,20744,30,-51,766,
44866741,21887,20768,30,-51,764,
44866746,21912,20792,29,-51,765,
44866751,21933,20816,29,-51,767,
44866756,21953,20837,28,-52,768,
44866761,21971,20858,28,-52,769,
44866766,21989,20877,28,-52,770,
44866771,22007,20898,28,-52,770,
44866776,22024,20920,28,-52,769,
44866781,22042,20942,28,-52,769,
44866786,22064,20968,28,-52,766,
44866791,22091,20995,28,-52,761,
44866796,22124,21023,28,-52,761,
44866801,22159,21054,28,-53,743,
44866806,22193,21084,28,-53,743,
44866811,22226,21110,28,-53,743,
44866816,22257,21135,28,-53,744,
44866821,22287,21157,28,-53,744,
44866826,22318,21178,28,-53,743,
44866831,22341,21197,28,-53,748,
44866836,22360,21217,28,-53,751,
44866841,22381,21236,28,-53,758,
44866846,22401,21252,28,-53,772,
44866851,22421,21265,28,-53,775,
44866856,22436,21276,28,-53,778,
44866861,22446,21285,28,-53,783,
44866866,22446,21294,28,-53,784,
44866871,22461,21306,28,-53,780,
44866876,22476,21317,28,-53,780,
44866881,22492,21331,28,-53,777,
44866886,22508,21346,28,-53,775,
44866891,22526,21363,28,-53,774,
44866896,22547,21383,28,-53,767,
44866901,22573,21403,28,-53,769,
44866906,22603,21422,27,-54,771,
44866911,22630,21440,27,-54,776,
44866916,22650,21454,26,-54,784,
44866921,22663,21466,26,-56,796,
44866926,22672,21476,25,-57,804,
44866931,22682,21483,25,-57,814,
44866936,22690,21483,24,-57,820,
44866941,22690,21497,24,-57,824,
44866946,22701,21497,24,-58,825,
44866951,22701,21509,24,-58,823,
44866956,22712,21516,24,-60,822,
44866961,22721,21516,24,-60,820,
44866966,22732,21533,23,-62,819,
44866971,22745,21543,23,-62,817,
44866976,22759,21558,23,-62,815,
44866981,22776,21573,24,-63,816,
44866986,22791,21582,24,-63,818,
44866991,22804,21591,24,-63,821,
44866996,22814,21600,23,-65,827,
44867001,22814,21608,23,-65,835,
44867006,22827,21620,23,-65,840,
44867011,22835,21631,23,-65,844,
44867016,22846,21641,23,-66,850,
44867021,22857,21648,21,-66,853,
44867026,22866,21656,21,-66,857,
44867031,22866,21665,20,-67,858,
44867036,22875,21673,20,-67,856,
44867041,22875,21680,21,-66,853,
44867046,22887,21687,21,-66,851,
44867051,22895,21687,21,-64,843,
44867056,22902,21699,21,-64,833,
44867061,22910,21699,22,-64,825,
44867066,22917,21713,21,-63,813,
44867071,22925,21713,21,-63,798,
44867076,22934,21722,22,-61,780,
44867081,22934,21722,22,-61,762,
44867086,22934,21722,22,-59,735,
44867091,22934,21722,22,-58,691,
44867096,22934,21722,22,-56,620,
44867101,22934,21722,22,-56,515,
44867106,22934,21722,23,-54,363,
44867111,22934,21722,22,-53,160,
44867116,22934,21722,23,-53,0,
44867121,22902,21714,23,-53,0,
44867126,22870,21714,23,-53,0,
44867131,22833,21722,23,-53,0,
44867136,22793,21736,23,-53,0,
44867141,22762,21759,23,-53,0,
44867146,22747,21788,24,-52,0,
44867151,22747,21825,24,-52,0,
44867156,22768,21872,26,-51,0,
44867161,22808,21924,26,-51,0,
44867166,22856,21978,26,-51,0,
44867171,22916,22025,24,-52,0,
44867176,22977,22064,24,-52,0,
44867181,23034,22091,23,-53,0,
44867186,23099,22109,23,-53,0,
44867191,23153,22117,22,-52,0,
44867196,23199,22117,22,-52,0,
44867201,23239,22117,21,-52,0,
44867206,23266,22101,21,-52,0,
44867211,23288,22082,22,-52,0,
44867216,23300,22058,24,-52,0,
44867221,23300,22029,28,-52,0,
44867226,23300,21997,32,-51,0,
44867231,23300,21964,35,-51,0,
44867236,23281,21925,40,-47,0,
44867241,23269,21885,44,-47,0,
44867246,23259,21840,47,-46,0,
44867251,23259,21800,53,-44,0,
44867256,23259,21762,56,-44,0,
44867261,23276,21733,62,-43,0,
44867266,23305,21710,65,-44,0,
44867271,23343,21691,69,-45,0,
44867276,23382,21679,72,-46,0,
44867281,23417,21668,73,-49,0,
44867286,23446,21668,73,-51,0,
44867291,23470,21668,72,-54,0,
44867296,23486,21668,69,-60,0,
44867301,23494,21682,68,-63,0,
44867306,23494,21697,64,-66,0,
44867311,23487,21713,63,-68,0,
44867316,23474,21727,60,-69,0,
44867321,23457,21738,58,-70,0,
44867326,23430,21748,54,-72,0,
44867331,23393,21756,51,-73,0,
44867336,23345,21763,49,-73,0,
44867341,23288,21763,45,-76,0,
44867346,23224,21774,41,-77,0,
44867351,23158,21774,38,-78,0,
44867356,23094,21787,35,-78,0,
44867361,23037,21796,30,-80,0,
44867366,22993,21806,29,-77,0,
44867371,22969,21817,28,-73,0,
44867376,22969,21824,27,-71,0,
44867381,22989,21824,25,-67,0,
44867386,23029,21831,24,-64,0,
44867391,23083,21831,22,-62,0,
44867396,23144,21831,21,-60,0,
44867401,23207,21831,19,-57,0,
44867406,23273,21838,18,-53,0,
44867411,23332,21838,16,-50,0,
44867416,23381,21846,15,-48,0,
44867421,23417,21856,14,-47,0,
44867426,23440,21870,14,-46,0,
44867431,23455,21885,15,-47,0,
44867436,23463,21901,17,-48,0,
44867441,23463,21913,19,-47,0,
44867446,23463,21923,20,-46,0,
44867451,23463,21923,22,-49,0,
44867456,23463,21923,22,-49,0,
44867461,23463,21913,24,-48,0,
44867466,23463,21898,25,-47,0,
44867471,23449,21881,26,-48,0,
44867476,23434,21865,29,-47,0,
44867481,23410,21852,31,-47,0,
44867486,23381,21839,31,-47,0,
44867491,23347,21828,33,-47,0,
44867496,23309,21818,33,-47,0,
44867501,23267,21811,33,-47,0,
44867506,23227,21811,33,-47,0,
44867511,23189,21811,31,-47,0,
44867516,23154,21818,31,-47,0,
44867521,23127,21818,29,-47,0,
44867526,23104,21827,27,-48,0,
44867531,23088,21827,26,-48,0,
44867536,23079,21827,24,-48,0,
44867541,23079,21827,22,-49,0,
44867546,23079,21827,22,-49,0,
44867551,23079,21827,20,-48,0,
44867556,23079,21812,20,-48,0,
44867561,23079,21805,19,-48,0,
44867566,23072,21798,18,-49,0,
44867571,23061,21798,17,-49,0,
44867576,23050,21790,15,-48,0,
44867581,23038,21790,15,-48,0,
44867586,23026,21790,15,-48,0,
44867591,23017,21790,15,-48,0,
44867596,23009,21790,17,-49,0,
44867601,23009,21790,17,-49,0,
44867606,23009,21790,16,-50,0,
44867611,23009,21783,16,-50,0,
44867616,23009,21783,16,-50,0,
44867621,23009,21772,16,-50,0,
44867626,22999,21772,16,-50,0,
44867631,22989,21757,16,-50,0,
44867636,22974,21747,17,-49,0,
44867641,22956,21737,17,-49,0,
44867646,22937,21727,17,-49,0,
44867651,22920,21720,17,-49,0,
44867656,22907,21720,17,-49,0,
44867661,22899,21712,18,-49,0,
44867666,22899,21712,18,-49,0,
44867671,22899,21712,19,-48,0,
44867676,22899,21712,19,-48,0,
44867681,22899,21722,19,-48,0,
44867686,22899,21722,19,-48,0,
44867691,22899,21722,19,-48,0,
44867696,22910,21729,19,-48,0,
44867701,22910,21729,19,-48,0,
44867706,22910,21729,19,-48,0,
44867711,22901,21729,19,-48,0,
44867716,22890,21720,19,-48,0,
44867721,22875,21720,19,-48,0,
44867726,22860,21720,19,-48,0,
44867731,22848,21720,19,-48,0,
44867736,22839,21720,19,-48,0,
44867741,22839,21720,19,-48,0,
44867746,22839,21731,19,-48,0,
44867751,22839,21741,19,-48,0,
44867756,22839,21751,19,-48,0,
44867761,22854,21761,19,-48,0,
44867766,22869,21770,19,-50,0,
44867771,22888,21777,19,-50,0,
44867776,22909,21784,19,-50,0,
44867781,22928,21791,19,-50,0,
44867786,22944,21798,19,-50,0,
44867791,22958,21806,19,-50,0,
44867797,22958,21806,19,-50,24,
44867802,22978,21816,19,-52,54,
44867807,22985,21816,19,-52,82,
44867812,22985,21824,19,-52,107,
44867817,22993,21824,19,-52,129,
44867822,22993,21834,19,-52,153,
44867827,22993,21834,19,-52,178,
44867832,22993,21834,19,-52,200,
44867837,22993,21834,19,-52,216,
44867842,22993,21834,18,-53,226,
44867847,22993,21842,18,-53,233,
44867852,22993,21842,18,-53,241,
44867857,22993,21842,18,-53,251,
44867862,23001,21842,18,-53,266,
44867867,23001,21842,18,-53,281,
44867872,23001,21842,18,-53,300,
44867877,23001,21842,18,-53,325,
44867882,23010,21842,18,-53,353,
44867887,23010,21842,18,-53,377,
44867892,23019,21842,18,-53,402,
44867897,23019,21842,18,-53,425,
44867902,23019,21842,18,-53,443,
44867907,23028,21842,18,-53,457,
44867912,23028,21842,18,-53,473,
44867917,23039,21842,18,-53,485,
44867922,23039,21842,18,-53,496,
44867927,23049,21842,18,-53,503,
44867932,23049,21842,18,-53,509,
44867937,23061,21842,18,-53,514,
44867942,23070,21842,18,-53,517,
44867947,23077,21842,18,-53,519,
44867952,23084,21842,18,-53,521,
44867957,23084,21842,18,-55,522,
44867962,23095,21842,18,-55,526,
44867967,23102,21842,18,-55,530,
44867972,23111,21834,18,-55,542,
44867977,23121,21834,18,-55,563,
44867982,23135,21834,18,-55,580,
44867987,23151,21834,18,-55,585,
44867992,23166,21834,18,-55,590,
44867997,23182,21826,17,-54,597,
44868002,23196,21826,17,-54,609,
44868007,23213,21826,16,-54,630,
44868012,23233,21826,16,-54,639,
44868017,23258,21826,16,-54,647,
44868022,23286,21826,16,-54,653,
44868027,23313,21818,16,-54,654,
44868032,23338,21818,16,-54,655,
44868037,23361,21818,16,-54,653,
44868042,23383,21818,16,-54,653,
44868047,23406,21825,16,-54,656,
44868052,23433,21825,16,-54,659,
44868057,23462,21825,16,-54,665,
44868062,23492,21825,17,-54,666,
44868067,23517,21825,17,-54,665,
44868072,23539,21825,18,-55,664,
44868077,23562,21825,18,-55,665,
44868082,23588,21825,18,-55,673,
44868087,23624,21825,18,-55,681,
44868092,23667,21825,18,-55,688,
44868097,23715,21817,18,-55,693,
44868102,23765,21817,18,-55,691,
44868107,23812,21817,18,-55,688,
44868112,23855,21809,18,-55,691,
44868117,23898,21809,18,-55,687,
44868122,23943,21801,17,-54,692,
44868127,23995,21801,17,-54,694,
44868132,24048,21792,16,-54,700,
44868137,24100,21792,16,-54,697,
44868142,24144,21784,16,-54,706,
44868147,24183,21784,16,-54,707,
44868152,24220,21784,16,-54,709,
44868157,24254,21777,16,-54,711,
44868162,24287,21777,16,-54,711,
44868167,24317,21777,16,-54,711,
44868173,24346,21777,16,-54,713,
44868178,24378,21777,16,-54,723,
44868183,24417,21777,16,-53,726,
44868188,24463,21777,16,-53,729,
44868193,24510,21777,16,-53,731,
44868198,24555,21777,16,-53,731,
44868203,24597,21777,16,-53,730,
44868208,24635,21777,16,-53,736,
44868213,24679,21777,15,-53,740,
44868218,24731,21777,15,-53,743,
44868223,24787,21777,14,-53,743,
44868228,24840,21777,14,-53,738,
44868233,24883,21777,14,-53,736,
44868238,24915,21777,14,-53,736,
44868243,24944,21777,14,-53,739,
44868248,24977,21777,14,-53,740,
44868253,25017,21766,14,-53,739,
44868258,25063,21766,14,-53,742,
44868263,25111,21755,14,-53,737,
44868268,25156,21755,14,-53,734,
44868273,25198,21748,14,-53,735,
44868278,25238,21748,12,-54,735,
44868283,25279,21748,12,-54,734,
44868288,25323,21741,11,-54,732,
44868293,25369,21741,11,-54,732,
44868298,25419,21741,11,-54,737,
44868303,25469,21731,11,-54,737,
44868308,25520,21731,11,-54,740,
44868313,25568,21720,11,-54,740,
44868318,25609,21720,11,-54,741,
44868323,25641,21720,12,-52,743,
44868328,25669,21712,12,-52,750,
44868333,25696,21712,12,-52,752,
44868338,25719,21712,12,-52,753,
44868343,25742,21705,12,-52,755,
44868348,25761,21705,12,-52,755,
44868353,25780,21705,12,-52,757,
44868358,25806,21705,12,-52,755,
44868363,25833,21705,12,-52,756,
44868368,25864,21705,12,-52,755,
44868373,25896,21705,12,-52,756,
44868378,25934,21697,12,-52,760,
44868383,25984,21697,12,-52,758,
44868388,26042,21689,12,-52,757,
44868393,26100,21689,12,-52,752,
44868398,26147,21679,12,-52,748,
44868403,26184,21679,12,-52,748,
44868408,26217,21679,12,-52,752,
44868413,26252,21679,10,-53,749,
44868418,26290,21669,10,-53,752,
44868423,26328,21669,9,-51,752,
44868428,26363,21669,9,-51,752,
44868433,26395,21669,9,-51,753,
44868438,26426,21662,9,-51,753,
44868443,26457,21662,9,-51,752,
44868448,26486,21662,9,-51,752,
44868453,26515,21653,9,-51,754,
44868458,26546,21653,9,-51,755,
44868463,26585,21646,9,-51,756,
44868468,26634,21646,9,-51,755,
44868473,26682,21633,9,-53,753,
44868478,26730,21633,9,-54,755,
44868483,26779,21621,9,-54,755,
44868488,26825,21621,8,-56,756,
44868493,26873,21608,9,-57,755,
44868498,26916,21601,9,-57,752,
44868503,26954,21594,9,-58,755,
44868508,26988,21594,9,-58,755,
44868513,27021,21582,8,-60,758,
44868518,27055,21575,7,-60,760,
44868523,27091,21575,7,-62,764,
44868528,27126,21562,6,-63,765,
44868533,27158,21562,6,-63,767,
44868538,27191,21562,6,-63,768,
44868543,27224,21562,6,-64,768,
44868548,27261,21555,6,-64,767,
44868553,27297,21555,6,-64,764,
44868558,27330,21555,6,-64,763,
44868563,27360,21547,6,-64,765,
44868568,27389,21547,5,-65,766,
44868573,27420,21547,5,-65,763,
44868578,27455,21535,4,-63,764,
44868583,27486,21527,4,-63,764,
44868588,27515,21527,4,-63,763,
44868593,27539,21518,4,-63,765,
44868598,27561,21518,4,-63,766,
44868603,27582,21511,4,-63,764,
44868608,27601,21511,4,-63,763,
44868613,27615,21504,4,-63,763,
44868618,27626,21504,4,-63,764,
44868623,27636,21504,4,-63,765,
44868628,27647,21504,4,-63,766,
44868633,27663,21504,4,-63,768,
44868638,27687,21504,4,-63,772,
44868643,27716,21496,4,-63,772,
44868648,27754,21496,5,-63,769,
44868653,27797,21496,5,-63,766,
44868658,27837,21496,6,-63,766,
44868663,27876,21488,6,-63,768,
44868668,27912,21488,6,-63,769,
44868673,27943,21488,6,-63,769,
44868678,27973,21481,5,-63,772,
44868683,28002,21481,5,-63,773,
44868688,28029,21481,4,-62,774,
44868693,28049,21481,4,-62,774,
44868698,28065,21473,4,-62,775,
44868703,28076,21473,4,-62,775,
44868708,28076,21473,4,-62,775,
44868713,28092,21473,4,-62,775,
44868718,28105,21473,4,-62,775,
44868723,28122,21473,4,-62,775,
44868728,28141,21473,4,-62,774,
44868733,28162,21473,4,-62,775,
44868738,28185,21473,4,-62,773,
44868743,28208,21473,4,-62,772,
44868748,28233,21473,4,-62,772,
44868753,28257,21473,4,-62,774,
44868758,28281,21473,4,-62,775,
44868763,28309,21473,4,-62,775,
44868768,28340,21473,4,-62,777,
44868773,28371,21473,4,-62,775,
44868778,28398,21465,3,-62,775,
44868783,28419,21465,3,-62,775,
44868788,28433,21465,2,-62,775,
44868793,28443,21465,2,-62,775,
44868798,28456,21465,2,-62,775,
44868803,28469,21465,2,-62,775,
44868808,28482,21465,2,-62,775,
44868813,28497,21465,2,-62,775,
44868818,28509,21465,2,-62,775,
44868823,28523,21465,2,-62,775,
44868828,28541,21465,2,-62,776,
44868833,28563,21465,2,-62,776,
44868838,28588,21465,2,-62,776,
44868843,28617,21465,2,-62,777,
44868848,28641,21458,2,-62,775,
44868853,28660,21458,2,-62,775,
44868858,28674,21458,2,-62,775,
44868863,28686,21458,2,-62,775,
44868868,28700,21458,2,-62,776,
44868873,28716,21450,2,-62,775,
44868878,28736,21450,2,-62,774,
44868883,28754,21450,2,-62,772,
44868888,28767,21450,2,-62,769,
44868893,28779,21443,2,-62,766,
44868898,28788,21443,2,-62,764,
44868903,28788,21443,2,-62,763,
44868908,28798,21443,2,-62,763,
44868913,28805,21443,2,-62,763,
44868918,28805,21443,2,-62,763,
44868923,28820,21443,2,-62,764,
44868928,28827,21443,2,-61,765,
44868933,28827,21443,2,-61,765,
44868938,28838,21443,2,-61,765,
44868943,28838,21443,2,-61,765,
44868948,28849,21443,2,-61,764,
44868953,28849,21443,2,-61,763,
44868958,28857,21443,2,-61,760,
44868963,28857,21443,2,-61,757,
44868968,28857,21443,2,-61,749,
44868973,28857,21443,2,-61,741,
44868978,28857,21443,2,-61,735,
44868983,28857,21443,2,-61,728,
44868988,28857,21443,2,-61,721,
44868993,28857,21443,2,-61,717,
44868998,28857,21443,2,-61,714,
44869003,28857,21443,2,-61,712,
44869008,28857,21443,2,-61,711,
44869013,28864,21443,2,-61,709,
44869018,28864,21443,2,-61,709,
44869023,28864,21443,2,-61,709,
44869028,28864,21443,2,-61,710,
44869033,28864,21443,2,-62,709,
44869038,28864,21443,2,-62,709,
44869043,28864,21443,2,-62,708,
44869048,28864,21443,2,-62,706,
44869053,28864,21443,2,-61,705,
44869058,28864,21443,2,-61,702,
44869063,28864,21443,2,-61,699,
44869068,28864,21443,2,-61,695,
44869073,28864,21443,2,-61,691,
44869078,28864,21443,2,-62,688,
44869083,28864,21443,2,-61,685,
44869088,28864,21443,2,-61,682,
44869093,28864,21443,2,-61,681,
44869098,28864,21443,2,-61,679,
44869103,28864,21443,2,-61,678,
44869108,28864,21443,2,-61,676,
44869113,28864,21443,2,-61,675,
44869118,28864,21443,2,-61,672,
44869123,28864,21443,2,-61,669,
44869128,28864,21443,2,-61,664,
44869133,28864,21443,2,-61,653,
44869138,28857,21443,2,-62,642,
44869143,28857,21436,2,-62,628,
44869148,28857,21436,2,-62,616,
44869153,28857,21436,2,-61,600,
44869158,28857,21436,2,-61,586,
44869163,28857,21436,2,-61,572,
44869168,28850,21436,2,-61,561,
44869173,28850,21426,2,-61,548,
44869178,28850,21426,2,-61,538,
44869183,28838,21414,2,-61,532,
44869188,28827,21405,2,-61,529,
44869193,28808,21391,2,-61,512,
44869198,28778,21370,2,-61,502,
44869203,28742,21347,2,-61,430,
44869208,28698,21321,2,-59,242,
44869213,28648,21291,2,-59,60,
44869218,28648,21291,2,-59,0,
44869223,28533,21247,3,-59,0,
44869228,28479,21237,3,-59,0,
44869233,28432,21237,4,-59,0,
44869238,28397,21237,4,-59,0,
44869243,28367,21245,4,-60,0,
44869248,28348,21245,5,-60,0,
44869253,28348,21245,5,-62,0,
44869258,28357,21245,6,-63,0,
44869263,28377,21235,6,-66,0,
44869268,28387,21218,8,-67,0,
44869273,28380,21201,9,-68,0,
44869278,28364,21186,10,-71,0,
44869283,28338,21173,11,-74,0,
44869288,28307,21173,12,-76,0,
44869293,28270,21173,13,-79,0,
44869298,28213,21192,14,-82,0,
44869303,28142,21215,15,-81,0,
44869308,28052,21244,19,-82,0,
44869313,27929,21281,23,-81,0,
44869318,27929,21281,23,-81,0,
