45961559,12403,24316,34,-30,0,
45961564,12412,24316,33,-29,0,
45961569,12427,24332,33,-29,0,
45961574,12446,24353,31,-30,0,
45961579,12462,24383,31,-30,0,
45961584,12472,24419,31,-30,0,
45961589,12479,24453,31,-30,0,
45961594,12486,24486,31,-30,0,
45961599,12499,24520,31,-30,0,
45961604,12510,24552,31,-31,0,
45961609,12518,24585,31,-31,0,
45961614,12518,24619,31,-32,0,
45961619,12518,24651,31,-32,0,
45961624,12518,24683,30,-34,0,
45961629,12508,24713,30,-35,0,
45961634,12508,24741,30,-35,0,
45961639,12493,24773,31,-37,0,
45961644,12480,24803,31,-37,0,
45961649,12467,24836,30,-37,0,
45961654,12454,24870,30,-37,0,
45961659,12442,24904,30,-39,0,
45961664,12430,24944,30,-39,0,
45961669,12415,24987,30,-39,0,
45961674,12399,25033,30,-41,0,
45961679,12384,25079,30,-41,0,
45961684,12370,25124,31,-40,0,
45961689,12357,25169,31,-42,0,
45961694,12344,25214,32,-41,0,
45961699,12329,25258,32,-41,0,
45961704,12316,25301,32,-43,0,
45961709,12303,25342,34,-43,0,
45961714,12292,25381,34,-43,0,
45961719,12279,25420,35,-44,0,
45961724,12263,25459,35,-44,0,
45961729,12249,25500,34,-45,0,
45961734,12233,25541,35,-45,0,
45961739,12221,25583,35,-46,0,
45961744,12210,25628,36,-47,0,
45961749,12200,25674,36,-48,0,
45961754,12192,25723,35,-49,0,
45961759,12192,25772,35,-49,0,
45961764,12185,25818,35,-49,0,
45961769,12185,25862,38,-47,0,
45961774,12185,25900,38,-45,0,
45961779,12192,25936,39,-44,0,
45961784,12192,25968,40,-43,0,
45961789,12192,25995,40,-41,0,
45961794,12203,26019,40,-40,0,
45961799,12210,26039,40,-39,0,
45961804,12210,26055,40,-37,0,
45961809,12210,26070,41,-37,0,
45961814,12210,26084,41,-34,0,
45961819,12210,26099,42,-34,0,
45961824,12210,26116,41,-32,0,
45961829,12210,26133,42,-31,0,
45961834,12210,26153,42,-29,0,
45961839,12210,26176,42,-29,0,
45961844,12210,26198,42,-28,0,
45961849,12203,26221,42,-29,0,
45961854,12203,26241,42,-29,0,
45961859,12203,26258,42,-29,0,
45961864,12203,26275,42,-31,0,
45961869,12203,26291,42,-31,0,
45961874,12203,26305,42,-31,0,
45961879,12203,26320,41,-32,0,
45961884,12212,26334,41,-32,0,
45961889,12212,26349,41,-32,0,
45961894,12221,26365,42,-34,0,
45961899,12221,26377,42,-34,0,
45961904,12232,26389,42,-34,0,
45961909,12232,26396,41,-34,0,
45961914,12241,26396,41,-34,0,
45961919,12241,26407,41,-34,0,
45961924,12241,26414,41,-34,0,
45961929,12241,26423,41,-37,0,
45961934,12254,26432,41,-37,0,
45961939,12263,26442,41,-37,0,
45961944,12271,26452,41,-37,0,
45961949,12280,26463,41,-37,0,
45961954,12289,26472,41,-37,0,
45961959,12301,26482,41,-37,0,
45961964,12313,26491,39,-36,0,
45961969,12326,26491,39,-38,0,
45961974,12334,26503,38,-38,0,
45961973,12334,26503,38,-38,13,
45961978,12334,26511,38,-38,28,
45961983,12334,26511,38,-38,34,
45961988,12334,26511,38,-38,41,
45961993,12334,26520,38,-38,53,
45961998,12334,26520,38,-38,70,
45962003,12334,26520,38,-38,95,
45962009,12334,26520,38,-38,120,
45962014,12334,26520,38,-38,148,
45962019,12334,26520,38,-38,170,
45962024,12334,26511,38,-38,191,
45962029,12334,26511,38,-38,210,
45962034,12334,26501,38,-38,224,
45962039,12343,26501,38,-38,239,
45962044,12343,26489,38,-38,255,
45962049,12350,26489,38,-38,271,
45962054,12350,26478,38,-38,292,
45962059,12350,26471,38,-38,310,
45962064,12350,26471,38,-38,322,
45962069,12358,26459,38,-39,331,
45962074,12358,26452,38,-39,345,
45962079,12358,26452,38,-39,357,
45962084,12358,26443,38,-39,373,
45962089,12358,26436,38,-39,392,
45962094,12366,26424,38,-39,411,
45962099,12366,26406,38,-39,419,
45962104,12366,26383,38,-39,428,
45962109,12374,26360,38,-39,425,
45962114,12374,26339,38,-38,425,
45962119,12374,26322,38,-38,427,
45962124,12374,26303,38,-38,445,
45962129,12374,26282,38,-38,454,
45962134,12374,26256,38,-38,469,
45962139,12374,26226,38,-38,490,
45962144,12382,26198,38,-38,490,
45962149,12382,26171,38,-38,489,
45962154,12382,26147,38,-38,496,
45962159,12390,26124,38,-37,504,
45962164,12390,26095,38,-37,521,
45962169,12390,26063,38,-37,546,
45962174,12390,26031,38,-37,544,
45962179,12398,25995,38,-37,549,
45962184,12398,25962,38,-37,568,
45962189,12398,25933,38,-35,565,
45962194,12407,25907,38,-35,566,
45962199,12407,25877,38,-35,571,
45962204,12407,25839,38,-35,593,
45962209,12407,25791,38,-35,596,
45962214,12415,25746,38,-35,594,
45962219,12415,25707,38,-35,592,
45962224,12415,25674,38,-35,599,
45962229,12423,25642,38,-35,615,
45962234,12423,25599,38,-35,621,
45962239,12434,25548,37,-36,624,
45962244,12434,25498,37,-36,624,
45962249,12427,25452,36,-36,625,
45962254,12420,25409,36,-37,630,
45962259,12420,25367,36,-37,636,
45962264,12409,25318,36,-37,649,
45962269,12409,25265,36,-37,664,
45962274,12409,25207,36,-37,672,
45962279,12399,25148,36,-37,678,
45962284,12390,25099,36,-37,676,
45962289,12381,25048,36,-37,682,
45962294,12381,24999,36,-37,694,
45962299,12373,24956,36,-37,697,
45962304,12373,24912,37,-37,697,
45962309,12373,24874,37,-37,700,
45962314,12365,24838,38,-37,706,
45962319,12365,24799,38,-37,708,
45962324,12356,24759,38,-37,709,
45962329,12348,24718,38,-37,711,
45962334,12339,24677,38,-37,715,
45962339,12330,24636,38,-37,723,
45962344,12322,24596,38,-37,725,
45962349,12322,24561,38,-37,726,
45962354,12313,24534,38,-37,723,
45962359,12313,24511,38,-37,723,
45962364,12313,24485,38,-37,726,
45962369,12313,24451,38,-37,743,
45962374,12306,24413,38,-37,744,
45962379,12306,24369,38,-37,761,
45962384,12306,24330,38,-37,763,
45962389,12306,24298,38,-37,763,
45962394,12306,24265,38,-37,770,
45962399,12298,24236,38,-37,772,
45962404,12298,24206,38,-37,771,
45962409,12298,24177,38,-37,769,
45962414,12298,24154,38,-37,768,
45962419,12298,24134,38,-37,767,
45962424,12298,24111,38,-35,769,
45962429,12298,24087,38,-35,768,
45962434,12298,24057,38,-35,771,
45962439,12298,24020,38,-35,786,
45962444,12298,23986,38,-35,786,
45962449,12287,23954,38,-35,784,
45962454,12287,23926,39,-34,784,
45962459,12277,23907,39,-34,781,
45962464,12277,23889,39,-34,780,
45962469,12277,23874,39,-34,778,
45962474,12277,23858,39,-34,778,
45962479,12277,23834,39,-33,787,
45962484,12277,23803,39,-33,794,
45962489,12277,23767,39,-33,791,
45962494,12277,23733,39,-33,790,
45962499,12277,23707,39,-32,787,
45962504,12270,23687,38,-32,784,
45962509,12270,23661,38,-32,794,
45962514,12270,23628,36,-31,793,
45962519,12279,23593,36,-31,790,
45962524,12279,23557,36,-31,791,
45962529,12279,23523,36,-31,790,
45962534,12279,23490,36,-31,791,
45962539,12286,23455,36,-31,790,
45962544,12286,23424,36,-31,786,
45962549,12286,23395,36,-31,785,
45962554,12286,23370,36,-34,784,
45962559,12293,23340,36,-34,791,
45962564,12293,23304,36,-34,789,
45962569,12293,23264,36,-34,790,
45962574,12293,23220,36,-34,791,
45962579,12293,23175,36,-34,797,
45962584,12293,23133,36,-34,797,
45962589,12293,23093,36,-34,797,
45962594,12293,23052,35,-34,799,
45962599,12293,23009,35,-34,802,
45962604,12293,22962,35,-34,800,
45962609,12301,22911,35,-34,805,
45962614,12301,22866,35,-34,807,
45962619,12301,22830,35,-34,802,
45962624,12312,22796,36,-34,801,
45962629,12312,22765,36,-34,801,
45962634,12323,22728,36,-34,802,
45962639,12323,22687,36,-34,804,
45962644,12331,22643,36,-34,804,
45962649,12331,22604,36,-34,802,
45962654,12342,22566,36,-34,804,
45962659,12350,22527,35,-34,804,
45962664,12350,22487,35,-34,804,
45962669,12363,22442,35,-34,805,
45962674,12363,22397,35,-34,805,
45962679,12363,22353,35,-34,805,
45962684,12370,22309,35,-34,802,
45962689,12370,22264,35,-34,805,
45962694,12370,22215,35,-34,807,
45962699,12370,22165,35,-34,810,
45962704,12370,22115,35,-34,808,
45962709,12370,22063,35,-34,813,
45962714,12361,22014,35,-34,812,
45962719,12361,21971,35,-34,812,
45962724,12361,21924,36,-34,813,
45962729,12369,21873,36,-34,818,
45962734,12369,21820,36,-34,822,
45962739,12379,21760,36,-34,829,
45962744,12379,21703,36,-31,828,
45962749,12379,21647,36,-31,829,
45962754,12379,21586,36,-31,830,
45962759,12368,21532,36,-31,828,
45962764,12368,21479,36,-31,827,
45962769,12368,21433,36,-31,824,
45962774,12368,21393,36,-31,825,
45962779,12368,21348,36,-31,828,
45962784,12368,21296,36,-31,829,
45962789,12368,21241,36,-31,828,
45962794,12368,21184,36,-31,832,
45962799,12361,21128,36,-31,833,
45962804,12361,21076,36,-31,831,
45962809,12361,21023,36,-31,836,
45962814,12361,20970,36,-31,834,
45962819,12353,20920,36,-31,833,
45962824,12353,20868,36,-31,834,
45962829,12353,20821,36,-31,833,
45962834,12353,20773,36,-31,833,
45962839,12353,20722,36,-31,839,
45962844,12361,20674,36,-31,838,
45962849,12361,20624,36,-31,841,
45962854,12361,20572,36,-31,839,
45962859,12361,20522,36,-31,842,
45962864,12361,20471,36,-31,840,
45962869,12361,20421,36,-31,844,
45962874,12361,20366,36,-31,853,
45962879,12361,20311,36,-31,853,
45962884,12361,20256,36,-31,853,
45962889,12361,20203,36,-31,856,
45962894,12353,20158,36,-31,855,
45962899,12353,20115,36,-31,854,
45962904,12353,20071,36,-31,856,
45962909,12361,20027,36,-31,853,
45962914,12361,19982,36,-31,856,
45962919,12368,19935,37,-31,859,
45962924,12368,19892,37,-31,856,
45962929,12368,19849,37,-31,853,
45962934,12368,19806,37,-31,854,
45962939,12368,19762,37,-31,856,
45962944,12375,19711,37,-31,859,
45962949,12375,19662,36,-29,860,
45962954,12375,19614,36,-29,859,
45962959,12375,19569,36,-29,858,
45962964,12384,19526,36,-29,859,
45962969,12394,19481,36,-29,859,
45962974,12401,19439,36,-29,858,
45962979,12410,19392,36,-29,863,
45962984,12424,19346,36,-29,859,
45962989,12435,19295,36,-29,860,
45962994,12447,19234,36,-29,861,
45962999,12459,19174,36,-29,861,
45963004,12467,19106,36,-29,859,
45963009,12467,19037,36,-29,858,
45963014,12480,18965,37,-31,861,
45963019,12480,18887,37,-31,859,
45963024,12496,18808,35,-30,859,
45963029,12507,18726,35,-30,858,
45963034,12516,18643,34,-30,862,
45963039,12524,18561,34,-30,864,
45963044,12524,18483,33,-32,861,
45963049,12536,18403,33,-32,870,
45963054,12551,18323,33,-32,863,
45963059,12570,18240,33,-32,870,
45963064,12589,18146,33,-32,874,
45963069,12599,18055,33,-32,863,
45963074,12599,17962,33,-32,873,
45963079,12599,17860,33,-32,870,
45963084,12599,17757,33,-32,875,
45963089,12612,17651,34,-30,871,
45963094,12628,17546,34,-30,869,
45963099,12639,17454,34,-30,868,
45963104,12647,17365,34,-30,871,
45963109,12662,17277,34,-30,865,
45963114,12681,17188,34,-30,871,
45963119,12699,17093,34,-30,872,
45963124,12713,17000,34,-30,872,
45963129,12721,16908,34,-30,869,
45963134,12721,16814,34,-30,871,
45963139,12721,16718,34,-30,873,
45963144,12730,16626,34,-30,871,
45963149,12730,16533,34,-30,871,
45963154,12744,16441,34,-30,874,
45963159,12751,16359,34,-30,871,
45963164,12759,16280,34,-30,869,
45963169,12767,16200,33,-32,871,
45963174,12775,16121,33,-32,873,
45963179,12775,16038,33,-32,871,
45963184,12783,15955,32,-32,872,
45963189,12783,15872,32,-32,874,
45963194,12783,15787,31,-32,879,
45963199,12791,15708,31,-32,875,
45963204,12791,15630,31,-32,874,
45963209,12791,15553,31,-31,879,
45963214,12799,15475,31,-31,878,
45963219,12807,15392,31,-31,885,
45963224,12814,15308,31,-31,881,
45963229,12814,15226,31,-31,879,
45963234,12814,15149,31,-31,882,
45963239,12823,15073,31,-31,879,
45963244,12823,14992,31,-31,879,
45963249,12823,14912,31,-31,878,
45963254,12823,14830,31,-31,882,
45963259,12823,14746,31,-31,883,
45963264,12823,14668,31,-31,882,
45963269,12832,14586,31,-31,882,
45963274,12839,14503,31,-31,884,
45963279,12846,14423,31,-31,885,
45963284,12846,14334,31,-32,885,
45963289,12846,14250,31,-32,884,
45963294,12846,14169,31,-32,883,
45963299,12837,14088,31,-32,886,
45963304,12837,14013,31,-32,885,
45963309,12837,13942,31,-32,881,
45963314,12837,13872,31,-32,884,
45963319,12845,13804,31,-32,883,
45963324,12857,13733,31,-32,891,
45963329,12864,13654,31,-32,883,
45963334,12864,13578,31,-31,884,
45963339,12872,13508,31,-31,879,
45963344,12872,13441,31,-31,882,
45963349,12872,13372,31,-31,882,
45963354,12880,13300,31,-31,881,
45963359,12887,13225,31,-31,882,
45963364,12896,13147,31,-31,890,
45963369,12896,13076,31,-31,885,
45963374,12896,13008,31,-31,885,
45963379,12905,12936,31,-31,886,
45963384,12905,12865,31,-31,887,
45963389,12905,12797,31,-31,884,
45963394,12905,12726,31,-31,886,
45963399,12916,12658,32,-31,887,
45963404,12916,12598,32,-31,885,
45963409,12934,12528,34,-30,888,
45963414,12934,12458,36,-32,885,
45963419,12934,12386,36,-32,888,
45963424,12934,12312,36,-31,884,
45963429,12934,12245,36,-31,885,
45963434,12946,12176,38,-32,886,
45963439,12956,12110,37,-32,888,
45963444,12963,12039,39,-32,888,
45963449,12963,11967,40,-31,886,
45963454,12963,11895,40,-31,888,
45963459,12963,11824,42,-31,888,
45963464,12963,11753,43,-31,891,
45963469,12963,11686,43,-31,888,
45963474,12963,11622,44,-31,887,
45963479,12963,11553,45,-29,890,
45963484,12963,11487,45,-29,890,
45963489,12973,11422,45,-29,888,
45963494,12980,11357,45,-28,890,
45963499,12980,11298,45,-28,888,
45963504,12994,11239,45,-28,885,
45963509,13004,11182,45,-28,890,
45963514,13011,11127,45,-28,887,
45963519,13011,11078,45,-28,888,
45963524,13019,11037,45,-28,882,
45963529,13019,11000,45,-28,882,
45963534,13026,10964,44,-28,888,
45963539,13026,10926,44,-28,881,
45963544,13026,10883,42,-28,884,
45963549,13026,10841,42,-29,885,
45963554,13026,10802,42,-29,885,
45963559,13026,10758,42,-29,890,
45963564,13026,10711,42,-29,894,
45963569,13026,10671,42,-29,891,
45963574,13012,10639,42,-31,889,
45963579,13012,10614,42,-31,885,
45963584,13012,10590,42,-31,887,
45963589,13012,10555,41,-32,892,
45963594,13012,10520,41,-32,892,
45963599,13003,10490,41,-32,893,
45963604,12996,10466,41,-32,891,
45963609,12996,10450,41,-32,889,
45963614,12996,10432,42,-31,888,
45963619,12996,10416,42,-31,887,
45963624,12996,10401,42,-31,887,
45963629,12996,10388,42,-31,887,
45963634,12989,10376,42,-31,887,
45963639,12989,10360,42,-31,888,
45963644,12989,10338,43,-31,889,
45963649,12989,10314,43,-31,893,
45963654,12989,10289,44,-31,892,
45963659,12989,10270,44,-31,891,
45963664,12996,10251,44,-31,892,
45963669,12996,10234,44,-31,890,
45963674,12996,10218,44,-31,890,
45963679,12996,10206,44,-31,890,
45963684,12996,10206,44,-31,888,
45963689,12996,10196,44,-31,887,
45963694,12996,10196,45,-29,887,
45963699,12996,10187,45,-29,887,
45963704,12996,10187,45,-29,887,
45963709,12996,10180,45,-29,887,
45963714,12996,10180,45,-29,887,
45963719,12996,10180,45,-29,887,
45963724,12996,10180,45,-29,888,
45963729,12996,10180,45,-29,888,
45963734,12996,10180,45,-29,888,
45963739,12996,10180,45,-29,888,
45963744,12996,10180,45,-29,888,
45963749,12996,10180,45,-29,888,
45963754,12996,10180,45,-29,889,
45963759,12996,10180,45,-29,888,
45963764,12996,10180,45,-29,888,
45963769,12996,10180,45,-29,888,
45963774,12996,10180,45,-29,887,
45963779,12996,10180,45,-29,886,
45963784,12996,10180,45,-29,883,
45963789,12996,10180,45,-29,880,
45963794,12996,10180,45,-29,876,
45963799,12996,10180,45,-29,871,
45963804,12996,10180,45,-29,865,
45963809,13003,10180,45,-29,859,
45963814,13003,10180,45,-29,854,
45963819,13003,10180,45,-29,849,
45963824,13003,10180,45,-29,843,
45963829,13013,10180,45,-29,838,
45963834,13020,10180,45,-29,833,
45963839,13020,10180,45,-29,830,
45963844,13032,10180,45,-29,827,
45963849,13043,10180,45,-29,832,
45963854,13059,10171,45,-29,847,
45963859,13081,10171,43,-29,846,
45963864,13109,10171,43,-29,840,
45963869,13139,10161,42,-29,842,
45963874,13171,10161,42,-29,845,
45963879,13203,10161,42,-29,841,
45963884,13235,10161,42,-29,835,
45963889,13274,10153,42,-29,849,
45963894,13320,10153,42,-29,860,
45963899,13377,10153,42,-29,859,
45963904,13441,10153,42,-29,856,
45963909,13504,10153,42,-29,848,
45963914,13567,10153,42,-29,847,
45963919,13624,10163,42,-29,850,
45963924,13684,10171,42,-29,852,
45963929,13752,10178,42,-29,865,
45963934,13826,10178,41,-30,874,
45963939,13907,10194,41,-30,876,
45963944,13989,10204,39,-30,875,
45963949,14071,10212,39,-30,879,
45963954,14151,10221,39,-30,881,
45963959,14225,10231,39,-30,882,
45963964,14304,10243,39,-30,884,
45963969,14385,10258,40,-29,885,
45963974,14472,10275,40,-29,887,
45963979,14563,10292,40,-29,882,
45963984,14651,10305,40,-29,876,
45963989,14738,10318,38,-29,876,
45963994,14821,10330,38,-29,882,
45963999,14904,10338,36,-29,882,
45964004,14986,10347,36,-29,882,
45964009,15067,10354,36,-29,888,
45964014,15150,10354,36,-29,895,
45964019,15226,10354,36,-29,887,
45964024,15304,10354,36,-29,888,
45964029,15384,10354,36,-29,898,
45964034,15458,10341,36,-29,895,
45964039,15529,10331,36,-29,887,
45964044,15597,10331,36,-29,895,
45964049,15666,10321,36,-29,902,
45964054,15739,10321,37,-28,899,
45964059,15823,10321,37,-28,896,
45964064,15906,10321,37,-28,897,
45964069,15987,10321,37,-28,892,
45964074,16061,10321,37,-28,891,
45964079,16133,10332,38,-27,887,
45964084,16205,10332,38,-27,885,
45964089,16278,10332,38,-27,891,
45964094,16354,10332,38,-27,893,
45964099,16431,10332,37,-28,895,
45964104,16507,10325,37,-28,894,
45964109,16580,10325,37,-28,892,
45964114,16654,10325,37,-28,893,
45964119,16732,10325,37,-28,895,
45964124,16814,10325,36,-28,893,
45964129,16896,10325,36,-28,892,
45964134,16977,10332,34,-28,891,
45964139,17052,10339,34,-28,894,
45964144,17131,10339,34,-28,897,
45964149,17205,10339,34,-28,889,
45964154,17277,10339,34,-28,891,
45964159,17358,10339,34,-28,897,
45964164,17433,10339,34,-28,896,
45964169,17513,10349,34,-28,890,
45964174,17593,10349,34,-28,892,
45964179,17669,10349,34,-28,894,
45964184,17748,10349,34,-28,896,
45964189,17831,10349,34,-28,902,
45964194,17917,10349,34,-28,904,
45964199,17999,10349,34,-28,905,
45964204,18082,10349,34,-28,902,
45964209,18163,10342,34,-28,903,
45964214,18245,10342,34,-28,905,
45964219,18329,10342,34,-28,902,
45964224,18411,10342,34,-28,904,
45964229,18501,10334,34,-28,908,
45964234,18596,10334,34,-28,911,
45964239,18691,10334,34,-28,908,
45964244,18787,10334,34,-28,909,
45964249,18879,10334,33,-29,907,
45964254,18968,10334,33,-29,907,
45964259,19054,10334,31,-28,905,
45964264,19140,10334,31,-28,909,
45964269,19225,10334,31,-28,910,
45964274,19310,10334,31,-28,909,
45964279,19391,10334,31,-28,904,
45964284,19477,10343,31,-28,911,
45964289,19565,10343,31,-28,907,
45964294,19652,10343,31,-28,909,
45964299,19745,10352,31,-28,908,
45964304,19837,10352,31,-28,905,
45964309,19928,10361,31,-28,905,
45964314,20021,10361,31,-28,905,
45964319,20110,10361,31,-28,907,
45964324,20194,10361,31,-28,907,
45964329,20277,10351,31,-28,914,
45964334,20365,10351,31,-28,910,
45964339,20457,10351,31,-28,902,
45964344,20553,10351,31,-28,908,
45964349,20654,10358,31,-28,908,
45964354,20747,10358,31,-28,903,
45964359,20844,10365,31,-28,905,
45964364,20943,10365,29,-28,908,
45964369,21038,10374,29,-28,907,
45964374,21136,10374,29,-29,911,
45964379,21228,10374,29,-29,909,
45964384,21317,10374,29,-29,909,
45964389,21406,10382,29,-29,908,
45964394,21499,10392,29,-29,901,
45964399,21589,10400,29,-29,902,
45964404,21679,10408,29,-29,899,
45964409,21770,10408,29,-29,899,
45964414,21859,10415,29,-29,902,
45964419,21953,10415,29,-29,894,
45964424,22050,10424,29,-29,899,
45964429,22145,10424,29,-29,894,
45964434,22233,10437,29,-29,891,
45964439,22317,10437,29,-29,893,
45964444,22397,10437,29,-29,892,
45964449,22473,10437,28,-29,898,
45964454,22557,10424,28,-29,905,
45964459,22648,10424,28,-29,911,
45964464,22734,10413,28,-29,902,
45964469,22823,10413,28,-29,909,
45964474,22916,10423,28,-29,914,
45964479,23002,10423,28,-29,911,
45964484,23090,10432,27,-30,903,
45964489,23185,10439,27,-30,904,
45964494,23283,10448,26,-30,905,
45964499,23376,10461,26,-30,905,
45964504,23474,10473,26,-30,900,
45964510,23568,10481,26,-30,902,
45964515,23657,10491,26,-30,902,
45964520,23751,10506,26,-30,896,
45964525,23848,10517,26,-30,896,
45964530,23941,10529,26,-30,897,
45964535,24034,10538,27,-30,896,
45964540,24128,10547,27,-30,897,
45964545,24214,10547,28,-29,895,
45964550,24300,10556,28,-29,896,
45964555,24377,10556,28,-29,896,
45964560,24447,10556,28,-29,894,
45964565,24519,10563,28,-29,896,
45964570,24589,10563,28,-29,897,
45964575,24660,10563,28,-29,894,
45964580,24736,10563,28,-29,893,
45964585,24807,10563,28,-29,894,
45964590,24880,10573,28,-29,895,
45964595,24950,10573,28,-29,891,
45964600,25010,10573,27,-30,886,
45964605,25067,10573,27,-30,889,
45964610,25120,10573,26,-30,894,
45964615,25177,10573,26,-30,898,
45964620,25234,10573,26,-30,898,
45964625,25294,10573,26,-30,903,
45964630,25356,10573,26,-30,899,
45964635,25410,10573,26,-30,898,
45964640,25466,10580,26,-30,900,
45964645,25522,10580,26,-32,899,
45964650,25577,10588,26,-32,901,
45964655,25633,10588,26,-32,899,
45964660,25689,10588,26,-32,908,
45964665,25747,10588,26,-32,908,
45964670,25802,10588,27,-31,903,
45964675,25857,10588,27,-31,894,
45964680,25909,10596,28,-31,893,
45964685,25957,10596,28,-31,894,
45964690,26009,10604,28,-31,900,
45964695,26072,10604,28,-31,902,
45964700,26135,10613,30,-31,900,
45964705,26196,10613,30,-31,901,
45964710,26257,10613,31,-31,904,
45964715,26313,10613,31,-31,907,
45964720,26375,10613,31,-31,898,
45964725,26435,10613,31,-31,896,
45964730,26492,10613,31,-31,897,
45964735,26552,10623,31,-31,893,
45964740,26609,10623,30,-31,891,
45964745,26673,10631,30,-31,887,
45964750,26740,10631,28,-31,888,
45964755,26802,10631,28,-31,888,
45964760,26868,10631,28,-31,888,
45964765,26936,10631,28,-31,886,
45964770,27000,10639,28,-31,883,
45964775,27066,10639,27,-31,880,
45964780,27131,10649,27,-31,879,
45964785,27192,10659,26,-32,878,
45964790,27255,10669,26,-32,868,
45964795,27314,10676,26,-32,879,
45964800,27371,10676,26,-32,882,
45964805,27422,10684,24,-31,883,
45964810,27467,10684,24,-31,885,
45964815,27510,10692,23,-32,894,
45964820,27551,10692,23,-32,902,
45964825,27597,10705,23,-32,906,
45964830,27647,10713,24,-33,905,
45964835,27702,10723,24,-33,905,
45964840,27756,10737,26,-33,905,
45964845,27807,10750,26,-33,905,
45964850,27862,10761,26,-33,905,
45964855,27912,10770,26,-33,905,
45964860,27959,10778,26,-33,900,
45964865,28005,10778,26,-33,901,
45964870,28047,10792,27,-33,902,
45964875,28089,10792,27,-33,902,
45964880,28130,10803,29,-33,901,
45964885,28173,10803,29,-33,899,
45964890,28212,10803,29,-33,896,
45964895,28250,10815,29,-33,894,
45964900,28289,10822,29,-33,892,
45964905,28328,10829,29,-33,891,
45964910,28366,10829,29,-33,889,
45964915,28399,10837,29,-33,889,
45964920,28426,10837,29,-33,887,
45964925,28447,10837,28,-34,886,
45964930,28467,10844,28,-34,887,
45964935,28487,10844,28,-34,888,
45964940,28514,10852,28,-34,890,
45964945,28544,10852,28,-34,893,
45964950,28575,10865,28,-34,891,
45964955,28603,10865,28,-34,887,
45964960,28628,10875,27,-35,881,
45964965,28647,10875,27,-35,879,
45964970,28662,10875,25,-34,880,
45964975,28676,10875,25,-34,881,
45964980,28687,10882,25,-34,882,
45964985,28702,10882,25,-34,883,
45964990,28720,10882,25,-34,882,
45964995,28739,10882,25,-34,882,
45965000,28761,10891,25,-34,887,
45965005,28786,10891,25,-34,887,
45965010,28814,10901,25,-34,886,
45965015,28844,10901,25,-34,883,
45965020,28874,10909,25,-34,885,
45965025,28901,10909,25,-34,887,
45965030,28928,10909,25,-34,888,
45965035,28957,10909,25,-34,889,
45965040,28991,10917,25,-34,891,
45965045,29028,10917,25,-34,893,
45965050,29065,10917,25,-34,891,
45965055,29103,10924,25,-34,892,
45965060,29140,10924,26,-35,893,
45965065,29174,10924,24,-36,890,
45965070,29207,10924,24,-36,885,
45965075,29238,10924,23,-36,885,
45965080,29267,10924,23,-36,885,
45965085,29296,10924,23,-36,886,
45965090,29326,10931,23,-36,886,
45965095,29355,10931,23,-36,885,
45965100,29382,10931,23,-36,885,
45965105,29407,10931,22,-36,885,
45965110,29435,10938,22,-36,885,
45965115,29461,10938,20,-36,885,
45965120,29487,10952,20,-36,885,
45965125,29517,10961,20,-36,887,
45965130,29546,10969,20,-36,885,
45965135,29576,10977,20,-36,882,
45965140,29602,10984,20,-36,874,
45965145,29621,10984,20,-36,870,
45965150,29632,10994,20,-36,867,
45965155,29632,10994,22,-36,864,
45965160,29641,10994,22,-36,861,
45965165,29641,10994,23,-36,856,
45965170,29641,10994,23,-36,850,
45965175,29641,10994,23,-36,845,
45965180,29641,11002,24,-36,839,
45965185,29634,11002,24,-36,827,
45965190,29634,11002,26,-35,813,
45965195,29634,11002,26,-35,798,
45965200,29634,11002,27,-36,781,
45965205,29634,11002,27,-36,760,
45965210,29634,11002,28,-36,736,
45965215,29634,11002,30,-36,707,
45965220,29634,11002,30,-36,668,
45965225,29634,11002,30,-35,627,
45965230,29634,11002,30,-35,577,
45965235,29634,11002,30,-35,516,
45965240,29634,11002,30,-35,449,
45965245,29634,11002,30,-35,378,
45965250,29634,11002,30,-35,295,
45965255,29634,11002,30,-35,196,
45965260,29634,11002,30,-35,80,
45965265,29634,11002,30,-35,1,
45965270,29634,11002,30,-35,0,
45965275,29662,11009,30,-35,0,
45965280,29683,11018,30,-35,0,
45965285,29710,11035,30,-35,0,
45965290,29736,11066,30,-35,0,
45965295,29754,11120,32,-36,0,
45965300,29769,11191,32,-33,0,
45965305,29776,11281,34,-34,0,
45965310,29776,11384,33,-32,0,
45965315,29776,11499,34,-30,0,
45965320,29763,11625,35,-30,0,
45965325,29750,11758,36,-29,0,
45965330,29732,11897,38,-27,0,
45965335,29706,12043,41,-27,0,
45965340,29668,12196,43,-27,0,
45965345,29615,12358,46,-27,0,
45965350,29547,12540,51,-28,0,
45965355,29465,12727,52,-28,0,
45965360,29374,12934,52,-30,0,
45965365,29374,12934,52,-30,0,
45965695,16023,23822,44,1,0,
45965700,16003,23838,44,0,0,
45965705,15960,23868,44,0,0,
45965710,15894,23914,44,0,0,
45965715,15799,23979,44,0,0,
45965720,15703,24041,45,0,0,
45965725,15610,24108,45,-1,0,
45965730,15519,24176,47,0,0,
45965735,15434,24242,48,-2,0,
45965740,15345,24313,49,-3,0,
45965745,15259,24388,52,-4,0,
45965750,15171,24463,53,-6,0,
45965755,15085,24542,56,-7,0,
45965760,14999,24619,57,-9,0,
45965765,14909,24694,59,-11,0,
45965770,14816,24773,59,-12,0,
45965775,14719,24848,59,-14,0,
45965780,14622,24923,57,-15,0,
45965785,14527,24994,55,-18,0,
45965790,14435,25060,54,-19,0,
45965795,14346,25125,52,-22,0,
45965800,14257,25186,51,-24,0,
45965805,14170,25247,49,-25,0,
45965810,14091,25306,48,-26,0,
45965815,14015,25364,45,-29,0,
45965820,13944,25422,43,-31,0,
45965825,13874,25479,41,-32,0,
45965830,13805,25533,39,-34,0,
45965835,13736,25584,37,-36,0,
45965840,13671,25634,36,-37,0,
45965845,13607,25684,34,-39,0,
45965850,13542,25734,34,-39,0,
45965855,13478,25785,35,-38,0,
45965860,13415,25835,37,-37,0,
45965865,13355,25882,38,-35,0,
45965870,13299,25925,41,-32,0,
45965875,13243,25963,43,-31,0,
45965880,13189,25996,45,-29,0,
45965885,13138,26026,48,-27,0,
45965890,13092,26052,49,-25,0,
45965895,13049,26073,49,-24,0,
45965900,13006,26091,50,-22,0,
45965905,12962,26104,53,-20,0,
45965910,12916,26118,55,-18,0,
45965915,12874,26130,54,-16,0,
45965920,12834,26141,55,-14,0,
45965925,12803,26153,53,-14,0,
45965930,12777,26162,52,-13,0,
45965935,12753,26175,49,-12,0,
45965940,12733,26190,48,-13,0,
45965945,12716,26206,46,-13,0,
45965950,12699,26224,43,-14,0,
45965955,12686,26240,43,-14,0,
45965960,12673,26257,40,-15,0,
45965965,12658,26275,38,-16,0,
45965970,12647,26291,35,-16,0,
45965975,12637,26308,33,-16,0,
45965980,12629,26323,31,-18,0,
45965985,12629,26337,29,-18,0,
45965990,12617,26349,27,-18,0,
45965995,12609,26361,26,-20,0,
45966000,12601,26370,24,-20,0,
45966005,12592,26378,24,-20,0,
45966010,12585,26385,26,-20,0,
45966015,12585,26385,25,-21,0,
45966020,12573,26396,27,-21,0,
45966025,12573,26403,27,-21,0,
45966030,12561,26403,27,-21,0,
45966035,12561,26417,27,-21,0,
45966040,12561,26424,28,-21,0,
45966045,12561,26424,28,-21,0,
45966050,12561,26436,29,-20,0,
45966055,12554,26436,29,-22,0,
45966060,12554,26443,29,-22,0,
45966065,12554,26443,29,-22,0,
45966070,12547,26443,29,-22,0,
45966075,12547,26443,29,-22,0,
45966080,12536,26443,29,-22,0,
45966085,12528,26443,29,-22,0,
45966090,12518,26443,29,-22,0,
45966095,12518,26443,31,-22,0,
45966100,12505,26434,31,-22,0,
45966105,12498,26434,32,-21,0,
45966110,12490,26434,32,-21,0,
45966115,12480,26434,32,-21,0,
45966120,12472,26434,32,-21,0,
45966125,12472,26434,32,-21,0,
45966130,12459,26434,32,-21,0,
45966129,12459,26434,32,-21,4,
45966134,12452,26443,32,-21,10,
45966139,12452,26443,32,-21,19,
45966144,12452,26450,32,-21,29,
45966149,12452,26450,32,-21,36,
45966154,12452,26460,32,-21,44,
45966159,12452,26460,32,-21,55,
45966164,12452,26468,32,-21,70,
45966169,12452,26468,32,-21,92,
45966174,12452,26468,32,-21,113,
45966179,12452,26468,32,-21,136,
45966184,12452,26476,32,-21,159,
45966190,12459,26476,32,-21,183,
45966195,12459,26476,32,-21,206,
45966200,12459,26476,32,-21,227,
45966205,12459,26476,32,-21,247,
45966210,12459,26476,32,-21,262,
45966215,12459,26476,32,-21,276,
45966220,12459,26483,32,-21,291,
45966225,12459,26483,32,-21,305,
45966230,12459,26483,32,-21,317,
45966235,12459,26483,32,-21,328,
45966240,12459,26476,32,-21,336,
45966245,12466,26476,32,-21,345,
45966250,12466,26476,32,-21,355,
45966255,12477,26466,32,-21,375,
45966260,12491,26459,32,-21,405,
45966265,12512,26459,32,-21,428,
45966270,12537,26447,32,-21,432,
45966275,12571,26447,32,-21,447,
45966280,12610,26437,32,-21,450,
45966285,12658,26437,32,-21,462,
45966290,12713,26424,32,-21,471,
45966295,12773,26417,32,-21,475,
45966300,12837,26410,32,-23,477,
45966305,12904,26402,32,-23,486,
45966310,12975,26402,32,-23,495,
45966315,13050,26394,32,-23,500,
45966320,13130,26394,32,-23,514,
45966325,13215,26394,32,-23,518,
45966330,13299,26401,32,-23,520,
45966335,13390,26401,34,-23,524,
45966340,13483,26401,34,-23,546,
45966345,13577,26401,34,-23,550,
45966350,13675,26401,34,-23,556,
45966355,13775,26401,34,-23,560,
45966360,13878,26401,34,-23,562,
45966365,13988,26413,34,-23,564,
45966370,14100,26413,34,-23,571,
45966375,14213,26421,34,-23,574,
45966380,14327,26421,34,-23,572,
45966385,14438,26421,34,-23,581,
45966390,14551,26421,34,-23,589,
45966395,14664,26421,34,-23,586,
45966400,14779,26421,34,-23,592,
45966405,14896,26414,32,-23,593,
45966410,15010,26414,32,-23,595,
45966415,15121,26414,31,-24,600,
45966420,15227,26414,31,-24,604,
45966425,15330,26404,31,-24,601,
45966430,15430,26397,31,-24,604,
45966435,15532,26397,31,-24,612,
45966440,15637,26397,31,-24,610,
45966445,15746,26397,31,-24,605,
45966450,15857,26388,31,-24,608,
45966455,15966,26388,31,-24,610,
45966460,16072,26381,31,-24,607,
45966465,16179,26381,31,-24,609,
45966470,16288,26381,31,-24,614,
45966475,16403,26391,31,-24,618,
45966480,16523,26391,31,-24,619,
45966485,16639,26391,31,-24,617,
45966490,16753,26391,31,-24,613,
45966495,16864,26391,31,-25,617,
45966500,16975,26391,31,-25,617,
45966505,17089,26399,29,-24,619,
45966510,17203,26399,29,-24,621,
45966515,17315,26399,29,-24,621,
45966520,17424,26399,29,-24,622,
45966525,17531,26399,29,-24,622,
45966530,17637,26409,29,-24,625,
45966535,17744,26409,29,-24,627,
45966540,17850,26409,29,-24,627,
45966545,17953,26402,29,-24,630,
45966550,18055,26402,29,-26,633,
45966555,18159,26402,29,-26,639,
45966560,18265,26402,29,-26,638,
45966565,18371,26402,29,-26,642,
45966570,18479,26402,29,-26,646,
45966575,18581,26402,29,-26,643,
45966580,18683,26402,29,-26,650,
45966585,18789,26402,28,-26,650,
45966590,18898,26409,28,-26,652,
45966595,19010,26409,26,-26,656,
45966600,19120,26409,25,-27,657,
45966605,19227,26416,25,-27,661,
45966610,19329,26416,24,-26,665,
45966615,19429,26416,24,-26,665,
45966620,19530,26416,24,-26,664,
45966625,19628,26424,24,-26,666,
45966630,19727,26424,24,-26,664,
45966635,19827,26424,24,-26,667,
45966640,19921,26424,24,-26,667,
45966645,20017,26424,24,-26,666,
45966650,20112,26424,24,-28,673,
45966655,20206,26424,24,-28,673,
45966660,20304,26416,24,-28,676,
45966665,20394,26416,24,-28,673,
45966670,20485,26416,24,-28,667,
45966675,20575,26416,24,-28,671,
45966680,20665,26409,25,-27,673,
45966685,20763,26409,25,-27,672,
45966690,20862,26401,25,-27,680,
45966695,20961,26401,24,-28,676,
45966700,21062,26401,24,-28,679,
45966705,21163,26401,22,-28,681,
45966710,21262,26401,22,-28,676,
45966715,21361,26401,21,-28,678,
45966720,21457,26401,21,-28,678,
45966725,21551,26408,21,-28,676,
45966730,21651,26408,22,-28,678,
45966735,21751,26422,22,-28,676,
45966740,21853,26422,24,-28,676,
45966745,21950,26422,24,-28,677,
45966750,22040,26432,24,-28,676,
45966755,22127,26432,24,-28,679,
45966760,22216,26432,24,-28,680,
45966765,22308,26432,24,-28,685,
45966770,22401,26432,24,-28,683,
45966775,22493,26432,24,-28,687,
45966780,22581,26432,23,-29,685,
45966785,22670,26432,23,-29,685,
45966790,22763,26441,23,-29,685,
45966795,22860,26441,23,-29,684,
45966800,22963,26441,22,-29,680,
45966805,23065,26449,22,-29,682,
45966810,23164,26459,20,-29,672,
45966815,23264,26467,20,-29,682,
45966820,23362,26467,20,-29,682,
45966825,23464,26477,20,-29,682,
45966830,23567,26477,20,-29,685,
45966835,23660,26477,20,-29,683,
45966840,23755,26477,20,-29,681,
45966845,23846,26477,20,-29,678,
45966850,23936,26486,20,-29,682,
45966855,24029,26486,20,-29,683,
45966860,24122,26486,20,-29,687,
45966865,24214,26486,20,-31,688,
45966870,24303,26486,20,-31,684,
45966875,24396,26486,20,-31,682,
45966880,24489,26486,20,-31,683,
45966885,24585,26486,20,-31,678,
45966890,24686,26486,20,-31,678,
45966895,24789,26494,20,-31,671,
45966900,24894,26494,20,-31,658,
45966905,25006,26504,20,-31,659,
45966910,25125,26511,20,-31,653,
45966915,25247,26511,19,-31,647,
45966920,25366,26527,19,-31,636,
45966925,25482,26536,19,-31,628,
45966930,25598,26536,19,-31,636,
45966935,25715,26546,19,-31,621,
45966940,25833,26546,20,-31,616,
45966945,25952,26546,20,-31,613,
45966950,26072,26556,20,-31,602,
45966955,26195,26564,20,-31,615,
45966960,26321,26574,20,-31,616,
45966965,26447,26574,21,-32,617,
45966970,26570,26585,21,-32,614,
45966975,26692,26592,21,-32,616,
45966980,26817,26599,21,-32,611,
45966985,26944,26608,21,-32,611,
45966990,27074,26608,21,-32,614,
45966995,27204,26608,21,-32,612,
45967000,27334,26608,19,-32,608,
45967005,27457,26608,19,-32,610,
45967010,27575,26608,18,-32,600,
45967015,27690,26608,18,-32,600,
45967020,27800,26608,18,-32,604,
45967025,27911,26608,19,-32,607,
45967030,28024,26608,19,-32,601,
45967035,28138,26616,21,-34,594,
45967040,28252,26616,21,-34,604,
45967045,28366,26616,21,-34,612,
45967050,28476,26616,21,-34,610,
45967055,28581,26605,21,-34,605,
45967060,28682,26605,21,-34,601,
45967065,28781,26605,21,-34,599,
45967070,28882,26605,21,-34,593,
45967075,28985,26605,21,-34,595,
45967080,29089,26613,21,-34,593,
45967085,29192,26613,21,-34,579,
45967090,29290,26606,19,-33,579,
45967095,29378,26606,19,-33,582,
45967100,29459,26594,18,-34,580,
45967105,29533,26586,16,-33,577,
45967110,29599,26579,16,-33,575,
45967115,29660,26579,16,-33,575,
45967120,29721,26568,16,-33,578,
45967125,29783,26561,16,-33,578,
45967130,29843,26554,18,-34,577,
45967135,29900,26554,18,-34,572,
45967140,29951,26545,18,-34,574,
45967145,29995,26545,18,-34,573,
45967150,30039,26534,18,-34,574,
45967155,30080,26526,18,-34,569,
45967160,30113,26519,18,-34,557,
45967165,30141,26511,19,-33,558,
45967170,30164,26503,19,-33,569,
45967175,30188,26492,21,-34,574,
45967180,30211,26482,21,-34,569,
45967185,30235,26472,21,-33,564,
45967190,30257,26472,21,-33,564,
45967195,30274,26463,21,-33,558,
45967200,30288,26463,21,-33,551,
45967205,30302,26454,21,-34,554,
45967210,30313,26444,21,-32,564,
45967215,30324,26437,21,-32,569,
45967220,30334,26430,21,-32,569,
45967225,30334,26430,21,-32,568,
45967230,30344,26430,21,-32,569,
45967235,30344,26430,21,-32,569,
45967240,30351,26430,21,-32,570,
45967245,30351,26430,21,-32,572,
45967250,30351,26430,21,-32,574,
45967255,30351,26430,21,-32,579,
45967260,30351,26430,21,-32,583,
45967265,30351,26430,21,-32,588,
45967270,30351,26430,21,-32,592,
45967275,30351,26430,21,-32,596,
45967280,30351,26430,21,-32,598,
45967285,30351,26430,21,-32,601,
45967290,30351,26430,21,-32,604,
45967295,30351,26430,21,-32,607,
45967300,30351,26430,21,-32,608,
45967305,30351,26430,21,-32,608,
45967310,30351,26430,21,-32,608,
45967315,30351,26430,21,-32,608,
45967320,30351,26430,21,-32,607,
45967325,30351,26423,21,-32,606,
45967330,30351,26423,21,-32,605,
45967335,30351,26423,21,-32,604,
45967340,30351,26423,21,-32,601,
45967345,30351,26423,21,-32,598,
45967350,30351,26423,21,-32,597,
45967355,30351,26416,21,-32,596,
45967360,30351,26416,21,-32,593,
45967365,30351,26416,21,-32,590,
45967370,30351,26416,21,-32,588,
45967375,30351,26408,21,-32,587,
45967380,30351,26408,21,-32,585,
45967385,30351,26399,21,-32,585,
45967390,30351,26389,21,-32,590,
45967395,30351,26376,21,-32,595,
45967400,30351,26359,21,-32,596,
45967405,30359,26338,21,-32,604,
45967410,30359,26310,21,-32,612,
45967415,30359,26282,21,-32,611,
45967420,30359,26255,21,-32,606,
45967425,30368,26229,21,-32,605,
45967430,30368,26205,21,-32,607,
45967435,30368,26175,21,-32,610,
45967440,30380,26145,21,-32,612,
45967445,30380,26118,21,-32,607,
45967450,30387,26092,21,-32,609,
45967455,30387,26067,20,-31,617,
45967460,30387,26041,20,-31,620,
45967465,30397,26014,20,-31,621,
45967470,30397,25992,20,-31,621,
45967475,30406,25975,20,-31,619,
45967480,30413,25958,20,-29,619,
45967485,30413,25936,20,-29,621,
45967490,30421,25907,20,-29,621,
45967495,30421,25870,20,-29,627,
45967500,30421,25834,21,-28,625,
45967505,30421,25799,21,-28,625,
45967510,30413,25760,21,-28,631,
45967515,30413,25721,21,-28,641,
45967520,30413,25679,21,-28,642,
45967525,30413,25637,20,-29,640,
45967530,30404,25592,20,-29,647,
45967535,30396,25542,20,-29,651,
45967540,30386,25491,20,-31,653,
45967545,30375,25439,20,-31,653,
45967550,30365,25391,20,-31,658,
45967555,30352,25348,21,-32,665,
45967560,30341,25297,21,-32,675,
45967565,30341,25246,21,-34,678,
45967570,30333,25193,21,-34,678,
45967575,30333,25145,21,-33,673,
45967580,30333,25105,22,-35,675,
45967585,30323,25062,23,-34,682,
45967590,30323,25017,23,-34,684,
45967595,30323,24970,23,-36,684,
45967600,30323,24918,23,-34,686,
45967605,30323,24869,23,-34,687,
45967610,30333,24825,23,-34,686,
45967615,30333,24779,23,-34,691,
45967620,30340,24731,23,-34,691,
45967625,30340,24681,23,-34,693,
45967630,30350,24626,23,-34,692,
45967635,30350,24569,23,-34,694,
45967640,30350,24515,23,-34,703,
45967645,30358,24462,23,-34,705,
45967650,30358,24407,23,-34,709,
45967655,30367,24355,23,-34,709,
45967660,30374,24297,23,-34,712,
45967665,30382,24236,23,-32,714,
45967670,30382,24177,23,-32,714,
45967675,30390,24115,23,-32,713,
45967680,30390,24057,23,-32,714,
45967685,30390,23993,23,-32,720,
45967690,30390,23925,23,-31,722,
45967695,30390,23855,23,-31,723,
45967700,30390,23786,23,-31,723,
45967705,30390,23719,23,-29,724,
45967710,30390,23659,23,-29,726,
45967715,30390,23595,23,-29,725,
45967720,30390,23529,23,-29,727,
45967725,30390,23466,23,-29,732,
45967730,30390,23402,23,-29,733,
45967735,30390,23339,23,-29,737,
45967740,30390,23280,23,-31,739,
45967745,30390,23223,23,-31,737,
45967750,30390,23166,23,-31,737,
45967755,30390,23108,23,-31,742,
45967760,30390,23043,23,-31,744,
45967765,30390,22973,23,-31,746,
45967770,30390,22899,23,-31,745,
45967775,30390,22825,23,-31,744,
45967780,30390,22758,23,-31,741,
45967785,30375,22698,23,-31,741,
45967790,30365,22634,23,-32,744,
45967795,30365,22563,23,-32,746,
45967800,30365,22485,23,-32,749,
45967805,30365,22400,23,-31,749,
45967810,30357,22318,23,-31,752,
45967815,30357,22245,23,-31,749,
45967820,30341,22172,23,-31,749,
45967825,30341,22099,23,-31,752,
45967830,30332,22022,23,-29,751,
45967835,30325,21942,23,-29,749,
45967840,30314,21863,23,-29,749,
45967845,30300,21779,24,-28,754,
45967850,30287,21700,24,-28,750,
45967855,30277,21617,24,-28,752,
45967860,30269,21537,24,-28,755,
45967865,30261,21461,24,-28,755,
45967870,30250,21386,24,-28,755,
45967875,30240,21315,24,-28,757,
45967880,30230,21241,24,-28,759,
45967885,30230,21164,24,-28,757,
45967890,30219,21085,24,-28,759,
45967895,30212,21008,24,-28,758,
45967900,30204,20929,24,-28,760,
45967905,30197,20850,24,-28,759,
45967910,30197,20771,24,-28,759,
45967915,30186,20689,24,-28,757,
45967920,30186,20608,24,-28,760,
45967925,30177,20532,24,-28,761,
45967930,30177,20453,24,-28,758,
45967935,30168,20375,23,-29,756,
45967940,30168,20295,23,-29,757,
45967945,30159,20214,24,-28,757,
45967950,30150,20130,24,-28,756,
45967955,30143,20048,24,-28,758,
45967960,30143,19964,24,-26,759,
45967965,30132,19880,24,-26,760,
45967970,30132,19791,24,-26,760,
45967975,30132,19693,23,-25,760,
45967980,30124,19594,23,-25,760,
45967985,30116,19498,25,-25,763,
45967990,30103,19402,25,-25,761,
45967995,30092,19307,27,-25,758,
45968000,30081,19214,27,-25,755,
45968005,30067,19114,27,-25,750,
45968010,30049,19016,27,-25,755,
45968015,30032,18914,26,-26,755,
45968020,30018,18804,26,-26,756,
45968025,30005,18692,26,-26,755,
45968030,29993,18581,26,-26,752,
45968035,29973,18473,26,-26,756,
45968040,29948,18369,26,-26,752,
45968045,29924,18262,26,-26,747,
45968050,29900,18153,26,-26,749,
45968055,29877,18042,26,-28,755,
45968060,29853,17931,26,-28,756,
45968065,29829,17821,26,-28,762,
45968070,29807,17709,26,-28,757,
45968075,29792,17599,26,-28,760,
45968080,29775,17493,26,-26,762,
45968085,29757,17387,26,-26,761,
45968090,29744,17285,26,-26,763,
45968095,29734,17184,26,-26,763,
45968100,29727,17082,26,-26,760,
45968105,29720,16985,26,-26,756,
45968110,29706,16892,26,-26,746,
45968115,29687,16797,28,-26,755,
45968120,29675,16701,28,-26,757,
45968125,29675,16606,29,-26,755,
45968130,29666,16506,29,-26,754,
45968135,29666,16410,29,-26,752,
45968140,29655,16316,29,-26,755,
45968145,29643,16220,29,-26,754,
45968150,29636,16126,29,-26,750,
45968155,29628,16032,28,-27,749,
45968160,29620,15936,28,-27,747,
45968165,29620,15845,28,-27,751,
45968170,29602,15753,28,-27,745,
45968175,29591,15664,29,-26,746,
45968180,29579,15579,29,-26,749,
45968185,29565,15490,29,-26,746,
45968190,29548,15400,29,-24,746,
45968195,29528,15312,29,-24,758,
45968200,29510,15227,27,-25,756,
45968205,29497,15147,27,-25,760,
45968210,29490,15073,27,-25,756,
45968215,29490,14995,27,-25,755,
45968220,29480,14909,25,-27,755,
45968225,29480,14825,25,-27,757,
45968230,29468,14749,24,-26,757,
45968235,29455,14672,24,-26,753,
45968240,29447,14600,22,-26,752,
45968245,29435,14526,22,-26,751,
45968250,29427,14446,21,-27,752,
45968255,29427,14367,19,-26,749,
45968260,29413,14294,19,-26,752,
45968265,29403,14223,18,-29,753,
45968270,29396,14153,18,-29,756,
45968275,29396,14085,18,-29,755,
45968280,29396,14014,18,-29,755,
45968285,29396,13946,18,-29,752,
45968290,29396,13879,18,-29,754,
45968295,29396,13814,18,-29,755,
45968300,29388,13749,18,-29,752,
45968305,29388,13685,18,-27,753,
45968310,29388,13623,18,-27,752,
45968315,29388,13562,19,-26,752,
45968320,29379,13500,19,-26,755,
45968325,29379,13440,21,-25,755,
45968330,29371,13383,21,-25,751,
45968335,29371,13322,21,-25,754,
45968340,29364,13262,21,-25,757,
45968345,29364,13202,21,-25,758,
45968350,29364,13141,21,-25,757,
45968355,29364,13088,21,-25,755,
45968360,29354,13038,21,-25,758,
45968365,29354,12986,21,-25,759,
45968370,29354,12936,21,-25,759,
45968375,29354,12885,21,-27,757,
45968380,29361,12840,21,-27,758,
45968385,29361,12797,21,-27,756,
45968390,29361,12752,21,-27,758,
45968395,29361,12708,21,-27,757,
45968400,29361,12661,21,-27,760,
45968405,29361,12613,21,-28,761,
45968410,29361,12566,21,-28,759,
45968415,29361,12520,21,-28,761,
45968420,29361,12470,20,-29,769,
45968425,29361,12430,20,-29,763,
45968430,29371,12391,21,-28,758,
45968435,29378,12350,21,-28,758,
45968440,29378,12313,21,-28,758,
45968445,29378,12271,21,-28,759,
45968450,29378,12222,21,-28,758,
45968455,29378,12175,21,-28,758,
45968460,29378,12126,21,-28,759,
45968465,29378,12074,21,-28,758,
45968470,29369,12025,21,-28,758,
45968475,29369,11973,21,-28,760,
45968480,29361,11924,21,-27,757,
45968485,29361,11880,21,-27,756,
45968490,29361,11838,21,-27,758,
45968495,29361,11799,21,-27,754,
45968500,29361,11755,21,-27,755,
45968505,29361,11709,21,-27,751,
45968510,29369,11660,21,-27,747,
45968515,29369,11612,21,-27,746,
45968520,29369,11567,21,-27,741,
45968525,29359,11523,21,-25,734,
45968530,29359,11481,21,-25,736,
45968535,29359,11434,21,-25,733,
45968540,29359,11386,20,-24,725,
45968545,29351,11339,20,-24,715,
45968550,29351,11289,20,-24,713,
45968555,29338,11240,21,-23,700,
45968560,29327,11186,21,-23,694,
45968565,29313,11127,21,-23,671,
45968570,29295,11077,21,-23,671,
45968575,29279,11033,20,-24,667,
45968580,29264,10996,20,-24,662,
45968585,29252,10963,20,-24,633,
45968590,29241,10933,22,-24,613,
45968595,29231,10905,23,-25,599,
45968600,29222,10880,23,-25,580,
45968605,29210,10862,23,-25,520,
45968610,29200,10848,23,-25,440,
45968615,29189,10838,23,-25,365,
45968620,29177,10838,24,-26,273,
45968625,29167,10838,24,-26,136,
45968630,29153,10855,24,-26,1,
45968635,29153,10855,24,-28,0,
45968640,29114,10901,24,-28,0,
45968645,29078,10940,24,-28,0,
45968650,29028,10993,25,-27,0,
45968655,28960,11064,25,-27,0,
45968660,28880,11153,26,-28,0,
45968665,28790,11253,26,-28,0,
45968670,28694,11366,26,-26,0,
45968675,28592,11490,27,-25,0,
45968680,28483,11623,26,-24,0,
45968685,28366,11773,28,-24,0,
45968691,28238,11935,29,-22,0,
45968696,28109,12106,31,-22,0,
45968701,27977,12294,33,-21,0,
45968706,27840,12498,38,-22,0,
45968711,27696,12729,42,-24,0,
45968716,27528,12998,44,-24,0,
45968721,27528,12998,44,-24,0,
45969035,15431,26279,82,-13,0,
45969040,15404,26279,82,-13,0,
45969045,15355,26279,82,-13,0,
45969050,15280,26286,82,-11,0,
45969055,15174,26286,82,-11,0,
45969060,15065,26297,82,-11,0,
45969065,14945,26309,82,-11,0,
45969070,14828,26321,82,-11,0,
45969075,14717,26332,82,-11,0,
45969080,14609,26344,79,-12,0,
45969085,14518,26355,75,-13,0,
45969090,14427,26373,72,-14,0,
45969095,14344,26390,70,-13,0,
45969100,14270,26407,67,-14,0,
45969105,14198,26423,64,-14,0,
45969110,14134,26436,61,-15,0,
45969115,14073,26452,59,-15,0,
45969120,14020,26470,56,-16,0,
45969125,13969,26490,53,-16,0,
45969130,13927,26512,50,-16,0,
45969135,13886,26535,48,-17,0,
45969140,13848,26556,43,-17,0,
45969145,13807,26575,42,-17,0,
45969150,13761,26596,40,-17,0,
45969155,13718,26613,42,-17,0,
45969160,13670,26629,43,-18,0,
45969165,13625,26644,46,-18,0,
45969170,13580,26659,47,-18,0,
45969175,13537,26677,49,-18,0,
45969180,13496,26699,52,-18,0,
45969185,13458,26722,52,-17,0,
45969190,13423,26741,55,-18,0,
45969195,13386,26762,55,-18,0,
45969200,13350,26781,56,-18,0,
45969205,13315,26802,58,-17,0,
45969210,13282,26826,58,-17,0,
45969215,13254,26843,59,-18,0,
45969220,13226,26858,61,-18,0,
45969225,13198,26870,62,-17,0,
45969230,13170,26870,64,-18,0,
45969235,13140,26879,64,-18,0,
45969240,13113,26879,65,-17,0,
45969245,13086,26868,67,-17,0,
45969250,13059,26854,67,-17,0,
45969255,13031,26838,68,-17,0,
45969260,12998,26818,68,-17,0,
45969265,12967,26799,70,-16,0,
45969270,12935,26782,70,-16,0,
45969275,12903,26763,71,-16,0,
45969280,12876,26746,72,-15,0,
45969285,12849,26733,70,-15,0,
45969290,12825,26721,69,-15,0,
45969295,12806,26713,67,-15,0,
45969300,12786,26705,64,-14,0,
45969305,12765,26697,61,-15,0,
45969310,12744,26688,59,-15,0,
45969315,12719,26678,56,-15,0,
45969320,12693,26667,55,-14,0,
45969325,12666,26654,52,-14,0,
45969330,12640,26638,50,-15,0,
45969335,12614,26619,47,-14,0,
45969340,12585,26603,44,-14,0,
45969345,12556,26586,43,-14,0,
45969350,12528,26571,40,-15,0,
45969355,12500,26559,37,-15,0,
45969360,12476,26545,33,-15,0,
45969365,12451,26529,32,-14,0,
45969370,12425,26516,32,-14,0,
45969375,12400,26502,32,-14,0,
45969380,12378,26490,32,-14,0,
45969385,12358,26479,34,-14,0,
45969390,12343,26465,33,-12,0,
45969395,12327,26454,35,-12,0,
45969400,12311,26447,35,-12,0,
45969405,12299,26447,35,-12,0,
45969410,12288,26438,36,-12,0,
45969415,12288,26438,37,-11,0,
45969420,12278,26428,38,-11,0,
45969425,12278,26428,38,-11,0,
45969430,12278,26428,38,-11,0,
45969435,12293,26428,38,-11,0,
45969440,12308,26428,38,-11,0,
45969445,12328,26428,38,-11,0,
45969450,12344,26428,38,-11,0,
45969455,12361,26428,38,-11,0,
45969460,12378,26436,38,-11,0,
45969465,12394,26436,38,-11,0,
45969470,12417,26436,38,-11,0,
45969475,12437,26436,38,-11,0,
45969473,12437,26436,38,-11,132,
45969478,12463,26444,38,-11,171,
45969483,12463,26444,38,-11,171,
45969488,12471,26451,38,-11,160,
45969493,12471,26451,38,-11,154,
45969498,12490,26451,38,-11,155,
45969504,12511,26461,38,-11,160,
45969509,12538,26468,38,-11,170,
45969514,12571,26476,38,-11,172,
45969519,12610,26484,38,-11,167,
45969524,12652,26491,38,-12,164,
45969529,12694,26502,38,-12,162,
45969534,12738,26515,38,-12,165,
45969539,12783,26530,38,-12,190,
45969544,12830,26545,36,-12,203,
45969549,12878,26558,36,-12,208,
45969554,12927,26573,36,-12,232,
45969559,12975,26591,36,-12,260,
45969564,13022,26608,36,-12,277,
45969569,13068,26627,38,-12,293,
45969574,13113,26644,39,-14,314,
45969579,13155,26662,39,-14,324,
45969584,13199,26683,39,-14,347,
45969589,13245,26705,39,-14,372,
45969594,13293,26729,39,-13,383,
45969599,13347,26757,39,-13,391,
45969604,13404,26785,40,-14,412,
45969609,13463,26815,40,-14,435,
45969614,13527,26843,41,-15,456,
45969619,13593,26870,41,-15,472,
45969624,13665,26899,43,-14,481,
45969629,13742,26928,43,-14,489,
45969634,13823,26962,43,-14,492,
45969639,13907,26998,43,-14,502,
45969644,13998,27037,43,-14,519,
45969649,14094,27077,43,-14,521,
45969654,14195,27120,43,-14,524,
45969659,14302,27161,41,-15,538,
45969664,14413,27203,41,-15,547,
45969669,14530,27245,41,-16,545,
45969674,14650,27285,39,-16,547,
45969679,14773,27330,39,-16,548,
45969684,14896,27375,38,-16,548,
45969689,15018,27421,38,-16,548,
45969694,15141,27470,37,-17,548,
45969699,15264,27518,37,-17,552,
45969704,15383,27563,37,-17,553,
45969709,15503,27608,38,-19,566,
45969714,15623,27646,38,-19,585,
45969719,15746,27681,38,-19,591,
45969724,15866,27722,38,-20,592,
45969729,15982,27767,38,-20,596,
45969734,16099,27813,38,-20,606,
45969739,16219,27856,38,-19,623,
45969744,16340,27893,38,-19,621,
45969749,16466,27929,38,-19,623,
45969754,16591,27969,37,-17,626,
45969759,16715,28014,37,-17,638,
45969764,16844,28059,37,-17,642,
45969769,16971,28103,38,-16,644,
45969774,17096,28148,38,-16,647,
45969779,17218,28197,38,-16,655,
45969784,17343,28249,36,-16,650,
45969789,17471,28305,37,-15,652,
45969794,17603,28360,35,-15,663,
45969799,17735,28416,35,-15,656,
45969804,17860,28474,35,-15,644,
45969809,17983,28536,35,-15,647,
45969814,18103,28593,35,-15,650,
45969819,18219,28647,35,-15,647,
45969824,18337,28696,35,-16,649,
45969829,18453,28739,35,-16,659,
45969834,18562,28783,35,-16,653,
45969839,18665,28824,35,-18,651,
45969844,18764,28862,35,-18,657,
45969849,18866,28899,34,-18,664,
45969854,18969,28932,33,-19,667,
45969859,19069,28964,32,-19,657,
45969864,19163,28994,32,-19,659,
45969869,19248,29023,32,-21,670,
45969874,19330,29049,32,-21,676,
45969879,19415,29070,32,-21,674,
45969884,19501,29091,32,-21,679,
45969889,19582,29112,32,-21,679,
45969894,19658,29134,32,-21,679,
45969899,19735,29156,32,-21,686,
45969904,19813,29178,32,-21,691,
45969909,19897,29201,32,-21,692,
45969914,19982,29227,32,-21,690,
45969919,20067,29253,32,-21,696,
45969924,20149,29283,32,-21,696,
45969929,20227,29310,32,-21,700,
45969934,20305,29333,32,-21,702,
45969939,20383,29357,32,-21,704,
45969944,20458,29382,32,-21,700,
45969949,20534,29411,32,-21,694,
45969954,20610,29439,32,-19,694,
45969959,20682,29465,32,-19,698,
45969964,20759,29487,31,-19,698,
45969969,20833,29506,31,-19,701,
45969974,20906,29524,29,-20,703,
45969979,20975,29540,29,-20,704,
45969984,21040,29557,29,-18,705,
45969989,21107,29575,29,-18,706,
45969994,21175,29594,29,-18,710,
45969999,21249,29616,29,-18,714,
45970004,21321,29640,27,-18,713,
45970009,21389,29665,27,-18,715,
45970014,21459,29691,27,-18,718,
45970019,21526,29716,27,-18,714,
45970024,21591,29736,27,-18,714,
45970029,21655,29757,27,-16,714,
45970034,21709,29774,27,-16,715,
45970039,21762,29789,27,-16,716,
45970044,21815,29807,27,-16,713,
45970049,21872,29827,27,-16,720,
45970054,21930,29848,27,-16,720,
45970059,21987,29870,27,-16,717,
45970064,22040,29891,28,-17,713,
45970069,22088,29910,28,-17,712,
45970074,22137,29928,30,-17,716,
45970079,22188,29944,30,-17,718,
45970084,22242,29957,30,-17,717,
45970089,22292,29969,30,-17,714,
45970094,22339,29982,30,-17,714,
45970099,22383,29996,30,-17,712,
45970104,22425,30009,30,-17,708,
45970109,22468,30021,30,-17,709,
45970114,22511,30035,30,-17,710,
45970119,22558,30049,30,-17,711,
45970124,22606,30065,30,-17,704,
45970129,22654,30082,28,-17,682,
45970134,22696,30105,28,-17,659,
45970139,22741,30135,27,-16,677,
45970144,22786,30157,27,-16,669,
45970149,22826,30177,27,-16,647,
45970154,22867,30191,27,-16,641,
45970159,22902,30200,27,-16,639,
45970164,22933,30213,27,-16,633,
45970169,22965,30227,27,-16,614,
45970174,22999,30239,27,-16,596,
45970179,23028,30251,26,-17,578,
45970184,23053,30259,26,-17,542,
45970189,23075,30266,25,-17,504,
45970194,23093,30266,25,-17,474,
45970199,23108,30273,25,-17,428,
45970204,23126,30273,25,-17,364,
45970209,23145,30273,25,-17,290,
45970214,23169,30262,24,-18,198,
45970219,23196,30249,23,-19,83,
45970224,23227,30230,23,-19,1,
45970229,23227,30230,22,-19,0,
45970234,23300,30167,22,-19,0,
45970239,23336,30123,22,-19,0,
45970244,23367,30075,23,-19,0,
45970249,23391,30022,23,-19,0,
45970254,23408,29961,24,-18,0,
45970259,23422,29894,24,-18,0,
45970264,23438,29817,25,-18,0,
45970269,23460,29732,27,-18,0,
45970274,23492,29644,29,-18,0,
45970279,23530,29556,29,-18,0,
45970284,23576,29466,31,-18,0,
45970289,23632,29381,32,-18,0,
45970294,23695,29295,35,-18,0,
45970299,23768,29209,37,-18,0,
45970304,23851,29128,37,-17,0,
45970309,23938,29048,39,-17,0,
45970314,24035,28972,40,-17,0,
45970319,24140,28897,42,-17,0,
45970324,24251,28829,43,-17,0,
45970329,24372,28766,43,-18,0,
45970334,24372,28766,43,-18,0,
45970447,28692,27296,17,-82,0,
45970452,28730,27280,17,-82,0,
45970457,28802,27255,17,-82,0,
45970462,28903,27218,15,-81,0,
45970467,29039,27170,15,-81,0,
45970472,29172,27124,15,-81,0,
45970477,29303,27079,13,-82,0,
45970482,29430,27030,13,-82,0,
45970487,29547,26981,13,-82,0,
45970492,29650,26930,14,-82,0,
45970497,29742,26875,17,-80,0,
45970502,29830,26817,18,-75,0,
45970507,29907,26758,21,-71,0,
45970512,29977,26702,23,-69,0,
45970517,30039,26647,26,-64,0,
45970522,30089,26598,27,-62,0,
45970527,30136,26553,29,-56,0,
45970532,30177,26509,31,-52,0,
45970537,30211,26471,34,-48,0,
45970542,30241,26432,35,-45,0,
45970547,30263,26397,38,-42,0,
45970552,30277,26369,39,-39,0,
45970557,30289,26339,42,-35,0,
45970562,30303,26315,44,-35,0,
45970567,30317,26294,44,-32,0,
45970572,30333,26273,43,-31,0,
45970577,30350,26258,42,-31,0,
45970582,30362,26245,41,-30,0,
45970587,30373,26233,40,-29,0,
45970592,30382,26222,38,-29,0,
45970597,30382,26213,38,-27,0,
45970602,30393,26206,37,-28,0,
45970607,30393,26206,37,-26,0,
45970612,30393,26206,37,-26,0,
45970617,30404,26215,36,-27,0,
45970622,30404,26227,36,-27,0,
45970627,30419,26241,35,-27,0,
45970632,30428,26258,35,-27,0,
45970637,30438,26279,35,-27,0,
45970642,30447,26300,35,-27,0,
45970647,30456,26321,35,-27,0,
45970652,30463,26339,35,-27,0,
45970657,30463,26355,35,-27,0,
45970662,30463,26370,35,-27,0,
45970667,30463,26382,35,-27,0,
45970672,30463,26391,35,-27,0,
45970677,30452,26398,34,-28,0,
45970682,30443,26398,34,-28,0,
45970687,30431,26406,34,-28,0,
45970692,30418,26406,34,-28,0,
45970697,30404,26413,34,-30,0,
45970702,30392,26413,34,-30,0,
45970707,30379,26413,34,-30,0,
45970712,30368,26413,34,-30,0,
45970717,30357,26421,34,-30,0,
45970722,30348,26421,34,-30,0,
45970727,30348,26429,34,-30,0,
45970732,30336,26429,34,-30,0,
45970737,30327,26429,34,-30,0,
45970742,30317,26436,34,-30,0,
45970747,30304,26436,34,-30,0,
45970752,30289,26436,34,-30,0,
45970757,30273,26436,34,-30,0,
45970762,30255,26436,34,-30,0,
45970767,30234,26443,34,-30,0,
45970772,30212,26443,34,-30,0,
45970777,30188,26450,34,-30,0,
45970782,30165,26450,34,-30,0,
45970787,30145,26461,34,-30,0,
45970792,30124,26468,34,-30,0,
45970797,30109,26468,34,-30,0,
45970802,30096,26483,34,-30,0,
45970807,30087,26495,34,-30,0,
45970812,30087,26508,34,-30,0,
45970817,30087,26522,34,-30,0,
45970817,30087,26522,34,-30,13,
45970822,30097,26553,34,-30,55,
45970827,30105,26567,34,-30,79,
45970832,30114,26579,34,-30,96,
45970837,30125,26590,34,-30,104,
45970842,30135,26601,34,-30,110,
45970847,30145,26612,34,-30,129,
45970852,30156,26623,34,-30,151,
45970857,30168,26636,33,-32,178,
45970862,30186,26646,33,-32,204,
45970867,30208,26660,33,-32,223,
45970873,30231,26673,33,-32,253,
45970878,30257,26683,33,-32,284,
45970883,30280,26697,33,-32,304,
45970888,30303,26708,33,-32,317,
45970893,30331,26719,33,-32,342,
45970898,30362,26733,34,-34,364,
45970903,30395,26748,34,-34,383,
45970908,30432,26766,34,-34,410,
45970913,30468,26787,34,-34,431,
45970918,30508,26811,34,-34,449,
45970923,30557,26837,34,-34,458,
45970928,30612,26867,34,-34,502,
45970933,30677,26899,32,-33,515,
45970938,30743,26932,32,-33,527,
45970943,30807,26970,30,-34,517,
45970948,30873,27012,30,-34,522,
45970953,30943,27057,30,-34,530,
45970958,31020,27107,30,-34,547,
45970963,31100,27155,30,-34,547,
45970968,31180,27202,30,-34,566,
45970973,31259,27247,28,-36,589,
45970978,31342,27291,28,-36,582,
45970983,31428,27335,27,-36,603,
45970988,31519,27383,27,-36,607,
45970993,31610,27435,26,-35,613,
45970998,31699,27487,26,-35,621,
45971003,31789,27539,26,-35,628,
45971008,31878,27590,25,-37,624,
45971013,31966,27640,25,-37,633,
45971018,32056,27693,25,-37,626,
45971023,32147,27750,26,-37,627,
45971028,32228,27804,26,-37,633,
45971033,32312,27858,28,-36,636,
45971038,32394,27909,28,-36,633,
45971043,32473,27962,28,-34,639,
45971048,32559,28015,29,-33,641,
45971053,32640,28069,28,-31,657,
45971058,32720,28122,28,-31,648,
45971063,32799,28169,28,-29,661,
45971068,32875,28220,29,-29,661,
45971073,32953,28271,29,-29,662,
45971078,33027,28317,28,-27,673,
45971083,33103,28366,29,-26,673,
45971088,33185,28410,29,-26,679,
45971093,33265,28453,27,-25,676,
45971098,33351,28500,28,-24,672,
45971103,33435,28545,26,-24,674,
45971108,33509,28586,26,-24,673,
45971113,33579,28624,26,-24,676,
45971118,33645,28659,25,-23,673,
45971123,33707,28695,25,-23,674,
45971128,33766,28731,25,-23,674,
45971133,33819,28768,25,-25,673,
45971138,33868,28803,25,-25,671,
45971143,33916,28836,27,-25,677,
45971148,33966,28869,26,-26,679,
45971153,34018,28901,26,-26,677,
45971158,34068,28929,26,-26,678,
45971163,34109,28953,26,-28,677,
45971168,34143,28974,26,-28,676,
45971173,34171,28991,26,-28,676,
45971178,34195,29010,26,-28,673,
45971183,34220,29029,26,-29,670,
45971188,34245,29047,26,-29,674,
45971193,34267,29061,26,-29,673,
45971198,34288,29069,26,-29,673,
45971203,34307,29069,26,-29,674,
45971208,34324,29083,26,-29,675,
45971213,34342,29092,26,-29,675,
45971218,34358,29101,26,-29,675,
45971223,34373,29109,26,-29,674,
45971228,34387,29109,26,-29,673,
45971233,34398,29118,26,-29,672,
45971238,34407,29118,26,-29,672,
45971243,34414,29118,26,-29,673,
45971248,34421,29128,26,-29,671,
45971253,34429,29128,26,-29,668,
45971258,34438,29128,26,-29,663,
45971263,34446,29136,26,-29,656,
45971268,34455,29136,26,-29,650,
45971273,34463,29145,26,-29,645,
45971278,34473,29152,26,-29,643,
45971283,34484,29159,26,-29,641,
45971288,34494,29167,26,-29,639,
45971293,34505,29174,24,-29,639,
45971298,34505,29181,24,-29,639,
45971303,34514,29181,23,-29,639,
45971308,34514,29181,23,-29,639,
45971313,34514,29181,23,-29,638,
45971318,34514,29188,23,-29,631,
45971323,34524,29188,23,-29,621,
45971328,34524,29188,23,-29,608,
45971333,34524,29188,23,-29,593,
45971338,34524,29188,23,-29,571,
45971343,34524,29188,23,-29,547,
45971348,34524,29188,23,-29,517,
45971353,34524,29188,23,-29,481,
45971358,34524,29188,23,-29,446,
45971363,34524,29188,23,-29,407,
45971368,34524,29188,23,-29,358,
45971373,34524,29188,23,-29,304,
45971378,34524,29188,23,-29,241,
45971383,34524,29181,23,-29,171,
45971388,34517,29181,23,-29,101,
45971393,34517,29164,23,-29,40,
45971398,34517,29164,23,-29,0,
45971403,34536,29118,23,-29,0,
45971408,34554,29081,23,-29,0,
45971413,34578,29041,23,-29,0,
45971418,34602,29003,23,-29,0,
45971423,34621,28968,24,-28,0,
45971428,34635,28939,24,-28,0,
45971433,34644,28908,24,-28,0,
45971438,34644,28872,24,-28,0,
45971443,34644,28828,25,-27,0,
45971448,34644,28775,25,-27,0,
45971453,34644,28714,26,-26,0,
45971458,34630,28644,26,-26,0,
45971463,34618,28568,26,-26,0,
45971468,34599,28481,27,-25,0,
45971473,34575,28382,27,-25,0,
45971478,34547,28261,28,-24,0,
45971483,34514,28116,29,-24,0,
45971488,34470,27938,30,-27,0,
45971493,34415,27736,31,-32,0,
45971498,34415,27736,31,-32,0,
45971707,29952,12814,76,-42,0,
45971712,29931,12774,77,-41,0,
45971717,29895,12698,77,-41,0,
45971722,29839,12590,77,-39,0,
45971727,29766,12447,77,-39,0,
45971732,29695,12311,78,-38,0,
45971737,29615,12171,78,-35,0,
45971742,29534,12032,78,-35,0,
45971747,29445,11895,79,-32,0,
45971752,29361,11763,79,-28,0,
45971757,29282,11640,80,-26,0,
45971762,29212,11525,77,-25,0,
45971767,29152,11417,73,-24,0,
45971772,29094,11319,71,-21,0,
45971777,29044,11234,69,-19,0,
45971782,28999,11160,65,-19,0,
45971787,28964,11098,62,-19,0,
45971792,28937,11045,59,-20,0,
45971797,28915,11004,56,-20,0,
45971802,28901,10968,51,-21,0,
45971807,28888,10940,49,-22,0,
45971812,28880,10917,44,-23,0,
45971817,28880,10896,40,-25,0,
45971822,28880,10879,36,-28,0,
45971827,28880,10864,33,-29,0,
45971832,28880,10852,31,-32,0,
45971837,28864,10839,30,-36,0,
45971842,28850,10826,30,-37,0,
45971847,28838,10811,31,-40,0,
45971852,28825,10794,31,-43,0,
45971857,28813,10778,32,-44,0,
45971862,28801,10759,32,-44,0,
45971867,28790,10743,32,-44,0,
45971872,28780,10727,32,-44,0,
45971877,28780,10713,34,-43,0,
45971882,28770,10703,34,-43,0,
45971887,28770,10695,34,-41,0,
45971892,28770,10695,34,-41,0,
45971897,28770,10695,36,-40,0,
45971902,28779,10695,36,-40,0,
45971907,28786,10695,36,-40,0,
45971912,28794,10702,35,-38,0,
45971917,28794,10710,35,-38,0,
45971922,28806,10722,35,-38,0,
45971927,28814,10733,35,-38,0,
45971932,28822,10743,35,-38,0,
45971937,28829,10753,35,-38,0,
45971942,28829,10753,35,-38,0,
45971947,28829,10765,36,-37,0,
45971952,28829,10765,36,-37,0,
45971957,28829,10775,36,-37,0,
45971962,28829,10775,36,-37,0,
45971967,28829,10782,36,-37,0,
45971972,28829,10782,36,-37,0,
45971977,28829,10789,36,-37,0,
45971982,28829,10789,36,-37,0,
45971987,28829,10797,36,-37,0,
45971992,28843,10805,36,-37,0,
45971997,28856,10814,36,-37,0,
45972002,28872,10829,36,-37,0,
45972007,28893,10846,35,-37,0,
45972012,28922,10864,35,-37,0,
45972017,28953,10881,32,-37,0,
45972022,28984,10899,32,-37,0,
45972027,29013,10917,32,-37,0,
45972032,29038,10934,32,-37,0,
45972037,29063,10949,34,-36,0,
45972042,29087,10961,34,-36,0,
45972047,29108,10971,34,-36,0,
45972052,29126,10980,34,-36,0,
45972057,29142,10989,33,-34,0,
45972062,29155,10996,33,-34,0,
45972067,29172,10996,32,-36,0,
45972072,29190,11005,32,-36,0,
45972077,29211,11005,30,-34,0,
45972082,29230,11005,30,-34,0,
45972085,29230,11005,30,-34,51,
45972090,29244,11014,31,-32,56,
45972096,29244,11014,31,-32,65,
45972101,29244,11014,31,-32,72,
45972106,29244,11021,31,-32,85,
45972111,29244,11021,31,-31,100,
45972116,29244,11021,31,-31,115,
45972121,29244,11028,31,-31,133,
45972126,29255,11028,31,-31,153,
45972131,29265,11028,31,-31,189,
45972136,29275,11042,31,-31,230,
45972141,29289,11049,31,-31,266,
45972146,29304,11059,31,-30,294,
45972151,29321,11071,31,-30,299,
45972156,29345,11085,31,-30,327,
45972161,29373,11106,31,-30,339,
45972166,29404,11132,31,-30,359,
45972171,29441,11161,31,-31,377,
45972176,29486,11193,31,-31,403,
45972181,29539,11226,31,-30,423,
45972186,29598,11259,31,-30,451,
45972191,29657,11293,31,-30,456,
45972196,29718,11332,31,-28,456,
45972201,29780,11370,31,-28,482,
45972206,29851,11409,31,-28,508,
45972211,29928,11451,33,-27,507,
45972216,30009,11492,33,-27,521,
45972221,30100,11537,35,-27,531,
45972226,30198,11590,35,-27,557,
45972231,30302,11644,34,-25,547,
45972236,30414,11704,34,-25,556,
45972241,30529,11769,34,-25,569,
45972246,30650,11836,34,-25,569,
45972251,30782,11903,35,-24,578,
45972256,30915,11972,35,-24,578,
45972261,31055,12041,35,-24,588,
45972266,31195,12110,35,-24,607,
45972271,31334,12181,33,-26,603,
45972276,31470,12251,33,-26,608,
45972281,31603,12324,32,-26,614,
45972286,31732,12398,31,-27,624,
45972291,31856,12471,31,-27,611,
45972296,31980,12541,31,-27,621,
45972301,32100,12606,31,-28,629,
45972306,32213,12669,31,-28,631,
45972311,32323,12730,31,-28,624,
45972316,32435,12793,31,-28,621,
45972321,32548,12854,31,-30,639,
45972326,32663,12915,31,-30,650,
45972331,32780,12979,31,-30,649,
45972336,32897,13042,31,-30,656,
45972341,33016,13111,31,-31,665,
45972346,33141,13186,30,-31,671,
45972351,33271,13266,30,-31,676,
45972356,33408,13353,28,-31,686,
45972361,33546,13444,28,-31,685,
45972366,33681,13537,28,-31,685,
45972371,33815,13625,28,-31,676,
45972376,33941,13709,27,-30,676,
45972381,34064,13789,27,-30,663,
45972386,34187,13867,26,-30,679,
45972391,34307,13942,26,-30,681,
45972396,34429,14021,26,-30,678,
45972401,34549,14101,26,-30,653,
45972406,34667,14181,26,-30,664,
45972411,34789,14266,26,-30,665,
45972416,34907,14349,26,-30,665,
45972421,35027,14434,26,-30,667,
45972426,35143,14514,26,-29,687,
45972431,35254,14592,26,-29,658,
45972436,35361,14669,26,-29,688,
45972441,35462,14742,26,-29,691,
45972446,35559,14816,25,-31,684,
45972451,35652,14884,25,-31,695,
45972456,35739,14947,23,-31,692,
45972461,35817,15006,23,-32,688,
45972466,35886,15057,23,-32,698,
45972471,35945,15101,23,-32,720,
45972476,35995,15142,23,-32,712,
45972481,36040,15179,23,-32,710,
45972486,36084,15214,23,-32,718,
45972491,36125,15250,23,-32,725,
45972496,36168,15284,24,-33,726,
45972501,36209,15316,24,-33,728,
45972506,36245,15345,26,-33,724,
45972511,36281,15378,26,-32,726,
45972516,36317,15410,26,-32,730,
45972521,36354,15439,26,-32,736,
45972526,36393,15469,26,-30,736,
45972531,36433,15497,26,-30,735,
45972536,36471,15525,27,-30,735,
45972541,36509,15561,27,-28,720,
45972546,36555,15596,27,-28,722,
45972551,36597,15624,27,-28,723,
45972556,36635,15650,26,-29,717,
45972561,36672,15676,26,-28,711,
45972566,36703,15699,26,-28,711,
45972571,36738,15726,26,-28,711,
45972576,36781,15752,26,-28,707,
45972581,36822,15774,26,-26,685,
45972586,36860,15799,26,-26,685,
45972591,36897,15821,26,-26,695,
45972596,36924,15838,26,-26,694,
45972601,36945,15848,26,-28,691,
45972606,36960,15848,26,-28,691,
45972611,36967,15848,26,-28,688,
45972616,36967,15848,26,-28,685,
45972621,36975,15848,26,-28,676,
45972626,36975,15855,26,-28,663,
45972631,36975,15855,26,-28,647,
45972636,36975,15855,26,-28,630,
45972641,36975,15855,26,-28,609,
45972646,36975,15855,27,-27,583,
45972651,36975,15855,27,-27,553,
45972656,36975,15855,28,-27,522,
45972661,36975,15855,28,-27,490,
45972666,36975,15855,28,-27,453,
45972671,36975,15855,28,-27,410,
45972676,36975,15855,28,-27,368,
45972681,36966,15855,28,-27,323,
45972686,36966,15855,28,-27,270,
45972691,36966,15855,28,-27,216,
45972696,36966,15855,28,-27,153,
45972701,36966,15855,28,-27,82,
45972706,36956,15865,28,-27,12,
45972711,36956,15865,28,-27,0,
45972716,36930,15897,29,-26,0,
45972721,36914,15927,29,-26,0,
45972726,36893,15964,29,-26,0,
45972731,36875,16011,29,-26,0,
45972736,36857,16068,30,-26,0,
45972741,36845,16133,30,-26,0,
45972746,36845,16207,32,-26,0,
45972751,36845,16291,32,-26,0,
45972756,36845,16387,32,-26,0,
45972761,36845,16494,32,-26,0,
45972766,36845,16617,31,-27,0,
45972771,36845,16752,31,-27,0,
45972776,36845,16899,31,-28,0,
45972781,36854,17059,32,-31,0,
45972786,36854,17241,32,-31,0,
45972791,36854,17241,32,-31,0,
45973047,35156,27544,23,-81,0,
45973052,35148,27566,23,-81,0,
45973057,35130,27607,23,-81,0,
45973062,35104,27672,23,-81,0,
45973067,35075,27761,23,-81,0,
45973072,35051,27848,23,-81,0,
45973077,35035,27937,23,-81,0,
45973082,35023,28024,23,-81,0,
45973087,35010,28105,24,-79,0,
45973092,34998,28185,26,-76,0,
45973097,34989,28258,28,-70,0,
45973102,34981,28323,29,-67,0,
45973107,34973,28382,32,-61,0,
45973112,34963,28436,33,-55,0,
45973117,34949,28484,36,-52,0,
45973122,34933,28527,36,-47,0,
45973127,34915,28566,38,-42,0,
45973132,34899,28601,39,-36,0,
45973137,34881,28633,40,-31,0,
45973142,34862,28663,43,-27,0,
45973147,34842,28687,43,-22,0,
45973152,34821,28708,43,-18,0,
45973157,34801,28729,44,-16,0,
45973162,34780,28749,43,-14,0,
45973167,34760,28771,43,-14,0,
45973172,34739,28792,44,-14,0,
45973177,34718,28813,44,-14,0,
45973182,34705,28833,46,-14,0,
45973187,34698,28855,46,-14,0,
45973192,34698,28875,46,-14,0,
45973197,34698,28898,45,-15,0,
45973202,34690,28916,45,-15,0,
45973207,34690,28931,45,-15,0,
45973212,34682,28945,46,-17,0,
45973217,34682,28954,46,-17,0,
45973222,34675,28961,46,-18,0,
45973227,34665,28961,46,-18,0,
45973232,34655,28961,46,-19,0,
45973237,34641,28942,46,-19,0,
45973242,34629,28923,46,-19,0,
45973247,34620,28902,46,-20,0,
45973252,34613,28883,46,-20,0,
45973257,34613,28866,46,-20,0,
45973262,34613,28854,46,-20,0,
45973267,34628,28854,46,-22,0,
45973272,34639,28844,46,-22,0,
45973277,34647,28844,46,-22,0,
45973282,34647,28858,46,-22,0,
45973287,34654,28866,46,-22,0,
45973292,34654,28877,45,-23,0,
45973297,34654,28877,45,-23,0,
45973302,34662,28889,45,-23,0,
45973307,34662,28898,45,-23,0,
45973312,34674,28908,44,-23,0,
45973317,34674,28919,44,-23,0,
45973322,34674,28931,43,-25,0,
45973327,34674,28941,43,-25,0,
45973332,34674,28951,43,-25,0,
45973337,34681,28964,43,-25,0,
45973342,34681,28975,43,-25,0,
45973347,34681,28985,43,-25,0,
45973352,34681,28995,43,-25,0,
45973357,34681,29004,42,-26,0,
45973362,34681,29015,42,-26,0,
45973367,34681,29027,42,-26,0,
45973372,34681,29039,42,-26,0,
45973377,34681,29052,42,-26,0,
45973382,34681,29068,42,-26,0,
45973387,34681,29089,42,-26,0,
45973392,34681,29112,42,-26,0,
45973397,34681,29136,42,-26,0,
45973402,34681,29159,42,-26,0,
45973407,34681,29178,42,-26,0,
45973412,34681,29198,42,-26,0,
45973417,34670,29217,42,-26,0,
45973422,34670,29236,42,-26,0,
45973427,34656,29254,43,-27,0,
45973432,34648,29270,43,-27,0,
45973437,34648,29285,43,-27,0,
45973442,34639,29299,43,-27,0,
45973447,34639,29314,43,-27,0,
45973452,34630,29327,43,-27,0,
45973457,34623,29339,43,-27,0,
45973462,34623,29348,43,-27,0,
45973467,34623,29355,43,-27,0,
45973472,34623,29355,43,-27,0,
45973477,34615,29363,43,-27,0,
45973482,34615,29363,43,-27,0,
45973487,34615,29363,43,-27,0,
45973492,34615,29363,43,-27,0,
45973497,34615,29363,43,-27,0,
45973502,34606,29363,43,-27,0,
45973507,34606,29363,43,-27,0,
45973512,34594,29363,43,-27,0,
45973517,34594,29363,43,-27,0,
45973522,34583,29371,43,-27,0,
45973527,34583,29371,43,-27,0,
45973532,34575,29371,43,-27,0,
45973537,34575,29371,43,-27,0,
45973542,34575,29371,43,-27,0,
45973547,34575,29371,43,-27,0,
45973545,34575,29371,43,-27,5,
45973550,34568,29362,43,-27,18,
45973555,34568,29350,43,-27,32,
45973560,34568,29350,43,-27,47,
45973565,34568,29339,43,-27,64,
45973570,34568,29339,43,-27,82,
45973575,34568,29328,43,-27,93,
45973580,34568,29328,43,-27,99,
45973585,34568,29320,43,-27,107,
45973590,34568,29320,43,-27,120,
45973595,34568,29308,43,-27,138,
45973600,34568,29297,43,-27,163,
45973605,34576,29281,43,-27,194,
45973610,34576,29262,43,-27,202,
45973615,34576,29240,43,-27,211,
45973620,34583,29217,43,-27,238,
45973626,34583,29196,43,-27,258,
45973631,34595,29175,43,-27,273,
45973636,34595,29158,43,-27,278,
45973641,34604,29146,43,-27,281,
45973646,34604,29136,43,-27,291,
45973651,34604,29128,42,-28,304,
45973656,34613,29118,42,-28,317,
45973661,34613,29103,42,-28,340,
45973666,34620,29085,42,-28,352,
45973671,34620,29060,42,-28,368,
45973676,34620,29032,42,-28,380,
45973681,34620,29003,42,-28,393,
45973686,34631,28976,42,-28,398,
45973691,34639,28955,42,-28,405,
45973696,34647,28934,42,-28,417,
45973701,34655,28911,42,-28,433,
45973706,34655,28886,42,-28,437,
45973711,34665,28860,42,-28,442,
45973716,34673,28830,42,-28,458,
45973721,34673,28800,42,-28,480,
45973726,34684,28770,42,-28,482,
45973731,34692,28737,42,-28,488,
45973736,34692,28706,42,-28,496,
45973741,34706,28672,42,-28,500,
45973746,34715,28632,42,-28,516,
45973751,34722,28589,42,-28,518,
45973756,34729,28548,42,-28,523,
45973761,34729,28510,42,-28,529,
45973766,34742,28477,42,-28,529,
45973771,34751,28442,42,-28,542,
45973776,34760,28408,42,-28,553,
45973781,34768,28374,43,-27,550,
45973786,34777,28336,43,-27,566,
45973791,34787,28301,43,-27,583,
45973796,34799,28264,43,-27,581,
45973801,34814,28227,42,-26,583,
45973806,34827,28198,42,-26,587,
45973811,34842,28167,42,-26,590,
45973816,34854,28140,42,-26,592,
45973821,34868,28113,42,-26,592,
45973826,34883,28080,43,-25,607,
45973831,34899,28050,43,-25,606,
45973836,34914,28012,43,-25,611,
45973841,34927,27972,43,-24,613,
45973846,34940,27935,43,-24,613,
45973851,34952,27893,43,-24,618,
45973856,34967,27857,43,-24,623,
45973861,34980,27825,43,-24,620,
45973866,34994,27795,43,-25,621,
45973871,35009,27764,43,-25,640,
45973876,35027,27731,40,-26,644,
45973881,35047,27697,41,-27,639,
45973886,35065,27665,40,-29,636,
45973891,35085,27637,39,-30,640,
45973896,35099,27606,39,-30,652,
45973901,35116,27577,39,-32,649,
45973906,35133,27546,39,-33,645,
45973911,35149,27516,39,-34,646,
45973916,35167,27487,38,-35,662,
45973921,35184,27455,38,-35,663,
45973926,35202,27424,38,-37,661,
45973931,35220,27393,38,-38,660,
45973936,35236,27362,38,-39,661,
45973941,35251,27333,38,-39,656,
45973946,35264,27304,36,-39,656,
45973951,35275,27268,37,-38,670,
45973956,35290,27235,35,-38,676,
45973961,35307,27201,35,-38,672,
45973966,35327,27168,35,-38,670,
45973971,35343,27143,35,-38,665,
45973976,35356,27115,36,-37,667,
45973981,35369,27081,36,-37,673,
45973986,35379,27044,36,-37,673,
45973991,35393,27001,36,-37,679,
45973996,35407,26960,36,-37,678,
45974001,35421,26925,36,-37,678,
45974006,35435,26889,36,-36,680,
45974011,35449,26855,36,-36,687,
45974016,35463,26820,36,-36,685,
45974021,35477,26782,36,-36,688,
45974026,35494,26743,36,-36,688,
45974031,35505,26703,36,-36,685,
45974036,35515,26659,36,-36,690,
45974041,35526,26616,35,-34,686,
45974046,35533,26573,35,-34,688,
45974051,35547,26531,35,-34,687,
45974056,35562,26491,35,-34,685,
45974061,35574,26451,35,-34,685,
45974066,35588,26410,34,-33,688,
45974071,35601,26369,34,-33,693,
45974076,35612,26330,34,-34,686,
45974081,35626,26291,34,-34,690,
45974086,35641,26247,34,-34,691,
45974091,35656,26199,33,-32,693,
45974096,35672,26143,33,-32,694,
45974101,35684,26084,33,-32,695,
45974106,35696,26031,34,-30,693,
45974111,35708,25980,34,-30,693,
45974116,35721,25932,34,-30,697,
45974121,35735,25880,34,-30,697,
45974126,35744,25822,34,-30,697,
45974131,35755,25759,34,-30,700,
45974136,35767,25693,36,-30,700,
45974141,35778,25632,36,-30,703,
45974146,35794,25573,36,-29,701,
45974151,35810,25517,36,-29,703,
45974156,35829,25460,38,-29,706,
45974161,35848,25401,37,-30,705,
45974166,35862,25345,39,-30,705,
45974171,35874,25286,41,-30,706,
45974176,35883,25225,41,-30,704,
45974181,35893,25165,42,-31,706,
45974186,35906,25107,42,-31,705,
45974191,35918,25054,43,-31,708,
45974196,35932,24999,43,-31,706,
45974201,35942,24942,44,-32,710,
45974206,35950,24882,44,-32,710,
45974211,35960,24815,44,-32,713,
45974216,35960,24755,44,-33,710,
45974221,35967,24699,44,-32,711,
45974226,35967,24641,44,-32,714,
45974231,35982,24585,44,-32,717,
45974236,35994,24528,44,-32,717,
45974241,36008,24470,44,-32,716,
45974246,36018,24411,44,-32,720,
45974251,36025,24351,44,-31,722,
45974256,36033,24295,44,-31,720,
45974261,36042,24238,44,-31,723,
45974266,36056,24181,44,-31,726,
45974271,36068,24124,45,-29,732,
45974276,36077,24064,43,-29,730,
45974281,36088,24001,43,-29,732,
45974286,36096,23940,42,-29,730,
45974291,36103,23880,42,-28,732,
45974296,36113,23814,42,-28,735,
45974301,36113,23752,42,-28,732,
45974306,36121,23687,42,-28,735,
45974311,36121,23620,42,-28,734,
45974316,36121,23558,42,-28,732,
45974321,36121,23494,42,-28,735,
45974326,36128,23434,42,-28,737,
45974331,36128,23377,42,-28,740,
45974336,36136,23322,42,-28,739,
45974341,36136,23262,42,-28,740,
45974346,36146,23203,42,-28,740,
45974351,36146,23144,42,-28,740,
45974356,36156,23081,44,-28,740,
45974361,36156,23022,44,-28,739,
45974366,36163,22961,45,-28,741,
45974371,36163,22902,45,-29,744,
45974376,36172,22844,45,-29,748,
45974381,36179,22784,45,-29,746,
45974386,36187,22726,45,-29,749,
45974391,36196,22664,45,-29,747,
45974396,36196,22604,45,-29,745,
45974401,36206,22551,45,-29,743,
45974406,36206,22495,45,-28,743,
45974411,36219,22441,45,-28,743,
45974416,36226,22382,45,-28,744,
45974421,36226,22318,45,-28,743,
45974426,36226,22257,45,-28,746,
45974431,36226,22199,45,-27,745,
45974436,36235,22148,45,-27,753,
45974441,36244,22093,45,-27,754,
45974446,36258,22041,45,-27,752,
45974451,36271,21984,45,-27,757,
45974456,36282,21920,45,-26,755,
45974461,36282,21857,45,-26,758,
45974466,36290,21790,44,-26,756,
45974471,36290,21721,44,-26,755,
45974476,36300,21652,43,-25,754,
45974481,36309,21586,43,-25,756,
45974486,36318,21524,43,-25,753,
45974491,36318,21463,43,-25,752,
45974496,36330,21406,43,-25,750,
45974501,36330,21345,43,-25,755,
45974506,36340,21282,43,-25,754,
45974511,36347,21216,43,-25,755,
45974516,36347,21147,43,-25,748,
45974521,36347,21075,43,-25,744,
45974526,36347,20997,43,-25,747,
45974531,36339,20918,43,-25,752,
45974536,36339,20840,43,-25,753,
45974541,36339,20767,41,-25,755,
45974546,36339,20693,41,-25,752,
45974551,36339,20624,40,-25,754,
45974556,36339,20546,40,-27,754,
45974561,36339,20470,40,-27,752,
45974566,36332,20401,40,-27,749,
45974571,36332,20336,40,-27,752,
45974576,36332,20269,40,-25,751,
45974581,36339,20196,40,-25,752,
45974586,36348,20118,40,-25,751,
45974591,36355,20034,40,-25,744,
45974596,36355,19956,40,-25,742,
45974601,36365,19886,40,-25,740,
45974606,36372,19816,40,-24,731,
45974611,36381,19745,40,-24,735,
45974616,36394,19672,40,-24,736,
45974621,36404,19593,40,-24,732,
45974626,36413,19517,40,-24,731,
45974631,36425,19448,40,-24,732,
45974636,36439,19383,40,-24,734,
45974641,36454,19320,40,-24,733,
45974646,36471,19259,40,-24,728,
45974651,36484,19192,40,-24,726,
45974656,36495,19128,40,-24,726,
45974661,36508,19066,40,-24,726,
45974666,36523,18997,40,-24,725,
45974671,36539,18933,40,-24,721,
45974676,36551,18868,40,-24,714,
45974681,36559,18798,40,-24,714,
45974686,36559,18731,40,-25,716,
45974691,36567,18660,40,-25,714,
45974696,36567,18589,40,-25,715,
45974701,36581,18521,40,-25,714,
45974706,36581,18453,40,-25,714,
45974711,36588,18385,40,-27,714,
45974716,36588,18320,40,-27,718,
45974721,36588,18257,40,-27,721,
45974726,36597,18193,40,-27,722,
45974731,36597,18134,40,-25,712,
45974736,36605,18074,40,-25,705,
45974741,36605,18019,40,-25,709,
45974746,36613,17965,40,-25,712,
45974751,36621,17911,40,-25,709,
45974756,36631,17857,40,-25,707,
45974761,36640,17802,40,-24,709,
45974766,36647,17749,40,-24,710,
45974771,36647,17699,40,-24,707,
45974776,36662,17648,40,-24,704,
45974781,36671,17594,41,-22,703,
45974786,36671,17538,41,-22,703,
45974791,36681,17486,41,-22,703,
45974796,36688,17437,41,-22,703,
45974801,36688,17391,41,-22,700,
45974806,36695,17352,41,-22,700,
45974811,36702,17309,41,-22,708,
45974816,36702,17261,41,-22,707,
45974821,36702,17218,41,-22,706,
45974826,36691,17173,40,-24,707,
45974831,36684,17127,40,-24,709,
45974836,36684,17079,40,-24,712,
45974841,36692,17031,40,-24,712,
45974846,36692,16984,40,-24,709,
45974851,36692,16937,40,-24,716,
45974856,36692,16896,40,-25,716,
45974861,36692,16851,40,-25,717,
45974866,36685,16806,40,-25,720,
45974871,36685,16766,40,-25,718,
45974876,36685,16726,40,-27,720,
45974881,36685,16687,40,-27,720,
45974886,36685,16649,40,-27,722,
45974891,36685,16606,40,-25,722,
45974896,36685,16566,40,-25,720,
45974901,36685,16526,40,-25,721,
45974906,36685,16490,40,-25,723,
45974911,36685,16458,40,-25,724,
45974916,36685,16425,40,-25,724,
45974921,36694,16390,40,-25,723,
45974926,36694,16354,40,-25,721,
45974931,36694,16316,40,-25,723,
45974936,36694,16284,40,-25,720,
45974941,36694,16259,40,-25,720,
45974946,36694,16235,40,-25,717,
45974951,36694,16211,40,-25,720,
45974956,36703,16184,40,-25,720,
45974961,36703,16151,40,-25,720,
45974966,36703,16115,42,-24,722,
45974971,36703,16082,42,-24,720,
45974976,36703,16050,43,-24,720,
45974981,36703,16024,43,-24,717,
45974986,36703,16005,43,-24,713,
45974991,36710,15989,43,-24,711,
45974996,36710,15967,43,-24,714,
45975001,36710,15942,43,-24,709,
45975006,36710,15913,43,-24,706,
45975011,36710,15884,43,-24,706,
45975016,36699,15858,43,-24,705,
45975021,36699,15835,43,-22,698,
45975026,36691,15814,43,-22,688,
45975031,36691,15789,43,-22,682,
45975036,36691,15770,43,-22,676,
45975041,36691,15753,43,-22,662,
45975046,36691,15740,43,-22,641,
45975051,36691,15740,43,-22,609,
45975056,36691,15740,43,-21,572,
45975061,36691,15731,43,-21,541,
45975066,36691,15731,43,-21,508,
45975071,36691,15724,43,-21,472,
45975076,36681,15724,43,-21,424,
45975081,36674,15724,43,-21,371,
45975086,36674,15724,43,-21,304,
45975091,36666,15734,43,-21,216,
45975096,36659,15748,43,-21,101,
45975101,36659,15748,43,-21,0,
45975106,36636,15817,43,-21,0,
45975111,36620,15878,43,-21,0,
45975116,36600,15959,43,-21,0,
45975121,36575,16057,43,-21,0,
45975126,36541,16172,43,-21,0,
45975131,36499,16302,43,-21,0,
45975136,36450,16443,43,-21,0,
45975141,36398,16589,43,-21,0,
45975146,36342,16741,44,-22,0,
45975151,36282,16902,45,-23,0,
45975156,36221,17073,47,-23,0,
45975161,36153,17267,49,-25,0,
45975166,36083,17477,52,-24,0,
45975171,36011,17695,55,-24,0,
45975176,35927,17919,59,-23,0,
45975181,35828,18135,64,-22,0,
45975186,35707,18349,66,-21,0,
45975191,35566,18564,68,-23,0,
45975196,35416,18787,69,-25,0,
45975201,35416,18787,69,-25,0,
45975507,22022,29940,47,-31,0,
45975512,22014,29956,47,-29,0,
45975517,21994,29996,47,-29,0,
45975522,21969,30055,47,-29,0,
45975527,21932,30125,48,-27,0,
45975532,21891,30193,48,-27,0,
45975537,21854,30249,48,-26,0,
45975542,21818,30294,47,-25,0,
45975547,21790,30340,48,-24,0,
45975552,21771,30381,49,-22,0,
45975557,21755,30417,49,-22,0,
45975562,21742,30447,48,-20,0,
45975567,21732,30467,48,-19,0,
45975572,21732,30477,49,-18,0,
45975577,21725,30477,49,-17,0,
45975582,21725,30477,48,-15,0,
45975587,21735,30477,49,-14,0,
45975592,21744,30477,49,-13,0,
45975597,21757,30477,48,-12,0,
45975602,21772,30477,48,-11,0,
45975607,21791,30477,47,-10,0,
45975612,21808,30477,47,-10,0,
45975617,21825,30477,46,-9,0,
45975622,21840,30477,46,-9,0,
45975627,21858,30477,43,-8,0,
45975632,21879,30477,43,-8,0,
45975637,21901,30477,43,-9,0,
45975642,21923,30477,43,-9,0,
45975647,21943,30477,42,-8,0,
45975652,21966,30477,40,-8,0,
45975657,21991,30477,40,-8,0,
45975662,22024,30477,39,-9,0,
45975667,22058,30477,39,-9,0,
45975672,22091,30477,37,-9,0,
45975677,22128,30477,37,-9,0,
45975682,22167,30477,36,-9,0,
45975687,22209,30477,36,-9,0,
45975692,22252,30477,34,-9,0,
45975697,22293,30477,34,-9,0,
45975702,22330,30477,33,-8,0,
45975707,22366,30477,33,-8,0,
45975712,22403,30477,32,-9,0,
45975717,22439,30477,32,-9,0,
45975722,22475,30477,30,-9,0,
45975727,22510,30477,30,-9,0,
45975732,22542,30477,29,-9,0,
45975737,22578,30477,29,-9,0,
45975742,22612,30477,27,-9,0,
45975747,22647,30477,26,-9,0,
45975752,22682,30477,26,-9,0,
45975757,22713,30477,24,-9,0,
45975762,22747,30477,24,-9,0,
45975767,22781,30466,24,-9,0,
45975772,22818,30453,23,-9,0,
45975777,22858,30433,23,-11,0,
45975782,22895,30414,22,-10,0,
45975787,22932,30394,22,-10,0,
45975792,22969,30374,20,-11,0,
45975797,23005,30355,20,-11,0,
45975802,23044,30336,19,-10,0,
45975807,23082,30318,19,-10,0,
45975812,23116,30301,17,-10,0,
45975817,23150,30285,18,-12,0,
45975822,23179,30270,16,-12,0,
45975827,23208,30258,16,-12,0,
45975832,23239,30247,16,-12,0,
45975837,23265,30239,15,-12,0,
45975842,23290,30239,15,-12,0,
45975847,23313,30227,15,-12,0,
45975852,23336,30227,15,-12,0,
45975857,23355,30218,16,-12,0,
45975862,23374,30218,18,-12,0,
45975867,23389,30218,18,-11,0,
45975872,23398,30209,20,-12,0,
45975877,23408,30209,21,-12,0,
45975882,23408,30201,23,-11,0,
45975887,23415,30201,24,-12,0,
45975892,23415,30201,26,-12,0,
45975897,23415,30193,27,-12,0,
45975902,23401,30193,29,-11,0,
45975907,23392,30193,29,-11,0,
45975912,23380,30186,31,-13,0,
45975917,23365,30186,33,-13,0,
45975922,23351,30186,35,-12,0,
45975927,23334,30186,35,-12,0,
45975932,23318,30186,35,-12,0,
45975937,23304,30186,35,-12,0,
45975942,23291,30186,35,-12,0,
45975947,23282,30186,33,-12,0,
45975952,23273,30186,33,-12,0,
45975957,23273,30186,33,-13,0,
45975962,23273,30186,31,-13,0,
45975967,23273,30186,30,-13,0,
45975972,23273,30186,28,-13,0,
45975977,23273,30186,28,-13,0,
45975982,23265,30186,27,-13,0,
45975987,23265,30186,25,-13,0,
45975992,23258,30186,25,-13,0,
45975997,23258,30186,24,-13,0,
45976002,23258,30196,22,-13,0,
45976007,23258,30204,23,-11,0,
45976012,23258,30204,21,-12,0,
45976017,23250,30215,21,-12,0,
45976013,23250,30215,21,-12,5,
45976018,23250,30222,21,-12,17,
45976023,23250,30222,21,-12,30,
45976028,23260,30222,21,-12,39,
45976034,23260,30222,21,-12,48,
45976039,23270,30222,21,-12,54,
45976044,23277,30230,21,-12,59,
45976049,23286,30230,21,-12,70,
45976054,23296,30230,21,-12,91,
45976059,23308,30230,22,-13,113,
45976064,23323,30230,22,-13,133,
45976069,23340,30230,22,-13,144,
45976074,23360,30230,22,-13,154,
45976079,23380,30230,22,-13,183,
45976084,23403,30230,22,-13,206,
45976089,23429,30223,24,-13,224,
45976094,23460,30223,24,-13,238,
45976099,23495,30214,24,-13,246,
45976104,23531,30214,25,-13,260,
45976109,23568,30199,26,-14,273,
45976114,23608,30187,26,-14,286,
45976119,23651,30173,26,-14,297,
45976124,23699,30159,26,-14,304,
45976129,23749,30144,26,-14,317,
45976134,23797,30132,28,-14,322,
45976139,23846,30120,28,-14,334,
45976144,23897,30109,29,-14,338,
45976149,23952,30109,29,-14,349,
45976154,24011,30098,29,-14,352,
45976159,24074,30098,28,-14,365,
45976164,24138,30083,28,-14,375,
45976169,24201,30073,26,-14,383,
45976174,24264,30059,26,-14,389,
45976179,24327,30049,26,-14,399,
45976184,24394,30038,26,-14,417,
45976189,24465,30025,26,-14,439,
45976194,24539,30012,26,-14,448,
45976199,24616,29997,26,-14,450,
45976204,24692,29981,26,-14,456,
45976209,24762,29965,26,-14,462,
45976214,24834,29948,26,-14,472,
45976219,24899,29931,26,-14,472,
45976224,24969,29916,26,-14,480,
45976229,25044,29900,26,-14,491,
45976234,25123,29887,25,-15,498,
45976239,25206,29878,25,-15,496,
45976244,25287,29868,25,-15,501,
45976249,25364,29857,25,-15,504,
45976254,25435,29841,25,-15,516,
45976259,25506,29819,25,-15,518,
45976264,25573,29799,25,-15,520,
45976269,25641,29779,25,-15,521,
45976274,25706,29763,25,-15,523,
45976279,25772,29749,25,-15,525,
45976284,25839,29732,25,-15,532,
45976289,25906,29716,24,-13,538,
45976294,25978,29704,24,-13,538,
45976299,26046,29692,24,-13,538,
45976304,26114,29692,24,-13,541,
45976309,26182,29682,24,-13,545,
45976314,26248,29682,24,-13,546,
45976319,26316,29674,24,-13,548,
45976324,26387,29674,24,-13,547,
45976329,26457,29665,24,-13,554,
45976334,26526,29665,24,-13,556,
45976339,26599,29665,24,-13,560,
45976344,26669,29656,24,-13,564,
45976349,26737,29656,24,-13,570,
45976354,26809,29643,25,-15,577,
45976359,26876,29633,25,-15,585,
45976364,26942,29623,25,-15,583,
45976369,27008,29608,25,-15,591,
45976374,27075,29594,23,-14,591,
45976379,27145,29582,23,-14,595,
45976384,27220,29569,21,-14,599,
45976389,27295,29569,21,-14,598,
45976394,27363,29556,21,-14,601,
45976399,27429,29547,21,-14,605,
45976404,27491,29539,21,-14,608,
45976409,27552,29539,21,-14,606,
45976414,27617,29531,21,-14,616,
45976419,27685,29531,21,-14,624,
45976424,27757,29515,21,-14,631,
45976429,27837,29503,21,-14,630,
45976434,27913,29489,21,-14,630,
45976439,27985,29480,21,-14,630,
45976444,28054,29480,21,-14,628,
45976449,28120,29466,21,-14,628,
45976454,28191,29459,22,-16,627,
45976459,28259,29459,22,-16,628,
45976464,28332,29446,22,-16,630,
45976469,28407,29446,22,-16,630,
45976474,28481,29436,22,-16,633,
45976479,28554,29436,22,-16,630,
45976484,28623,29436,22,-16,629,
45976489,28692,29436,22,-16,630,
45976494,28767,29427,22,-16,633,
45976499,28846,29427,22,-16,634,
45976504,28922,29427,22,-16,633,
45976509,28993,29413,22,-16,633,
45976514,29058,29406,20,-16,633,
45976519,29121,29397,20,-16,633,
45976524,29187,29383,19,-16,639,
45976529,29254,29369,19,-16,644,
45976534,29323,29356,19,-17,651,
45976539,29389,29343,19,-17,652,
45976544,29453,29343,17,-17,650,
45976549,29518,29343,17,-17,650,
45976554,29581,29343,16,-17,653,
45976559,29646,29351,16,-17,655,
45976564,29714,29351,16,-19,659,
45976569,29780,29351,16,-19,662,
45976574,29850,29351,16,-19,664,
45976579,29921,29351,16,-19,665,
45976584,29990,29351,16,-19,662,
45976589,30058,29343,17,-19,663,
45976594,30122,29343,17,-19,662,
45976599,30181,29343,18,-18,660,
45976604,30243,29335,18,-18,663,
45976609,30305,29335,18,-18,665,
45976614,30368,29328,18,-18,664,
45976619,30430,29328,18,-18,662,
45976624,30485,29328,18,-18,663,
45976629,30540,29328,18,-18,666,
45976634,30598,29321,18,-18,666,
45976639,30654,29321,18,-18,667,
45976644,30714,29321,18,-18,668,
45976649,30774,29321,18,-18,667,
45976654,30830,29321,17,-19,670,
45976659,30891,29321,17,-19,668,
45976664,30955,29321,16,-19,672,
45976669,31019,29329,16,-19,672,
45976674,31089,29329,16,-19,673,
45976679,31154,29329,16,-19,672,
45976684,31216,29329,16,-19,672,
45976689,31275,29336,16,-19,668,
45976694,31330,29336,16,-19,670,
45976699,31388,29344,15,-19,668,
45976704,31447,29344,15,-19,670,
45976709,31506,29336,13,-19,673,
45976714,31570,29329,13,-19,671,
45976719,31633,29329,13,-19,673,
45976724,31693,29320,13,-19,672,
45976729,31754,29320,13,-19,674,
45976734,31811,29307,13,-19,676,
45976739,31869,29298,13,-20,676,
45976744,31933,29288,13,-20,678,
45976749,31997,29288,13,-20,679,
45976754,32062,29279,13,-20,682,
45976759,32128,29279,13,-20,685,
45976764,32195,29265,14,-20,687,
45976769,32265,29253,14,-20,687,
45976774,32337,29237,16,-20,688,
45976779,32408,29224,16,-22,687,
45976784,32483,29211,16,-22,681,
45976789,32557,29195,16,-22,687,
45976794,32633,29182,16,-22,681,
45976799,32711,29164,16,-22,678,
45976804,32788,29147,16,-22,679,
45976809,32866,29131,16,-22,679,
45976814,32949,29112,16,-22,679,
45976819,33035,29097,14,-21,675,
45976824,33120,29085,14,-21,673,
45976829,33208,29075,13,-22,670,
45976834,33295,29067,13,-22,669,
45976839,33386,29060,13,-22,667,
45976844,33474,29053,13,-22,668,
45976849,33555,29046,12,-21,667,
45976854,33640,29046,12,-21,667,
45976859,33718,29035,10,-22,673,
45976864,33791,29028,10,-22,672,
45976869,33857,29028,10,-22,672,
45976874,33914,29018,10,-22,676,
45976879,33974,29007,12,-21,683,
45976884,34034,28993,12,-21,687,
45976889,34094,28980,13,-22,685,
45976894,34148,28968,13,-22,682,
45976899,34194,28968,13,-22,682,
45976904,34242,28959,13,-22,679,
45976909,34292,28959,13,-22,682,
45976914,34344,28946,13,-22,681,
45976919,34401,28937,13,-22,683,
45976924,34458,28929,13,-24,682,
45976929,34510,28929,13,-24,681,
45976934,34565,28917,15,-25,674,
45976939,34616,28909,15,-25,669,
45976944,34666,28901,15,-25,661,
45976949,34719,28890,15,-25,650,
45976954,34770,28880,13,-24,634,
45976959,34815,28871,13,-24,622,
45976964,34854,28864,13,-24,587,
45976969,34886,28864,13,-24,556,
45976974,34911,28852,13,-22,536,
45976979,34934,28852,13,-22,480,
45976984,34955,28841,13,-22,415,
45976989,34976,28834,13,-22,344,
45976994,34989,28834,13,-22,226,
45976999,34996,28827,11,-23,64,
45977004,34996,28827,11,-23,0,
45977009,34967,28827,10,-22,0,
45977014,34925,28827,10,-22,0,
45977019,34862,28827,10,-22,0,
45977024,34785,28838,12,-21,0,
45977029,34697,28855,12,-21,0,
45977034,34610,28876,13,-22,0,
45977039,34527,28901,13,-20,0,
45977044,34445,28933,13,-20,0,
45977049,34369,28975,14,-20,0,
45977054,34298,29031,16,-20,0,
45977059,34227,29103,17,-19,0,
45977064,34161,29189,18,-18,0,
45977069,34095,29290,22,-19,0,
45977074,34036,29418,23,-17,0,
45977079,33983,29568,26,-17,0,
45977084,33928,29739,30,-17,0,
45977089,33887,29932,33,-16,0,
45977094,33887,29932,33,-16,0,
