45897919,14047,20978,48,-49,0,
45897924,14047,20978,48,-49,0,
45897929,14047,20963,49,-49,0,
45897934,14035,20949,49,-49,0,
45897939,14035,20933,49,-49,0,
45897944,14035,20914,49,-49,0,
45897949,14035,20893,48,-47,0,
45897954,14043,20871,48,-47,0,
45897959,14043,20848,48,-47,0,
45897964,14043,20830,49,-46,0,
45897969,14043,20812,49,-46,0,
45897974,14053,20793,49,-44,0,
45897979,14053,20772,49,-44,0,
45897984,14064,20751,50,-43,0,
45897989,14064,20737,48,-43,0,
45897994,14071,20723,49,-42,0,
45897999,14083,20711,48,-41,0,
45898004,14096,20702,47,-40,0,
45898009,14112,20693,47,-40,0,
45898014,14134,20693,48,-39,0,
45898019,14152,20693,47,-38,0,
45898024,14173,20704,47,-38,0,
45898029,14196,20713,47,-36,0,
45898034,14221,20726,47,-36,0,
45898039,14244,20740,46,-35,0,
45898044,14268,20756,45,-35,0,
45898049,14286,20775,45,-35,0,
45898054,14303,20790,44,-35,0,
45898059,14320,20802,42,-35,0,
45898064,14328,20809,42,-35,0,
45898069,14336,20809,41,-37,0,
45898074,14336,20819,41,-37,0,
45898079,14336,20819,41,-37,0,
45898084,14329,20819,39,-36,0,
45898089,14329,20819,39,-38,0,
45898094,14322,20826,38,-38,0,
45898099,14322,20826,38,-38,0,
45898104,14322,20838,38,-38,0,
45898109,14322,20857,38,-38,0,
45898114,14322,20877,38,-38,0,
45898119,14337,20902,38,-38,0,
45898124,14348,20931,38,-39,0,
45898129,14362,20960,38,-39,0,
45898134,14372,20993,38,-39,0,
45898139,14385,21028,38,-39,0,
45898144,14398,21064,38,-39,0,
45898149,14412,21099,38,-39,0,
45898154,14431,21137,37,-40,0,
45898159,14445,21172,37,-40,0,
45898164,14459,21206,37,-41,0,
45898169,14470,21238,35,-42,0,
45898174,14480,21264,34,-43,0,
45898179,14489,21289,34,-43,0,
45898184,14497,21314,35,-44,0,
45898189,14497,21336,35,-44,0,
45898194,14505,21360,34,-45,0,
45898199,14505,21382,34,-45,0,
45898204,14513,21401,34,-45,0,
45898209,14513,21421,33,-47,0,
45898214,14513,21441,33,-47,0,
45898219,14513,21463,31,-47,0,
45898224,14513,21488,31,-47,0,
45898229,14523,21514,31,-47,0,
45898234,14523,21542,31,-48,0,
45898239,14538,21571,31,-48,0,
45898244,14545,21601,31,-47,0,
45898249,14552,21631,31,-47,0,
45898254,14561,21657,31,-45,0,
45898259,14570,21682,32,-43,0,
45898264,14584,21703,32,-41,0,
45898269,14596,21722,33,-41,0,
45898274,14606,21738,33,-39,0,
45898279,14620,21747,32,-37,0,
45898284,14632,21747,34,-36,0,
45898289,14648,21754,33,-34,0,
45898294,14663,21754,34,-34,0,
45898299,14674,21745,33,-32,0,
45898304,14684,21738,34,-30,0,
45898309,14692,21729,34,-30,0,
45898314,14699,21721,34,-28,0,
45898319,14706,21713,34,-25,0,
45898321,14706,21713,34,-25,109,
45898326,14706,21704,35,-24,123,
45898331,14706,21704,35,-24,129,
45898336,14706,21704,34,-25,132,
45898341,14706,21704,34,-25,147,
45898346,14706,21693,34,-25,111,
45898351,14706,21684,35,-27,210,
45898356,14716,21676,35,-27,248,
45898361,14716,21665,35,-27,273,
45898367,14716,21655,35,-27,298,
45898372,14728,21644,35,-27,320,
45898377,14728,21628,35,-27,344,
45898382,14738,21611,35,-27,366,
45898387,14738,21594,34,-28,372,
45898392,14748,21577,34,-28,378,
45898397,14748,21563,34,-28,395,
45898402,14764,21545,34,-28,419,
45898407,14773,21525,34,-28,440,
45898412,14781,21498,34,-30,453,
45898417,14790,21468,34,-30,472,
45898422,14790,21435,34,-30,488,
45898427,14803,21402,34,-30,502,
45898432,14811,21368,34,-30,530,
45898437,14818,21331,34,-30,546,
45898442,14826,21287,32,-31,569,
45898447,14826,21243,32,-31,577,
45898452,14837,21201,31,-32,575,
45898457,14850,21156,31,-32,604,
45898462,14860,21114,31,-32,619,
45898467,14874,21065,31,-32,632,
45898472,14882,21008,31,-32,636,
45898477,14882,20953,31,-32,636,
45898482,14889,20897,31,-32,650,
45898487,14896,20840,31,-32,676,
45898492,14896,20781,31,-32,680,
45898497,14896,20723,31,-31,687,
45898502,14904,20662,31,-31,693,
45898507,14904,20602,30,-31,711,
45898512,14916,20545,30,-30,718,
45898517,14929,20490,28,-29,717,
45898522,14929,20435,28,-29,721,
45898527,14938,20377,28,-29,730,
45898532,14938,20314,29,-29,745,
45898537,14938,20245,29,-29,752,
45898542,14938,20179,29,-29,753,
45898547,14938,20123,28,-27,754,
45898552,14938,20069,28,-27,765,
45898557,14938,20006,28,-27,780,
45898562,14930,19940,29,-26,785,
45898567,14930,19879,29,-26,786,
45898572,14930,19823,29,-26,796,
45898577,14930,19777,29,-24,802,
45898582,14937,19730,29,-24,810,
45898587,14937,19673,29,-24,813,
45898592,14937,19613,29,-23,827,
45898597,14937,19558,29,-23,828,
45898602,14937,19510,29,-22,830,
45898607,14937,19472,29,-22,833,
45898612,14937,19441,29,-22,834,
45898617,14929,19409,29,-22,844,
45898622,14929,19372,29,-22,848,
45898627,14929,19330,29,-22,856,
45898632,14939,19285,29,-22,868,
45898637,14939,19247,29,-22,871,
45898642,14946,19220,29,-22,868,
45898647,14946,19199,29,-22,866,
45898652,14946,19185,29,-22,867,
45898657,14946,19164,29,-22,872,
45898662,14956,19141,29,-22,873,
45898667,14963,19113,29,-23,881,
45898672,14963,19079,29,-23,885,
45898677,14972,19045,29,-23,886,
45898682,14972,19008,29,-23,892,
45898687,14972,18968,29,-23,898,
45898692,14972,18929,29,-23,901,
45898697,14972,18890,29,-22,900,
45898702,14972,18852,29,-22,905,
45898707,14972,18817,29,-22,904,
45898712,14980,18778,29,-22,905,
45898717,14980,18733,31,-20,914,
45898722,14980,18689,31,-20,914,
45898727,14980,18647,32,-21,917,
45898732,14973,18612,32,-21,919,
45898737,14973,18580,32,-21,919,
45898742,14973,18541,32,-19,931,
45898747,14982,18498,33,-19,931,
45898752,14982,18456,33,-19,931,
45898757,14982,18421,35,-19,931,
45898762,14982,18399,35,-19,930,
45898767,14982,18377,36,-19,930,
45898772,14982,18352,36,-19,930,
45898777,14982,18321,37,-17,933,
45898782,14982,18284,39,-17,942,
45898787,14982,18242,39,-17,949,
45898792,14982,18201,40,-17,953,
45898797,14982,18162,40,-17,955,
45898802,14982,18122,40,-17,957,
45898807,14982,18083,40,-17,955,
45898812,14982,18043,40,-17,954,
45898817,14970,18003,40,-17,955,
45898822,14970,17963,40,-17,956,
45898827,14961,17924,41,-16,957,
45898832,14961,17880,39,-16,956,
45898837,14954,17831,39,-16,954,
45898842,14954,17780,38,-16,955,
45898847,14954,17724,36,-16,962,
45898852,14954,17669,36,-16,970,
45898857,14954,17618,35,-15,968,
45898862,14964,17562,33,-15,969,
45898867,14972,17513,33,-15,966,
45898872,14983,17459,32,-15,968,
45898877,14992,17400,32,-15,967,
45898882,14992,17342,32,-15,968,
45898887,15004,17283,32,-15,967,
45898892,15011,17223,32,-15,972,
45898897,15011,17168,33,-15,973,
45898902,15027,17118,33,-15,974,
45898907,15039,17071,35,-16,971,
45898912,15052,17021,35,-16,973,
45898917,15062,16967,36,-16,976,
45898922,15071,16909,36,-16,985,
45898927,15078,16853,38,-16,988,
45898932,15085,16803,39,-16,987,
45898937,15096,16752,39,-17,989,
45898942,15105,16702,40,-17,996,
45898947,15113,16652,40,-17,999,
45898952,15113,16607,40,-18,1000,
45898957,15124,16567,40,-18,1000,
45898962,15124,16530,40,-18,998,
45898967,15131,16492,40,-18,999,
45898972,15131,16453,40,-18,1001,
45898977,15131,16422,40,-18,1000,
45898982,15131,16392,40,-18,1003,
45898987,15138,16355,40,-18,1004,
45898992,15138,16309,40,-18,1008,
45898997,15138,16257,39,-19,1016,
45899002,15138,16207,39,-19,1020,
45899007,15123,16163,38,-19,1019,
45899012,15123,16125,37,-17,1020,
45899017,15114,16084,37,-17,1023,
45899022,15114,16040,37,-17,1023,
45899027,15114,15993,37,-17,1023,
45899032,15114,15949,37,-17,1023,
45899037,15102,15912,37,-17,1023,
45899042,15102,15877,37,-17,1023,
45899047,15102,15844,38,-16,1023,
45899052,15095,15812,38,-16,1023,
45899057,15095,15781,38,-16,1023,
45899062,15095,15751,38,-16,1023,
45899067,15084,15722,38,-16,1023,
45899072,15084,15692,38,-15,1023,
45899077,15084,15655,38,-15,1023,
45899082,15084,15611,38,-15,1023,
45899087,15076,15563,40,-15,1023,
45899092,15067,15518,39,-13,1023,
45899097,15059,15477,40,-14,1023,
45899102,15059,15438,40,-14,1023,
45899107,15049,15392,40,-14,1023,
45899112,15049,15349,40,-14,1023,
45899117,15042,15307,40,-14,1023,
45899122,15042,15263,40,-14,1023,
45899127,15033,15223,40,-14,1023,
45899132,15033,15183,40,-14,1023,
45899137,15033,15146,40,-14,1023,
45899142,15033,15116,41,-15,1023,
45899147,15033,15092,41,-15,1023,
45899152,15033,15060,41,-15,1023,
45899157,15033,15013,41,-16,1023,
45899162,15033,14969,41,-16,1023,
45899167,15033,14929,41,-16,1023,
45899172,15024,14897,41,-16,1023,
45899177,15024,14869,40,-17,1023,
45899182,15024,14838,40,-17,1023,
45899187,15014,14804,40,-17,1023,
45899192,15014,14767,40,-18,1023,
45899197,15005,14727,40,-18,1023,
45899202,15005,14685,40,-18,1023,
45899207,14995,14639,40,-17,1023,
45899212,14987,14597,39,-17,1023,
45899217,14987,14562,39,-17,1023,
45899222,14978,14532,37,-17,1023,
45899227,14978,14508,36,-16,1023,
45899232,14969,14489,36,-16,1023,
45899237,14969,14471,35,-16,1023,
45899242,14962,14449,33,-16,1023,
45899247,14962,14420,33,-16,1023,
45899252,14962,14386,33,-17,1023,
45899257,14962,14349,31,-17,1023,
45899262,14946,14312,31,-17,1023,
45899267,14933,14275,30,-17,1023,
45899272,14920,14238,28,-17,1023,
45899277,14909,14201,29,-16,1023,
45899282,14899,14167,27,-15,1023,
45899287,14890,14139,27,-15,1023,
45899292,14882,14111,27,-15,1023,
45899297,14882,14083,27,-15,1023,
45899302,14874,14052,27,-15,1023,
45899307,14874,14010,27,-15,1023,
45899312,14862,13963,27,-15,1023,
45899317,14853,13916,27,-15,1023,
45899322,14843,13865,27,-15,1023,
45899327,14833,13816,27,-15,1023,
45899332,14826,13769,27,-15,1023,
45899337,14826,13723,27,-15,1023,
45899342,14813,13680,26,-14,1023,
45899347,14813,13641,26,-14,1023,
45899352,14806,13598,26,-14,1023,
45899357,14806,13552,26,-14,1023,
45899362,14806,13502,27,-13,1023,
45899367,14806,13453,27,-13,1023,
45899372,14798,13409,27,-13,1023,
45899377,14798,13366,27,-12,1023,
45899382,14798,13323,27,-12,1023,
45899387,14798,13273,27,-12,1023,
45899392,14791,13219,27,-10,1023,
45899397,14791,13167,27,-10,1023,
45899402,14791,13123,27,-10,1023,
45899407,14783,13088,27,-12,1023,
45899412,14783,13056,27,-12,1023,
45899417,14783,13022,27,-12,1023,
45899422,14783,12982,27,-12,1023,
45899427,14776,12941,27,-12,1023,
45899432,14776,12903,27,-13,1023,
45899437,14765,12865,27,-13,1023,
45899442,14765,12834,27,-13,1023,
45899447,14757,12803,27,-13,1023,
45899452,14757,12775,27,-13,1023,
45899457,14746,12752,26,-14,1023,
45899462,14746,12727,26,-14,1023,
45899467,14738,12698,26,-14,1023,
45899472,14738,12668,27,-15,1023,
45899477,14727,12640,29,-16,1023,
45899482,14719,12613,29,-16,1023,
45899487,14711,12591,30,-16,1023,
45899492,14704,12568,30,-16,1023,
45899497,14704,12545,30,-16,1023,
45899502,14697,12524,29,-14,1023,
45899507,14697,12508,29,-14,1023,
45899512,14690,12497,29,-14,1023,
45899517,14690,12489,29,-14,1023,
45899522,14690,12480,29,-14,1023,
45899527,14690,12472,29,-14,1023,
45899532,14690,12465,29,-14,1023,
45899537,14690,12465,29,-14,1023,
45899542,14682,12455,29,-14,1023,
45899547,14682,12455,29,-14,1023,
45899552,14682,12455,29,-14,1023,
45899557,14682,12445,29,-14,1023,
45899562,14682,12445,29,-14,1023,
45899567,14682,12438,29,-14,1023,
45899572,14682,12430,29,-14,1023,
45899577,14682,12422,29,-14,1023,
45899582,14682,12403,29,-14,1023,
45899587,14675,12375,29,-14,1023,
45899592,14675,12343,30,-16,1023,
45899597,14667,12308,30,-16,1023,
45899602,14667,12272,30,-16,1023,
45899607,14667,12232,29,-16,1023,
45899612,14667,12188,29,-16,1023,
45899617,14667,12144,27,-15,1023,
45899622,14659,12101,27,-15,1023,
45899627,14650,12065,27,-16,1023,
45899632,14643,12032,27,-16,1023,
45899637,14643,12000,27,-16,1023,
45899642,14643,11972,27,-16,1023,
45899647,14643,11948,27,-16,1023,
45899652,14643,11928,27,-16,1023,
45899657,14643,11906,27,-16,1023,
45899662,14643,11884,27,-16,1023,
45899667,14643,11862,27,-15,1023,
45899672,14654,11840,27,-15,1023,
45899677,14654,11822,27,-15,1023,
45899682,14654,11801,27,-15,1023,
45899687,14662,11771,27,-15,1023,
45899692,14662,11738,27,-15,1023,
45899697,14662,11709,27,-15,1023,
45899702,14672,11683,26,-14,1023,
45899707,14672,11665,26,-14,1023,
45899712,14681,11649,26,-14,1023,
45899717,14681,11633,26,-14,1023,
45899722,14681,11614,26,-14,1023,
45899727,14681,11595,26,-14,1023,
45899732,14681,11575,26,-14,1023,
45899737,14681,11556,26,-14,1023,
45899742,14681,11542,26,-14,1023,
45899747,14673,11533,26,-14,1023,
45899752,14673,11533,26,-14,1023,
45899757,14673,11526,26,-14,997,
45899762,14673,11526,27,-13,951,
45899767,14673,11526,27,-13,897,
45899772,14665,11533,27,-13,827,
45899777,14655,11545,27,-13,732,
45899782,14632,11570,27,-13,569,
45899787,14593,11619,28,-13,266,
45899792,14593,11619,28,-13,0,
45899797,14474,11814,30,-13,0,
45899802,14412,11962,30,-13,0,
45899807,14349,12138,30,-13,0,
45899812,14281,12340,30,-13,0,
45899817,14202,12564,30,-13,0,
45899822,14119,12812,31,-14,0,
45899827,14045,13091,30,-15,0,
45899832,13986,13391,32,-15,0,
45899837,13949,13707,33,-15,0,
45899842,13929,14037,35,-15,0,
45899847,13929,14381,36,-16,0,
45899852,13936,14744,37,-17,0,
45899857,13965,15129,41,-20,0,
45899862,14004,15522,42,-21,0,
45899867,14054,15896,43,-22,0,
45899872,14107,16249,44,-23,0,
45899877,14163,16591,45,-26,0,
45899882,14220,16931,47,-29,0,
45899887,14220,16931,47,-29,0,
45899995,14608,20269,34,-25,0,
45900000,14608,20284,34,-25,0,
45900005,14608,20312,34,-25,0,
45900010,14600,20357,34,-25,0,
45900015,14600,20416,34,-25,0,
45900020,14600,20474,34,-25,0,
45900025,14614,20534,34,-25,0,
45900030,14614,20593,35,-27,0,
45900035,14621,20654,35,-27,0,
45900040,14621,20720,34,-28,0,
45900045,14621,20788,34,-28,0,
45900050,14631,20853,33,-29,0,
45900055,14641,20914,32,-31,0,
45900060,14648,20974,31,-32,0,
45900065,14655,21028,30,-34,0,
45900070,14662,21081,30,-35,0,
45900075,14671,21131,31,-37,0,
45900080,14685,21172,30,-37,0,
45900085,14698,21214,30,-39,0,
45900090,14709,21252,30,-41,0,
45900095,14717,21288,29,-42,0,
45900100,14717,21321,29,-43,0,
45900105,14727,21347,29,-45,0,
45900110,14727,21370,29,-45,0,
45900115,14727,21389,29,-47,0,
45900120,14718,21405,29,-47,0,
45900125,14703,21421,29,-47,0,
45900130,14685,21434,29,-47,0,
45900135,14663,21445,29,-48,0,
45900140,14640,21455,29,-48,0,
45900145,14614,21455,29,-48,0,
45900150,14586,21465,29,-48,0,
45900155,14560,21465,30,-49,0,
45900160,14535,21465,30,-49,0,
45900165,14515,21465,31,-48,0,
45900170,14497,21465,31,-47,0,
45900175,14480,21465,31,-47,0,
45900180,14463,21465,31,-47,0,
45900185,14451,21453,33,-47,0,
45900190,14440,21443,33,-47,0,
45900195,14431,21432,34,-45,0,
45900200,14424,21423,34,-45,0,
45900205,14417,21416,34,-45,0,
45900210,14410,21416,34,-45,0,
45900215,14410,21416,35,-45,0,
45900220,14401,21416,35,-44,0,
45900225,14401,21423,38,-44,0,
45900230,14401,21423,38,-44,0,
45900235,14401,21434,38,-44,0,
45900240,14401,21434,38,-44,0,
45900245,14401,21446,38,-42,0,
45900250,14413,21446,38,-42,0,
45900255,14421,21456,38,-42,0,
45900260,14430,21456,38,-42,0,
45900265,14441,21456,38,-42,0,
45900270,14452,21464,37,-40,0,
45900275,14465,21464,37,-40,0,
45900280,14478,21464,37,-40,0,
45900285,14488,21472,37,-40,0,
45900290,14497,21472,37,-40,0,
45900295,14497,21472,38,-39,0,
45900300,14507,21472,38,-39,0,
45900305,14507,21472,38,-39,0,
45900310,14507,21472,38,-39,0,
45900315,14507,21472,38,-38,0,
45900320,14507,21472,38,-38,0,
45900325,14507,21463,38,-38,0,
45900330,14507,21463,38,-37,0,
45900335,14507,21451,38,-37,0,
45900340,14500,21451,38,-37,0,
45900345,14500,21444,38,-35,0,
45900350,14488,21444,38,-35,0,
45900355,14488,21444,38,-35,0,
45900360,14488,21452,39,-34,0,
45900365,14481,21452,39,-34,0,
45900370,14481,21462,39,-33,0,
45900375,14481,21462,39,-33,0,
45900380,14488,21472,39,-33,0,
45900385,14488,21472,39,-32,0,
45900381,14488,21472,39,-32,2,
45900386,14514,21492,39,-32,17,
45900391,14523,21502,39,-32,27,
45900397,14535,21514,39,-32,45,
45900402,14549,21525,39,-32,65,
45900407,14563,21533,39,-32,81,
45900412,14576,21541,39,-32,104,
45900417,14588,21541,39,-32,132,
45900422,14596,21555,39,-32,159,
45900427,14604,21555,39,-32,178,
45900432,14604,21563,39,-32,194,
45900437,14616,21563,39,-32,213,
45900442,14616,21563,39,-32,235,
45900447,14623,21563,38,-32,254,
45900452,14623,21563,38,-32,269,
45900457,14623,21563,36,-34,284,
45900462,14631,21555,36,-34,301,
45900467,14638,21555,36,-34,319,
45900472,14638,21555,36,-34,337,
45900477,14649,21555,36,-34,351,
45900482,14656,21555,36,-34,359,
45900487,14663,21548,36,-34,373,
45900492,14673,21548,36,-34,388,
45900497,14687,21548,36,-34,408,
45900502,14703,21548,36,-34,439,
45900507,14719,21541,36,-34,442,
45900512,14736,21541,36,-34,439,
45900517,14749,21541,36,-34,443,
45900522,14764,21541,36,-34,456,
45900527,14778,21541,36,-34,471,
45900532,14794,21541,36,-34,492,
45900537,14809,21541,36,-34,498,
45900542,14824,21534,36,-34,500,
45900547,14839,21534,36,-34,507,
45900552,14853,21526,36,-34,518,
45900557,14866,21526,36,-34,532,
45900562,14879,21526,36,-34,553,
45900567,14893,21526,36,-34,563,
45900572,14909,21519,34,-33,567,
45900577,14931,21519,34,-33,590,
45900582,14960,21519,34,-34,609,
45900587,14992,21519,34,-34,619,
45900592,15026,21519,34,-34,627,
45900597,15060,21519,34,-33,636,
45900602,15092,21519,34,-33,637,
45900607,15123,21519,36,-34,646,
45900612,15153,21519,36,-34,651,
45900617,15184,21519,37,-32,665,
45900622,15217,21510,37,-32,687,
45900627,15255,21510,39,-33,693,
45900632,15302,21510,39,-33,710,
45900637,15355,21510,39,-33,717,
45900642,15408,21510,39,-33,715,
45900647,15460,21510,41,-33,716,
45900652,15509,21502,41,-33,720,
45900657,15555,21502,41,-32,730,
45900662,15605,21502,41,-32,732,
45900667,15658,21493,41,-32,733,
45900672,15713,21493,41,-32,734,
45900677,15767,21493,41,-32,740,
45900682,15826,21493,41,-32,753,
45900687,15891,21484,40,-31,771,
45900692,15957,21484,40,-31,769,
45900697,16025,21484,39,-32,769,
45900702,16091,21484,39,-32,771,
45900707,16152,21476,39,-32,778,
45900712,16218,21476,39,-32,785,
45900717,16291,21468,39,-32,800,
45900722,16368,21460,39,-32,804,
45900727,16450,21453,38,-32,810,
45900732,16529,21453,38,-32,815,
45900737,16608,21440,36,-31,813,
45900742,16689,21440,37,-31,825,
45900747,16769,21429,37,-31,827,
45900752,16854,21429,37,-31,827,
45900757,16940,21419,35,-30,834,
45900762,17019,21419,35,-30,831,
45900767,17100,21407,35,-30,839,
45900772,17178,21407,35,-30,839,
45900777,17252,21392,36,-31,839,
45900782,17329,21382,36,-31,842,
45900787,17403,21373,36,-31,842,
45900792,17478,21361,36,-31,842,
45900797,17557,21352,36,-31,845,
45900802,17639,21338,36,-31,845,
45900807,17723,21324,36,-31,855,
45900812,17810,21311,36,-31,852,
45900817,17893,21296,36,-31,853,
45900822,17982,21283,36,-31,858,
45900827,18074,21268,36,-31,860,
45900832,18169,21252,36,-31,862,
45900837,18270,21238,36,-31,861,
45900842,18365,21224,36,-31,858,
45900847,18460,21214,36,-31,861,
45900852,18558,21202,36,-31,864,
45900857,18660,21190,36,-32,864,
45900862,18770,21173,36,-32,868,
45900867,18879,21158,33,-32,865,
45900872,18981,21144,33,-32,862,
45900877,19080,21132,32,-32,859,
45900882,19170,21125,32,-32,862,
45900887,19260,21116,31,-32,866,
45900892,19348,21108,31,-32,864,
45900897,19432,21098,31,-32,862,
45900902,19515,21087,32,-32,865,
45900907,19595,21077,32,-33,867,
45900912,19675,21065,32,-33,868,
45900917,19756,21056,32,-33,871,
45900922,19838,21049,32,-33,871,
45900927,19917,21049,32,-33,874,
45900932,19994,21039,34,-34,873,
45900937,20067,21032,34,-34,872,
45900942,20139,21032,34,-34,874,
45900947,20211,21020,34,-34,879,
45900952,20283,21020,34,-34,879,
45900957,20356,21013,34,-34,882,
45900962,20422,21013,34,-34,878,
45900967,20489,21004,33,-32,886,
45900972,20560,21004,33,-32,894,
45900977,20633,20995,33,-32,893,
45900982,20708,20995,33,-32,891,
45900987,20776,20995,33,-32,885,
45900992,20835,20995,32,-32,879,
45900997,20890,20995,32,-32,887,
45901002,20950,20995,31,-32,896,
45901007,21017,20983,31,-32,897,
45901012,21085,20983,31,-32,892,
45901017,21151,20983,29,-33,893,
45901022,21212,20973,29,-33,897,
45901027,21266,20966,29,-33,894,
45901032,21322,20957,29,-33,895,
45901037,21377,20957,31,-32,898,
45901042,21433,20957,31,-32,891,
45901047,21489,20957,31,-32,891,
45901052,21544,20957,31,-32,892,
45901057,21595,20949,31,-32,888,
45901062,21641,20941,31,-32,888,
45901067,21686,20941,31,-32,889,
45901072,21729,20931,32,-32,882,
45901077,21773,20931,32,-32,880,
45901082,21816,20924,33,-32,879,
45901087,21857,20924,33,-32,878,
45901092,21900,20914,33,-32,885,
45901097,21942,20914,33,-32,881,
45901102,21983,20902,33,-32,882,
45901107,22026,20902,33,-32,886,
45901112,22062,20890,33,-32,876,
45901117,22096,20883,33,-32,877,
45901122,22132,20883,34,-34,885,
45901127,22166,20876,34,-34,883,
45901132,22206,20876,34,-34,883,
45901137,22249,20876,34,-34,883,
45901142,22288,20876,34,-34,886,
45901147,22330,20876,34,-34,887,
45901152,22371,20876,34,-34,893,
45901157,22410,20876,34,-34,891,
45901162,22449,20876,34,-34,894,
45901167,22484,20876,34,-34,895,
45901172,22516,20876,34,-34,894,
45901177,22548,20883,34,-34,893,
45901182,22573,20883,34,-34,889,
45901187,22595,20883,32,-33,885,
45901192,22615,20883,32,-33,883,
45901197,22631,20883,30,-34,882,
45901202,22648,20883,30,-34,882,
45901207,22666,20883,30,-34,881,
45901212,22682,20883,30,-34,880,
45901217,22699,20883,30,-34,882,
45901222,22721,20883,30,-34,887,
45901227,22745,20883,30,-34,887,
45901232,22772,20876,30,-34,880,
45901237,22795,20876,30,-34,873,
45901242,22810,20876,30,-34,873,
45901247,22824,20876,30,-34,874,
45901252,22837,20876,30,-34,874,
45901257,22854,20876,30,-34,874,
45901262,22878,20868,30,-34,875,
45901267,22902,20868,30,-34,885,
45901272,22927,20861,30,-34,885,
45901277,22956,20861,30,-34,884,
45901282,22982,20861,30,-34,882,
45901287,23005,20861,30,-34,882,
45901292,23025,20852,28,-34,882,
45901297,23041,20852,28,-34,882,
45901302,23057,20852,28,-34,881,
45901307,23078,20852,28,-34,879,
45901312,23104,20852,28,-34,881,
45901317,23134,20842,28,-34,883,
45901322,23165,20842,28,-34,885,
45901327,23196,20842,28,-34,884,
45901332,23230,20842,27,-35,885,
45901337,23262,20842,27,-35,884,
45901342,23296,20842,27,-35,885,
45901347,23323,20834,27,-35,886,
45901352,23350,20834,27,-35,885,
45901357,23371,20834,28,-34,882,
45901362,23391,20834,28,-34,880,
45901367,23411,20834,28,-34,880,
45901372,23426,20823,30,-34,881,
45901377,23444,20823,30,-34,882,
45901382,23459,20823,30,-34,879,
45901387,23473,20816,30,-34,871,
45901392,23485,20816,30,-34,863,
45901397,23492,20816,32,-33,861,
45901402,23492,20816,32,-33,862,
45901407,23499,20809,34,-34,862,
45901412,23499,20809,34,-33,864,
45901417,23499,20809,34,-33,865,
45901422,23499,20809,36,-34,867,
45901427,23499,20809,36,-34,868,
45901432,23499,20809,36,-34,871,
45901437,23499,20809,36,-34,872,
45901442,23499,20809,36,-34,873,
45901447,23499,20809,36,-34,876,
45901452,23499,20809,36,-34,879,
45901457,23499,20809,36,-34,884,
45901462,23499,20809,36,-34,887,
45901467,23499,20809,36,-34,890,
45901472,23499,20809,36,-34,891,
45901477,23499,20809,36,-34,893,
45901482,23499,20809,36,-34,894,
45901487,23492,20809,36,-34,895,
45901492,23492,20809,36,-34,896,
45901497,23492,20809,36,-34,895,
45901502,23492,20809,36,-34,894,
45901507,23492,20809,36,-34,894,
45901512,23492,20809,36,-34,893,
45901517,23492,20809,36,-34,892,
45901522,23492,20809,36,-34,891,
45901527,23492,20809,36,-34,891,
45901532,23492,20809,36,-34,889,
45901537,23492,20809,36,-34,888,
45901542,23492,20802,36,-34,886,
45901547,23492,20802,36,-34,884,
45901552,23492,20802,36,-34,882,
45901557,23492,20802,36,-34,881,
45901562,23492,20802,36,-34,880,
45901567,23492,20802,35,-34,879,
45901572,23492,20802,35,-34,879,
45901577,23492,20802,35,-34,878,
45901582,23492,20802,35,-34,878,
45901587,23492,20802,35,-34,877,
45901592,23492,20802,35,-34,877,
45901597,23492,20802,35,-34,876,
45901602,23492,20802,35,-34,876,
45901607,23492,20802,35,-34,876,
45901612,23492,20802,35,-34,875,
45901617,23492,20802,35,-34,875,
45901622,23492,20802,35,-34,874,
45901627,23492,20802,35,-34,873,
45901632,23492,20802,35,-34,873,
45901637,23492,20802,35,-34,871,
45901642,23492,20802,35,-34,871,
45901647,23492,20802,35,-34,869,
45901652,23492,20802,35,-34,869,
45901657,23492,20802,35,-34,868,
45901662,23492,20802,35,-34,866,
45901667,23492,20802,35,-34,865,
45901672,23492,20802,35,-34,864,
45901677,23492,20802,35,-34,862,
45901682,23492,20802,35,-34,861,
45901687,23500,20802,35,-34,859,
45901692,23500,20802,35,-34,857,
45901697,23500,20802,35,-34,856,
45901702,23500,20802,35,-34,854,
45901707,23511,20802,35,-34,853,
45901712,23518,20794,35,-34,853,
45901717,23525,20794,35,-34,853,
45901722,23535,20784,36,-34,853,
45901727,23542,20784,36,-34,850,
45901732,23553,20773,36,-34,847,
45901737,23564,20766,36,-34,846,
45901742,23577,20757,36,-34,851,
45901747,23597,20749,34,-33,859,
45901752,23621,20742,34,-33,862,
45901757,23651,20742,34,-34,861,
45901762,23685,20733,34,-34,862,
45901767,23716,20733,34,-34,862,
45901772,23742,20733,34,-34,860,
45901777,23762,20733,34,-34,860,
45901782,23776,20733,34,-34,862,
45901787,23791,20733,34,-34,863,
45901792,23804,20733,34,-34,863,
45901797,23818,20733,34,-34,864,
45901802,23831,20733,34,-34,867,
45901807,23845,20733,34,-34,869,
45901812,23864,20733,34,-34,871,
45901817,23883,20733,33,-32,870,
45901822,23902,20733,32,-32,867,
45901827,23914,20733,32,-32,866,
45901832,23914,20733,31,-32,868,
45901837,23914,20733,31,-32,868,
45901842,23914,20733,31,-32,868,
45901847,23914,20733,31,-32,868,
45901852,23914,20733,31,-32,867,
45901857,23914,20733,31,-32,868,
45901862,23914,20733,31,-32,866,
45901867,23914,20733,31,-32,865,
45901872,23914,20733,31,-32,862,
45901877,23914,20733,31,-32,861,
45901882,23914,20733,31,-32,859,
45901887,23914,20733,31,-32,856,
45901892,23914,20733,31,-32,853,
45901897,23914,20733,31,-32,851,
45901902,23914,20733,31,-32,848,
45901907,23914,20733,31,-32,845,
45901912,23914,20733,31,-32,842,
45901917,23914,20733,31,-32,835,
45901922,23914,20733,31,-32,825,
45901927,23914,20733,31,-32,813,
45901932,23914,20733,31,-32,804,
45901937,23914,20733,31,-32,794,
45901942,23914,20733,31,-32,783,
45901947,23914,20733,31,-32,768,
45901952,23914,20733,31,-32,749,
45901957,23914,20733,31,-32,723,
45901962,23914,20733,31,-32,687,
45901967,23914,20733,31,-32,639,
45901972,23914,20733,31,-32,580,
45901977,23914,20733,31,-32,501,
45901982,23914,20733,31,-32,393,
45901987,23914,20733,31,-32,244,
45901992,23914,20733,31,-32,62,
45901997,23914,20733,31,-32,0,
45902002,23883,20733,31,-32,0,
45902007,23840,20733,31,-32,0,
45902012,23770,20751,31,-32,0,
45902017,23680,20766,32,-32,0,
45902022,23579,20778,33,-32,0,
45902027,23467,20778,34,-33,0,
45902032,23350,20778,37,-32,0,
45902037,23230,20763,39,-34,0,
45902042,23108,20738,40,-33,0,
45902047,22989,20705,40,-36,0,
45902052,22873,20659,38,-35,0,
45902057,22755,20603,38,-37,0,
45902062,22634,20542,39,-36,0,
45902067,22517,20467,39,-36,0,
45902072,22401,20377,40,-37,0,
45902077,22289,20269,42,-35,0,
45902082,22173,20132,45,-35,0,
45902087,22173,20132,45,-35,0,
45902235,16210,12516,54,-38,0,
45902240,16184,12475,54,-36,0,
45902245,16135,12400,54,-36,0,
45902250,16068,12295,54,-36,0,
45902255,15984,12163,54,-35,0,
45902260,15909,12053,55,-33,0,
45902265,15842,11960,56,-32,0,
45902270,15782,11886,58,-31,0,
45902275,15727,11831,58,-29,0,
45902280,15679,11791,60,-28,0,
45902285,15637,11768,60,-27,0,
45902290,15604,11758,61,-24,0,
45902295,15580,11758,63,-23,0,
45902300,15565,11778,64,-22,0,
45902305,15554,11803,65,-19,0,
45902310,15546,11837,66,-19,0,
45902315,15546,11875,68,-17,0,
45902320,15538,11913,70,-16,0,
45902325,15538,11944,70,-16,0,
45902330,15538,11967,72,-15,0,
45902335,15524,11982,72,-15,0,
45902340,15506,11992,73,-14,0,
45902345,15483,11992,73,-14,0,
45902350,15457,11999,74,-14,0,
45902355,15428,11991,74,-14,0,
45902360,15394,11976,74,-15,0,
45902365,15355,11957,76,-14,0,
45902370,15312,11937,76,-14,0,
45902375,15268,11917,76,-14,0,
45902380,15226,11897,77,-16,0,
45902385,15182,11874,77,-16,0,
45902390,15139,11850,77,-16,0,
45902395,15094,11826,79,-15,0,
45902400,15051,11801,79,-15,0,
45902405,15009,11779,79,-15,0,
45902410,14967,11760,79,-15,0,
45902415,14932,11742,79,-15,0,
45902420,14899,11731,79,-15,0,
45902425,14875,11724,79,-15,0,
45902430,14859,11724,76,-14,0,
45902435,14846,11724,76,-14,0,
45902440,14839,11717,73,-15,0,
45902445,14830,11717,70,-16,0,
45902450,14819,11717,67,-16,0,
45902455,14810,11726,64,-17,0,
45902460,14802,11736,61,-17,0,
45902465,14802,11751,58,-17,0,
45902470,14802,11767,55,-18,0,
45902475,14802,11785,53,-18,0,
45902480,14815,11804,50,-19,0,
45902485,14824,11818,46,-20,0,
45902490,14831,11828,45,-21,0,
45902495,14842,11828,42,-21,0,
45902500,14851,11828,38,-21,0,
45902505,14859,11828,38,-22,0,
45902510,14867,11828,38,-22,0,
45902515,14867,11828,38,-22,0,
45902520,14877,11828,38,-22,0,
45902525,14884,11828,39,-22,0,
45902530,14884,11828,39,-22,0,
45902535,14884,11818,41,-22,0,
45902540,14884,11818,41,-22,0,
45902545,14884,11807,39,-22,0,
45902550,14875,11807,39,-22,0,
45902555,14875,11800,39,-22,0,
45902560,14864,11800,39,-22,0,
45902565,14864,11800,41,-22,0,
45902570,14857,11800,41,-22,0,
45902575,14857,11800,41,-22,0,
45902580,14857,11800,41,-22,0,
45902585,14857,11790,41,-22,0,
45902590,14857,11790,41,-22,0,
45902595,14857,11790,41,-22,0,
45902600,14849,11781,41,-22,0,
45902605,14849,11781,41,-22,0,
45902610,14849,11781,41,-22,0,
45902615,14841,11771,41,-22,0,
45902620,14841,11771,41,-22,0,
45902625,14832,11771,41,-22,0,
45902630,14832,11771,41,-22,0,
45902635,14820,11771,41,-22,0,
45902640,14820,11771,41,-22,0,
45902645,14813,11771,41,-22,0,
45902650,14813,11771,41,-22,0,
45902650,14813,11771,40,-24,10,
45902655,14804,11771,40,-24,20,
45902660,14804,11771,42,-24,29,
45902665,14804,11763,42,-24,39,
45902670,14804,11763,43,-24,47,
45902675,14797,11763,43,-24,54,
45902680,14797,11763,43,-24,60,
45902685,14797,11763,43,-24,65,
45902690,14797,11763,43,-24,70,
45902695,14787,11755,43,-24,73,
45902700,14787,11755,43,-24,76,
45902705,14780,11755,43,-24,77,
45902710,14780,11747,43,-24,78,
45902715,14772,11747,43,-24,79,
45902720,14772,11738,43,-24,80,
45902725,14772,11738,43,-24,80,
45902730,14761,11728,43,-24,78,
45902735,14761,11719,43,-24,73,
45902740,14747,11708,43,-24,60,
45902745,14739,11694,43,-24,44,
45902750,14730,11678,43,-24,43,
45902755,14719,11662,43,-24,55,
45902760,14710,11647,43,-24,68,
45902765,14702,11633,43,-24,79,
45902770,14702,11623,43,-24,87,
45902775,14695,11615,43,-24,101,
45902780,14695,11615,43,-24,112,
45902785,14695,11606,43,-24,120,
45902790,14695,11606,43,-24,123,
45902795,14688,11606,43,-24,129,
45902800,14688,11606,43,-24,134,
45902805,14688,11606,43,-24,138,
45902810,14688,11606,43,-24,144,
45902815,14688,11606,43,-22,154,
45902820,14688,11606,43,-22,166,
45902825,14688,11606,43,-22,182,
45902830,14696,11606,43,-22,199,
45902835,14696,11606,43,-22,216,
45902840,14696,11606,43,-22,226,
45902845,14696,11613,43,-22,238,
45902850,14703,11613,43,-22,253,
45902855,14703,11613,43,-22,269,
45902860,14703,11613,43,-22,286,
45902865,14710,11613,43,-22,302,
45902870,14710,11613,43,-22,317,
45902875,14710,11613,44,-22,330,
45902880,14710,11621,44,-22,345,
45902885,14710,11621,46,-22,358,
45902890,14718,11621,46,-22,371,
45902895,14718,11621,46,-22,380,
45902900,14718,11621,44,-22,392,
45902905,14732,11621,44,-22,421,
45902910,14749,11621,43,-22,475,
45902915,14776,11621,43,-22,516,
45902920,14808,11629,43,-22,528,
45902925,14846,11629,43,-22,537,
45902930,14884,11638,43,-22,547,
45902935,14924,11638,43,-22,569,
45902940,14969,11645,43,-22,595,
45902945,15013,11645,43,-24,592,
45902950,15060,11645,43,-24,599,
45902955,15105,11645,44,-23,607,
45902960,15153,11645,44,-23,622,
45902965,15207,11652,45,-23,639,
45902970,15267,11652,45,-23,647,
45902975,15332,11652,45,-23,669,
45902980,15399,11662,45,-23,680,
45902985,15466,11662,45,-23,680,
45902990,15538,11672,45,-23,709,
45902995,15617,11681,45,-23,725,
45903000,15700,11694,45,-23,722,
45903005,15788,11711,45,-23,726,
45903010,15874,11730,45,-23,731,
45903015,15953,11746,47,-22,733,
45903020,16037,11757,47,-22,753,
45903025,16120,11765,47,-22,760,
45903030,16205,11772,46,-22,763,
45903035,16296,11782,46,-22,769,
45903040,16387,11799,46,-22,781,
45903045,16482,11815,46,-22,784,
45903050,16587,11830,44,-22,789,
45903055,16695,11845,44,-22,793,
45903060,16802,11854,43,-22,796,
45903065,16908,11865,43,-22,797,
45903070,17014,11879,43,-22,802,
45903075,17119,11891,43,-22,810,
45903080,17225,11903,43,-22,811,
45903085,17329,11913,43,-22,814,
45903090,17429,11913,41,-22,813,
45903095,17528,11920,41,-22,824,
45903100,17628,11920,41,-22,826,
45903105,17730,11930,41,-22,825,
45903110,17834,11937,41,-22,827,
45903115,17940,11945,41,-22,833,
45903120,18040,11952,41,-22,835,
45903125,18138,11952,41,-22,836,
45903130,18236,11963,41,-22,842,
45903135,18334,11970,41,-22,857,
45903140,18434,11970,41,-22,853,
45903145,18537,11970,41,-22,852,
45903150,18637,11977,41,-22,856,
45903155,18737,11977,41,-22,872,
45903160,18843,11977,39,-22,876,
45903165,18949,11977,39,-22,875,
45903170,19061,11977,38,-22,885,
45903175,19166,11977,38,-22,885,
45903180,19261,11977,38,-22,883,
45903185,19357,11977,38,-22,887,
45903190,19448,11977,38,-22,889,
45903195,19543,11986,38,-22,894,
45903200,19644,11986,38,-22,899,
45903205,19744,11998,38,-22,896,
45903210,19844,12009,38,-22,902,
45903215,19942,12027,38,-22,899,
45903220,20043,12044,38,-22,900,
45903225,20146,12062,38,-22,902,
45903230,20249,12077,38,-22,900,
45903235,20351,12089,38,-22,903,
45903240,20448,12102,38,-22,899,
45903245,20545,12111,38,-22,903,
45903250,20642,12111,38,-22,905,
45903255,20741,12124,38,-22,900,
45903260,20842,12132,36,-23,902,
45903265,20945,12144,36,-23,903,
45903270,21051,12157,34,-23,905,
45903275,21157,12165,34,-23,907,
45903280,21261,12165,34,-23,908,
45903285,21359,12175,34,-23,908,
45903290,21447,12175,34,-23,908,
45903295,21529,12186,34,-23,899,
45903300,21613,12186,34,-23,905,
45903305,21699,12199,34,-23,908,
45903310,21785,12199,34,-23,907,
45903315,21877,12209,34,-23,908,
45903320,21965,12217,34,-23,908,
45903325,22053,12225,34,-23,908,
45903330,22140,12232,34,-23,907,
45903335,22223,12232,34,-23,911,
45903340,22307,12242,34,-23,911,
45903345,22386,12242,34,-23,911,
45903350,22466,12250,34,-23,907,
45903355,22546,12257,34,-23,908,
45903360,22623,12257,34,-23,910,
45903365,22699,12269,34,-23,913,
45903370,22777,12269,34,-23,910,
45903375,22851,12279,34,-23,909,
45903380,22925,12287,34,-23,908,
45903385,23001,12295,32,-23,909,
45903390,23072,12303,32,-23,910,
45903395,23144,12303,32,-23,910,
45903400,23209,12310,32,-23,910,
45903405,23265,12310,31,-23,910,
45903410,23319,12317,31,-23,911,
45903415,23369,12317,31,-23,909,
45903420,23414,12317,31,-23,910,
45903425,23453,12317,31,-23,897,
45903430,23481,12317,32,-23,891,
45903435,23502,12317,32,-23,892,
45903440,23520,12317,32,-23,897,
45903445,23542,12317,32,-23,901,
45903450,23563,12317,34,-23,898,
45903455,23583,12317,34,-23,895,
45903460,23600,12310,34,-23,896,
45903465,23613,12310,34,-23,897,
45903470,23625,12310,34,-23,895,
45903475,23636,12310,36,-23,887,
45903480,23644,12310,36,-23,881,
45903485,23644,12310,38,-22,876,
45903490,23644,12310,38,-22,873,
45903495,23644,12310,38,-22,866,
45903500,23653,12310,38,-22,860,
45903505,23653,12310,38,-22,853,
45903510,23653,12310,38,-22,849,
45903515,23653,12310,38,-22,845,
45903520,23653,12310,38,-22,840,
45903525,23653,12310,38,-22,834,
45903530,23653,12310,38,-22,827,
45903535,23653,12310,38,-22,821,
45903540,23653,12310,38,-22,813,
45903545,23653,12310,38,-22,810,
45903550,23653,12310,38,-22,807,
45903555,23660,12310,38,-22,805,
45903560,23660,12310,38,-22,805,
45903565,23660,12310,38,-22,803,
45903570,23660,12310,38,-22,802,
45903575,23660,12310,38,-22,802,
45903580,23660,12310,38,-22,802,
45903585,23660,12310,38,-22,802,
45903590,23667,12310,38,-22,802,
45903595,23667,12310,38,-22,802,
45903600,23667,12310,38,-22,802,
45903605,23667,12310,38,-22,802,
45903610,23667,12310,38,-22,803,
45903615,23667,12310,38,-22,802,
45903620,23667,12310,38,-22,802,
45903625,23675,12303,38,-22,802,
45903630,23675,12303,38,-22,802,
45903635,23675,12303,38,-22,802,
45903640,23675,12303,38,-22,802,
45903645,23683,12303,38,-22,802,
45903650,23683,12303,38,-22,801,
45903655,23692,12303,38,-22,801,
45903660,23692,12303,38,-22,801,
45903665,23703,12303,38,-22,800,
45903670,23710,12303,38,-22,798,
45903675,23718,12303,38,-22,797,
45903680,23718,12303,38,-22,799,
45903685,23732,12303,38,-22,800,
45903690,23740,12303,38,-22,803,
45903695,23750,12303,38,-22,804,
45903700,23764,12303,38,-22,803,
45903705,23775,12303,38,-22,798,
45903710,23783,12303,38,-22,793,
45903715,23783,12303,38,-22,790,
45903720,23783,12303,38,-22,790,
45903725,23783,12303,38,-22,790,
45903730,23791,12303,38,-22,786,
45903735,23791,12303,38,-22,780,
45903740,23791,12303,38,-22,774,
45903745,23791,12303,38,-22,760,
45903750,23791,12311,38,-22,740,
45903755,23791,12311,38,-22,718,
45903760,23791,12311,38,-22,694,
45903765,23791,12311,38,-22,661,
45903770,23791,12311,38,-22,618,
45903775,23791,12311,38,-22,566,
45903780,23791,12311,38,-22,498,
45903785,23791,12311,38,-22,420,
45903790,23791,12318,38,-22,315,
45903795,23791,12327,38,-22,201,
45903800,23791,12345,38,-22,60,
45903805,23791,12345,38,-22,0,
45903810,23768,12450,38,-21,0,
45903815,23757,12542,38,-21,0,
45903820,23741,12654,40,-21,0,
45903825,23725,12782,40,-21,0,
45903830,23706,12920,40,-21,0,
45903835,23690,13075,41,-22,0,
45903840,23690,13246,43,-22,0,
45903845,23698,13430,45,-21,0,
45903850,23722,13629,46,-20,0,
45903855,23763,13831,46,-20,0,
45903860,23812,14045,48,-20,0,
45903865,23873,14265,51,-19,0,
45903870,23949,14501,52,-21,0,
45903875,24030,14754,54,-21,0,
45903880,24116,15019,56,-22,0,
45903885,24201,15297,58,-22,0,
45903890,24288,15579,57,-23,0,
45903895,24380,15853,59,-22,0,
45903900,24476,16110,59,-23,0,
45903905,24581,16353,59,-23,0,
45903910,24687,16591,58,-24,0,
45903915,24788,16826,57,-28,0,
45903920,24886,17067,56,-29,0,
45903925,24979,17304,54,-32,0,
45903930,25064,17533,51,-35,0,
45903935,25143,17744,47,-38,0,
45903940,25208,17935,45,-39,0,
45903945,25258,18102,43,-39,0,
45903950,25294,18242,43,-39,0,
45903955,25317,18363,44,-37,0,
45903960,25324,18470,47,-38,0,
45903965,25315,18565,51,-37,0,
45903970,25296,18657,54,-38,0,
45903975,25263,18746,56,-38,0,
45903980,25225,18830,57,-38,0,
45903985,25183,18909,58,-40,0,
45903990,25131,18979,56,-40,0,
45903995,25078,19044,56,-40,0,
45904000,25016,19106,56,-39,0,
45904005,24948,19166,56,-39,0,
45904010,24879,19221,56,-39,0,
45904015,24806,19273,55,-41,0,
45904020,24734,19326,56,-44,0,
45904025,24665,19373,55,-46,0,
45904030,24602,19426,52,-49,0,
45904035,24547,19484,49,-52,0,
45904040,24505,19541,45,-54,0,
45904045,24469,19606,40,-54,0,
45904050,24438,19668,38,-54,0,
45904055,24408,19729,36,-52,0,
45904060,24377,19791,34,-50,0,
45904065,24348,19846,36,-48,0,
45904070,24320,19898,39,-45,0,
45904075,24292,19947,40,-43,0,
45904080,24267,19992,41,-40,0,
45904085,24240,20041,44,-38,0,
45904090,24217,20088,45,-35,0,
45904095,24203,20130,46,-33,0,
45904100,24189,20168,47,-31,0,
45904105,24180,20201,47,-29,0,
45904110,24171,20234,50,-26,0,
45904115,24164,20265,49,-24,0,
45904120,24164,20299,50,-22,0,
45904125,24164,20334,50,-22,0,
45904130,24164,20366,50,-22,0,
45904135,24164,20398,51,-24,0,
45904140,24164,20426,51,-24,0,
45904145,24164,20449,50,-25,0,
45904150,24164,20465,50,-25,0,
45904155,24164,20477,51,-28,0,
45904160,24152,20484,51,-28,0,
45904165,24152,20484,50,-29,0,
45904170,24142,20494,50,-29,0,
45904175,24142,20494,50,-29,0,
45904180,24133,20494,50,-30,0,
45904185,24133,20494,49,-30,0,
45904190,24123,20494,49,-30,0,
45904195,24116,20484,47,-31,0,
45904200,24116,20484,47,-31,0,
45904205,24103,20472,47,-31,0,
45904210,24103,20472,47,-31,0,
45904215,24095,20463,47,-31,0,
45904220,24095,20463,47,-31,0,
45904225,24087,20463,47,-31,0,
45904230,24087,20473,47,-31,0,
45904235,24087,20480,47,-31,0,
45904240,24079,20489,47,-31,0,
45904245,24079,20498,47,-31,0,
45904250,24067,20511,47,-31,0,
45904255,24067,20524,47,-31,0,
45904260,24054,20539,47,-31,0,
45904265,24054,20556,47,-31,0,
45904270,24054,20573,47,-31,0,
45904275,24054,20592,47,-31,0,
45904280,24054,20614,47,-31,0,
45904285,24054,20636,47,-31,0,
45904290,24046,20657,47,-31,0,
45904295,24046,20678,47,-31,0,
45904300,24046,20699,47,-31,0,
45904305,24039,20723,47,-31,0,
45904310,24039,20751,47,-31,0,
45904315,24039,20779,47,-31,0,
45904320,24039,20804,47,-33,0,
45904325,24039,20825,46,-33,0,
45904330,24039,20845,46,-33,0,
45904335,24039,20862,44,-33,0,
45904340,24039,20879,44,-33,0,
45904345,24039,20893,44,-33,0,
45904350,24039,20904,44,-33,0,
45904355,24039,20913,44,-33,0,
45904360,24039,20920,44,-33,0,
45904365,24039,20920,44,-33,0,
45904370,24027,20920,44,-33,0,
45904375,24027,20920,44,-33,0,
45904380,24016,20920,44,-33,0,
45904385,24008,20908,44,-33,0,
45904390,24000,20892,44,-33,0,
45904395,23990,20873,44,-33,0,
45904400,23977,20850,44,-33,0,
45904405,23964,20825,43,-34,0,
45904410,23951,20802,43,-34,0,
45904415,23937,20781,42,-34,0,
45904420,23925,20761,42,-34,0,
45904425,23925,20761,42,-34,5,
45904431,23913,20723,42,-34,32,
45904436,23903,20699,42,-34,60,
45904441,23903,20675,42,-34,71,
45904446,23896,20650,42,-34,98,
45904451,23896,20625,42,-34,116,
45904456,23896,20602,42,-34,126,
45904461,23896,20576,42,-34,147,
45904466,23896,20547,41,-32,162,
45904471,23907,20513,41,-32,191,
45904476,23907,20477,41,-32,213,
45904481,23919,20439,41,-32,223,
45904486,23919,20399,41,-32,239,
45904491,23928,20355,41,-32,248,
45904496,23928,20304,41,-32,274,
45904501,23940,20246,41,-32,308,
45904506,23940,20182,41,-32,328,
45904511,23951,20113,41,-32,341,
45904516,23951,20037,42,-31,370,
45904521,23951,19959,42,-31,377,
45904526,23951,19874,42,-31,396,
45904531,23961,19783,42,-29,417,
45904536,23961,19690,42,-29,427,
45904541,23969,19590,42,-29,435,
45904546,23969,19491,42,-28,455,
45904551,23977,19397,42,-28,465,
45904556,23977,19307,42,-28,465,
45904561,23977,19221,42,-28,486,
45904566,23977,19135,42,-28,489,
45904571,23977,19049,42,-28,498,
45904576,23986,18959,43,-27,503,
45904581,23986,18865,43,-27,510,
45904586,23986,18771,43,-27,525,
45904591,23986,18675,43,-27,527,
45904596,23986,18581,43,-27,528,
45904601,23986,18492,43,-27,533,
45904606,23986,18399,43,-27,536,
45904611,23975,18303,43,-27,550,
45904616,23968,18207,43,-27,574,
45904621,23958,18112,43,-27,569,
45904626,23946,18022,42,-26,569,
45904631,23934,17930,42,-26,579,
45904636,23925,17836,43,-25,602,
45904641,23916,17737,43,-25,602,
45904646,23905,17637,43,-24,602,
45904651,23889,17540,43,-24,613,
45904656,23872,17448,43,-22,631,
45904661,23856,17360,43,-22,636,
45904666,23844,17273,43,-22,633,
45904671,23831,17186,43,-21,637,
45904676,23814,17098,43,-21,649,
45904681,23796,17010,43,-21,653,
45904686,23776,16927,43,-21,669,
45904691,23764,16843,44,-20,673,
45904696,23754,16756,44,-20,675,
45904701,23741,16665,44,-20,680,
45904706,23726,16573,44,-20,682,
45904711,23709,16485,44,-20,696,
45904716,23692,16397,43,-18,696,
45904721,23682,16315,43,-18,707,
45904726,23671,16232,43,-18,707,
45904731,23662,16151,43,-18,711,
45904736,23653,16072,43,-18,716,
45904741,23642,15993,43,-17,717,
45904746,23632,15916,43,-17,722,
45904751,23623,15841,43,-17,720,
45904756,23614,15761,44,-16,720,
45904761,23605,15679,44,-16,730,
45904766,23595,15597,43,-14,749,
45904771,23586,15515,43,-14,746,
45904776,23586,15435,45,-13,744,
45904781,23572,15359,45,-12,736,
45904786,23565,15285,46,-12,757,
45904791,23557,15216,46,-12,758,
45904796,23547,15152,47,-10,760,
45904801,23547,15093,47,-10,760,
45904806,23540,15031,47,-10,778,
45904811,23540,14969,47,-10,784,
45904816,23540,14907,47,-10,781,
45904821,23533,14848,47,-10,787,
45904826,23533,14797,47,-10,787,
45904831,23523,14744,47,-10,787,
45904836,23523,14690,47,-10,787,
45904841,23515,14630,47,-10,790,
45904846,23515,14566,47,-10,790,
45904851,23503,14500,47,-10,793,
45904856,23494,14436,47,-10,801,
45904861,23494,14382,47,-10,801,
45904866,23485,14329,47,-10,803,
45904871,23485,14274,47,-10,803,
45904876,23472,14211,46,-8,801,
45904881,23460,14141,46,-8,813,
45904886,23446,14070,46,-8,817,
45904891,23435,14002,46,-8,816,
45904896,23425,13941,46,-7,818,
45904901,23425,13879,46,-7,819,
45904906,23412,13821,46,-7,820,
45904911,23405,13759,46,-5,819,
45904916,23405,13698,46,-5,820,
45904921,23398,13637,46,-5,822,
45904926,23398,13577,46,-4,825,
45904931,23398,13517,46,-4,822,
45904936,23391,13461,47,-3,819,
45904941,23391,13405,47,-3,822,
45904946,23391,13346,47,-3,822,
45904951,23391,13295,47,-2,822,
45904956,23391,13245,47,-2,821,
45904961,23391,13200,47,-2,820,
45904966,23391,13157,47,-2,816,
45904971,23398,13113,47,-2,817,
45904976,23398,13067,47,-2,811,
45904981,23398,13014,47,-2,808,
45904986,23398,12964,47,0,819,
45904991,23398,12913,47,0,818,
45904996,23390,12863,47,0,816,
45905001,23390,12815,47,0,806,
45905006,23390,12768,47,-2,818,
45905011,23390,12723,47,-2,819,
45905016,23390,12680,47,-2,817,
45905021,23381,12648,47,-2,817,
45905026,23381,12621,47,-2,816,
45905031,23381,12598,47,-2,816,
45905036,23381,12577,47,-2,814,
45905041,23390,12551,47,-2,809,
45905046,23390,12522,47,-2,809,
45905051,23390,12489,47,0,808,
45905056,23390,12455,47,0,809,
45905061,23390,12422,47,0,805,
45905066,23390,12390,47,0,804,
45905071,23390,12363,47,0,804,
45905076,23390,12342,47,0,803,
45905081,23390,12330,47,0,799,
45905086,23398,12322,47,0,799,
45905091,23398,12309,47,0,799,
45905096,23398,12293,47,0,796,
45905101,23398,12273,47,0,789,
45905106,23398,12256,47,0,787,
45905111,23398,12237,47,0,785,
45905116,23407,12219,47,0,784,
45905121,23407,12197,47,0,779,
45905126,23407,12175,47,0,770,
45905131,23407,12157,47,0,767,
45905136,23400,12141,47,0,762,
45905141,23400,12128,47,0,756,
45905146,23400,12115,47,0,749,
45905151,23400,12103,47,0,740,
45905156,23400,12095,47,0,728,
45905161,23400,12095,47,0,712,
45905166,23400,12095,47,0,696,
45905171,23400,12095,47,0,676,
45905176,23400,12095,47,0,653,
45905181,23400,12095,47,0,627,
45905186,23400,12095,47,0,591,
45905191,23400,12103,47,0,548,
45905196,23400,12113,47,0,499,
45905201,23400,12129,47,0,431,
45905206,23393,12150,47,0,351,
45905211,23393,12182,47,0,250,
45905216,23380,12228,47,0,63,
45905221,23380,12228,47,0,0,
45905226,23356,12363,47,0,0,
45905231,23334,12441,47,0,0,
45905236,23299,12521,47,0,0,
45905241,23252,12603,47,0,0,
45905246,23194,12691,47,0,0,
45905251,23134,12793,47,0,0,
45905256,23075,12912,47,0,0,
45905261,23022,13052,45,0,0,
45905266,22973,13213,45,0,0,
45905271,22933,13394,44,0,0,
45905276,22901,13597,44,1,0,
45905281,22876,13809,44,1,0,
45905286,22868,14027,43,1,0,
45905291,22868,14253,43,1,0,
45905296,22888,14489,41,0,0,
45905301,22914,14739,41,0,0,
45905306,22951,15007,40,-1,0,
45905311,22991,15278,40,-1,0,
45905316,23044,15544,38,-1,0,
45905321,23104,15794,38,0,0,
45905326,23157,16025,38,0,0,
45905331,23211,16247,40,0,0,
45905336,23258,16461,43,-1,0,
45905341,23310,16679,48,-3,0,
45905346,23355,16900,56,-6,0,
45905351,23355,16900,56,-6,0,
45905679,17309,21806,83,7,0,
45905684,17293,21806,83,7,0,
45905689,17262,21816,83,7,0,
45905694,17215,21816,83,7,0,
45905699,17151,21832,83,7,0,
45905704,17083,21839,83,7,0,
45905709,17011,21839,83,7,0,
45905714,16938,21839,83,7,0,
45905719,16865,21839,83,5,0,
45905724,16796,21839,83,5,0,
45905729,16728,21830,83,5,0,
45905734,16664,21822,83,4,0,
45905739,16601,21822,83,4,0,
45905744,16539,21813,83,4,0,
45905749,16482,21813,81,4,0,
45905754,16431,21813,79,4,0,
45905759,16386,21813,74,5,0,
45905764,16345,21813,72,3,0,
45905769,16306,21813,67,3,0,
45905774,16269,21827,63,4,0,
45905779,16233,21839,61,3,0,
45905784,16202,21851,56,2,0,
45905789,16171,21851,52,3,0,
45905794,16135,21863,49,3,0,
45905799,16095,21863,48,3,0,
45905804,16056,21863,49,2,0,
45905809,16013,21863,51,2,0,
45905814,15973,21863,52,2,0,
45905819,15932,21863,54,1,0,
45905824,15889,21863,54,0,0,
45905829,15846,21855,55,0,0,
45905834,15804,21855,56,0,0,
45905839,15762,21855,56,0,0,
45905844,15720,21855,58,1,0,
45905849,15675,21855,59,1,0,
45905854,15631,21855,61,1,0,
45905859,15586,21848,62,1,0,
45905864,15541,21848,62,1,0,
45905869,15497,21848,63,1,0,
45905874,15455,21848,65,1,0,
45905879,15413,21839,66,1,0,
45905884,15373,21829,68,1,0,
45905889,15336,21813,68,1,0,
45905894,15299,21799,69,1,0,
45905899,15265,21783,70,1,0,
45905904,15231,21766,70,1,0,
45905909,15201,21753,72,1,0,
45905914,15172,21742,73,1,0,
45905919,15149,21733,73,2,0,
45905924,15130,21726,74,1,0,
45905929,15112,21726,76,1,0,
45905934,15097,21718,76,1,0,
45905939,15082,21718,77,1,0,
45905944,15068,21718,77,1,0,
45905949,15057,21709,77,1,0,
45905954,15046,21709,77,1,0,
45905959,15036,21699,77,1,0,
45905964,15027,21699,77,1,0,
45905969,15027,21687,77,1,0,
45905974,15018,21687,76,1,0,
45905979,15018,21679,76,0,0,
45905984,15018,21679,75,0,0,
45905989,15018,21679,75,0,0,
45905994,15018,21679,75,0,0,
45905999,15018,21687,75,0,0,
45906004,15018,21695,75,0,0,
45906009,15018,21706,73,0,0,
45906014,15018,21718,73,0,0,
45906019,15018,21733,72,0,0,
45906024,15018,21749,72,0,0,
45906029,15018,21764,72,0,0,
45906034,15018,21779,72,0,0,
45906039,15018,21790,72,0,0,
45906044,15018,21798,72,0,0,
45906049,15011,21809,72,0,0,
45906054,15011,21809,72,0,0,
45906059,15002,21819,72,0,0,
45906064,15002,21819,72,-1,0,
45906069,14993,21819,72,-1,0,
45906074,14986,21819,72,-1,0,
45906079,14974,21819,72,-1,0,
45906084,14960,21819,72,-2,0,
45906089,14947,21808,72,-2,0,
45906094,14932,21801,70,-2,0,
45906099,14917,21801,70,-2,0,
45906104,14899,21792,69,-2,0,
45906109,14882,21792,66,-3,0,
45906114,14867,21792,65,-3,0,
45906119,14854,21792,62,-3,0,
45906124,14844,21792,61,-3,0,
45906129,14832,21801,58,-4,0,
45906134,14819,21812,56,-4,0,
45906139,14805,21822,55,-4,0,
45906144,14792,21832,53,-4,0,
45906149,14781,21841,52,-4,0,
45906154,14774,21841,49,-6,0,
45906159,14765,21849,48,-5,0,
45906164,14757,21849,46,-5,0,
45906169,14750,21849,45,-6,0,
45906174,14743,21849,44,-6,0,
45906179,14743,21849,42,-7,0,
45906184,14736,21849,41,-7,0,
45906189,14736,21839,41,-7,0,
45906194,14736,21839,41,-7,0,
45906199,14729,21829,42,-7,0,
45906204,14729,21829,42,-7,0,
45906209,14729,21816,43,-7,0,
45906214,14737,21808,43,-7,0,
45906219,14737,21808,43,-7,0,
45906224,14737,21799,43,-8,0,
45906229,14745,21799,43,-8,0,
45906234,14745,21789,43,-8,0,
45906239,14757,21789,43,-8,0,
45906244,14757,21789,43,-8,0,
45906249,14766,21789,43,-8,0,
45906254,14766,21789,43,-8,0,
45906259,14773,21789,43,-8,0,
45906264,14773,21782,43,-8,0,
45906269,14782,21775,43,-8,0,
45906274,14782,21767,43,-8,0,
45906279,14789,21758,43,-8,0,
45906284,14789,21748,43,-8,0,
45906289,14789,21738,44,-10,0,
45906294,14798,21728,44,-10,0,
45906299,14798,21719,44,-10,0,
45906304,14807,21710,44,-10,0,
45906309,14807,21702,43,-8,0,
45906314,14807,21694,43,-8,0,
45906319,14817,21694,43,-8,0,
45906324,14817,21682,43,-8,0,
45906329,14824,21682,43,-8,0,
45906334,14824,21682,43,-8,0,
45906339,14824,21674,43,-8,0,
45906344,14824,21674,43,-8,0,
45906349,14824,21674,43,-8,0,
45906354,14833,21674,43,-8,0,
45906359,14833,21674,43,-8,0,
45906364,14833,21674,43,-8,0,
45906369,14833,21674,43,-8,0,
45906374,14833,21674,43,-8,0,
45906379,14833,21674,43,-9,0,
45906384,14833,21674,43,-9,0,
45906389,14833,21674,42,-8,0,
45906390,14833,21674,42,-8,5,
45906395,14824,21666,42,-8,18,
45906400,14824,21666,42,-8,33,
45906405,14816,21666,42,-8,49,
45906410,14816,21666,43,-9,62,
45906415,14809,21659,43,-9,73,
45906420,14809,21659,43,-8,86,
45906425,14809,21659,43,-8,101,
45906430,14809,21659,43,-8,115,
45906435,14809,21659,43,-8,129,
45906440,14809,21659,43,-8,142,
45906445,14809,21659,43,-8,154,
45906450,14809,21659,43,-8,166,
45906455,14809,21659,43,-8,177,
45906460,14809,21659,43,-8,186,
45906465,14809,21659,43,-8,197,
45906470,14809,21667,43,-8,210,
45906475,14809,21667,43,-8,223,
45906480,14809,21667,43,-8,235,
45906485,14809,21667,43,-8,248,
45906490,14809,21674,43,-8,260,
45906495,14809,21674,43,-8,273,
45906500,14809,21681,43,-8,282,
45906505,14809,21681,44,-10,293,
45906510,14809,21681,44,-10,304,
45906515,14817,21688,44,-10,312,
45906520,14817,21688,44,-10,325,
45906525,14825,21688,44,-10,337,
45906530,14825,21688,44,-10,350,
45906535,14832,21688,44,-10,355,
45906540,14839,21688,44,-10,362,
45906545,14847,21688,44,-10,373,
45906550,14859,21688,44,-10,394,
45906555,14875,21688,44,-10,427,
45906560,14893,21681,44,-10,445,
45906565,14918,21681,44,-10,460,
45906570,14946,21681,44,-10,480,
45906575,14974,21681,44,-10,490,
45906580,15007,21681,44,-10,496,
45906585,15041,21694,44,-10,521,
45906590,15076,21705,46,-9,523,
45906595,15117,21716,46,-9,533,
45906600,15157,21729,47,-10,560,
45906605,15197,21743,47,-10,558,
45906610,15241,21757,47,-10,571,
45906615,15284,21775,49,-9,577,
45906620,15334,21795,49,-9,581,
45906625,15387,21816,50,-9,600,
45906630,15440,21838,50,-9,603,
45906635,15497,21857,50,-9,610,
45906640,15555,21876,50,-9,616,
45906645,15616,21898,51,-10,620,
45906650,15684,21921,53,-10,633,
45906655,15754,21943,51,-10,638,
45906660,15827,21963,51,-10,641,
45906665,15899,21985,50,-10,641,
45906670,15969,22009,50,-10,644,
45906675,16043,22038,50,-10,649,
45906680,16120,22069,49,-12,650,
45906685,16202,22100,49,-12,656,
45906690,16286,22131,49,-12,665,
45906695,16372,22160,48,-12,670,
45906700,16457,22188,48,-13,670,
45906705,16543,22212,46,-13,687,
45906710,16630,22235,46,-13,687,
45906715,16718,22260,46,-13,691,
45906720,16807,22286,46,-13,690,
45906725,16893,22313,44,-14,703,
45906730,16978,22343,44,-14,699,
45906735,17061,22370,43,-14,704,
45906740,17143,22402,43,-14,705,
45906745,17223,22433,43,-14,709,
45906750,17299,22460,44,-16,706,
45906755,17375,22491,44,-16,707,
45906760,17452,22520,44,-16,714,
45906765,17533,22548,44,-16,717,
45906770,17618,22578,44,-16,717,
45906775,17698,22608,44,-16,712,
45906780,17780,22639,44,-16,716,
45906785,17862,22673,45,-16,716,
45906790,17942,22701,45,-16,714,
45906795,18024,22724,46,-17,717,
45906800,18103,22745,46,-17,714,
45906805,18182,22765,46,-17,717,
45906810,18263,22787,46,-17,718,
45906815,18346,22814,46,-17,720,
45906820,18435,22836,46,-17,723,
45906825,18524,22855,46,-17,722,
45906830,18612,22874,45,-17,717,
45906835,18698,22888,45,-17,720,
45906840,18778,22904,43,-17,717,
45906845,18860,22919,43,-17,721,
45906850,18943,22935,43,-17,720,
45906855,19032,22953,42,-17,720,
45906860,19122,22974,42,-17,720,
45906865,19210,22998,40,-17,720,
45906870,19294,23024,40,-17,715,
45906875,19372,23052,42,-17,716,
45906880,19455,23077,42,-17,722,
45906885,19536,23104,43,-17,723,
45906890,19618,23131,43,-18,718,
45906895,19700,23157,43,-18,720,
45906900,19782,23185,43,-18,722,
45906905,19866,23213,43,-18,720,
45906910,19950,23237,43,-18,721,
45906915,20034,23261,43,-18,723,
45906920,20111,23282,43,-18,721,
45906925,20188,23303,43,-18,717,
45906930,20263,23330,43,-18,723,
45906935,20339,23353,45,-18,725,
45906940,20416,23379,45,-18,724,
45906945,20490,23404,44,-19,723,
45906950,20562,23430,44,-19,721,
45906955,20636,23458,44,-20,723,
45906960,20709,23487,44,-20,724,
45906965,20785,23511,44,-20,726,
45906970,20863,23534,42,-20,731,
45906975,20937,23558,42,-20,729,
45906980,21009,23582,41,-20,729,
45906985,21080,23611,41,-20,729,
45906990,21145,23636,38,-21,725,
45906995,21212,23659,38,-21,729,
45907000,21275,23681,38,-21,727,
45907005,21333,23699,39,-20,729,
45907010,21393,23723,41,-20,728,
45907015,21450,23746,41,-20,725,
45907020,21509,23768,41,-20,724,
45907025,21567,23788,41,-20,727,
45907030,21624,23802,40,-18,731,
45907035,21677,23815,40,-18,735,
45907040,21729,23829,40,-18,732,
45907045,21784,23849,40,-18,729,
45907050,21839,23871,40,-18,729,
45907055,21898,23893,41,-18,729,
45907060,21960,23914,42,-17,730,
45907065,22022,23933,43,-17,727,
45907070,22084,23952,43,-17,728,
45907075,22151,23974,43,-17,728,
45907080,22216,23995,43,-17,729,
45907085,22284,24017,43,-17,729,
45907090,22353,24039,43,-18,728,
45907095,22420,24062,43,-18,727,
45907100,22494,24087,43,-18,734,
45907105,22567,24111,44,-20,729,
45907110,22638,24133,44,-20,731,
45907115,22703,24153,42,-20,725,
45907120,22760,24170,42,-20,724,
45907125,22811,24185,40,-21,726,
45907130,22863,24201,40,-21,730,
45907135,22913,24215,40,-21,724,
45907140,22964,24228,40,-21,730,
45907145,23014,24244,41,-22,729,
45907150,23059,24257,39,-22,726,
45907155,23102,24273,39,-22,727,
45907160,23146,24290,38,-22,729,
45907165,23189,24304,38,-22,730,
45907170,23233,24320,36,-24,732,
45907175,23272,24333,36,-24,726,
45907180,23310,24346,36,-24,728,
45907185,23347,24361,36,-24,730,
45907190,23385,24374,37,-24,728,
45907195,23421,24385,37,-24,728,
45907200,23451,24394,37,-24,727,
45907205,23479,24406,39,-25,731,
45907210,23506,24419,39,-25,730,
45907215,23537,24431,40,-25,732,
45907220,23569,24441,40,-25,733,
45907225,23597,24449,40,-25,734,
45907230,23623,24456,41,-25,735,
45907235,23644,24464,41,-25,735,
45907240,23665,24473,43,-25,735,
45907245,23689,24482,43,-25,734,
45907250,23710,24492,44,-24,733,
45907255,23729,24502,44,-24,730,
45907260,23744,24510,45,-24,729,
45907265,23755,24518,45,-24,730,
45907270,23766,24526,45,-26,731,
45907275,23778,24533,45,-26,731,
45907280,23789,24541,45,-26,730,
45907285,23801,24550,45,-26,732,
45907290,23813,24562,45,-26,735,
45907295,23827,24574,45,-26,736,
45907300,23844,24583,45,-26,737,
45907305,23861,24590,45,-26,737,
45907310,23872,24590,45,-26,737,
45907315,23880,24598,44,-26,736,
45907320,23880,24598,44,-26,736,
45907325,23880,24598,42,-26,735,
45907330,23889,24598,42,-26,734,
45907335,23889,24598,43,-27,733,
45907340,23889,24598,43,-27,727,
45907345,23889,24605,43,-27,717,
45907350,23889,24605,43,-27,701,
45907355,23889,24605,43,-27,679,
45907360,23889,24605,43,-27,650,
45907365,23889,24605,43,-27,616,
45907370,23889,24605,43,-27,569,
45907375,23889,24605,43,-27,512,
45907380,23889,24605,43,-27,445,
45907385,23889,24605,43,-27,350,
45907390,23889,24605,43,-27,230,
45907395,23880,24598,43,-27,87,
45907400,23880,24598,43,-27,0,
45907405,23871,24585,43,-27,0,
45907410,23864,24568,43,-27,0,
45907415,23852,24542,43,-27,0,
45907420,23833,24510,43,-27,0,
45907425,23809,24474,43,-27,0,
45907430,23782,24437,45,-27,0,
45907435,23758,24401,45,-27,0,
45907440,23743,24360,45,-26,0,
45907445,23735,24313,47,-26,0,
45907450,23735,24258,47,-25,0,
45907455,23735,24191,49,-24,0,
45907460,23747,24115,51,-24,0,
45907465,23760,24027,53,-23,0,
45907470,23780,23931,54,-21,0,
45907475,23804,23823,56,-20,0,
45907480,23832,23708,57,-20,0,
45907485,23862,23588,59,-20,0,
45907490,23891,23461,60,-20,0,
45907495,23923,23331,62,-20,0,
45907500,23954,23195,64,-22,0,
45907505,23985,23058,65,-22,0,
45907510,24010,22923,66,-21,0,
45907515,24033,22794,66,-21,0,
45907520,24053,22673,68,-23,0,
45907525,24075,22556,68,-23,0,
45907530,24098,22440,68,-23,0,
45907535,24119,22324,68,-23,0,
45907540,24140,22207,66,-23,0,
45907545,24157,22092,66,-23,0,
45907550,24174,21978,65,-23,0,
45907555,24191,21865,63,-24,0,
45907560,24207,21751,63,-23,0,
45907565,24218,21638,63,-21,0,
45907570,24226,21530,61,-21,0,
45907575,24226,21428,60,-21,0,
45907580,24226,21331,58,-21,0,
45907585,24226,21237,58,-21,0,
45907590,24226,21149,57,-21,0,
45907595,24217,21067,55,-22,0,
45907600,24209,20993,55,-22,0,
45907605,24202,20927,53,-22,0,
45907610,24202,20867,53,-22,0,
45907615,24194,20813,53,-23,0,
45907620,24194,20768,52,-24,0,
45907625,24184,20730,51,-24,0,
45907630,24174,20700,50,-25,0,
45907635,24165,20681,50,-25,0,
45907640,24158,20666,51,-28,0,
45907645,24158,20657,50,-29,0,
45907650,24149,20657,50,-29,0,
45907655,24149,20650,51,-28,0,
45907660,24139,20650,51,-28,0,
45907665,24139,20665,50,-25,0,
45907670,24129,20678,50,-26,0,
45907675,24129,20695,49,-25,0,
45907680,24119,20714,47,-25,0,
45907685,24112,20736,47,-25,0,
45907690,24103,20759,47,-25,0,
45907695,24095,20783,47,-25,0,
45907700,24095,20805,47,-25,0,
45907705,24085,20829,47,-25,0,
45907710,24085,20851,47,-25,0,
45907715,24071,20872,47,-25,0,
45907720,24064,20890,47,-25,0,
45907725,24055,20904,48,-26,0,
45907730,24048,20913,50,-26,0,
45907735,24040,20922,50,-26,0,
45907740,24033,20922,50,-25,0,
45907745,24026,20930,50,-25,0,
45907750,24026,20930,51,-28,0,
45907755,24013,20930,51,-28,0,
45907760,24004,20914,51,-28,0,
45907765,23992,20903,51,-28,0,
45907770,23980,20892,51,-28,0,
45907775,23965,20882,51,-28,0,
45907780,23951,20873,51,-28,0,
45907785,23940,20865,51,-28,0,
45907790,23929,20865,51,-28,0,
45907795,23919,20856,51,-28,0,
45907800,23908,20856,51,-28,0,
45907805,23897,20856,51,-28,0,
45907810,23888,20856,51,-28,0,
45907815,23880,20856,51,-28,0,
45907820,23880,20856,51,-28,0,
45907825,23867,20856,51,-28,0,
45907830,23858,20856,51,-28,0,
45907835,23848,20856,51,-28,0,
45907840,23836,20856,51,-28,0,
45907845,23826,20856,51,-28,0,
45907850,23815,20856,51,-28,0,
45907855,23803,20856,51,-28,0,
45907860,23793,20849,51,-28,0,
45907865,23786,20849,51,-28,0,
45907870,23786,20849,51,-28,0,
45907875,23776,20838,51,-28,0,
45907880,23776,20838,51,-28,0,
45907885,23765,20826,51,-28,0,
45907890,23765,20826,51,-28,0,
45907895,23765,20815,51,-28,0,
45907900,23765,20815,51,-28,0,
45907905,23765,20803,51,-28,0,
45907910,23765,20796,51,-28,0,
45907915,23765,20796,50,-25,0,
45907920,23765,20786,50,-26,0,
45907925,23774,20786,50,-26,0,
45907930,23781,20779,48,-26,0,
45907935,23781,20779,48,-26,0,
45907940,23794,20779,48,-26,0,
45907945,23801,20779,48,-26,0,
45907950,23810,20779,48,-26,0,
45907955,23810,20771,48,-26,0,
45907960,23818,20771,48,-26,0,
45907965,23818,20764,47,-26,0,
45907969,23818,20764,47,-26,7,
45907974,23818,20764,45,-26,25,
45907979,23818,20764,45,-26,49,
45907984,23818,20764,45,-26,79,
45907989,23826,20757,45,-26,113,
45907995,23835,20757,45,-26,145,
45908000,23844,20757,45,-26,170,
45908005,23858,20769,45,-26,201,
45908010,23875,20769,45,-26,235,
45908015,23895,20781,44,-26,257,
45908020,23919,20791,44,-26,292,
45908025,23942,20800,42,-26,309,
45908030,23965,20812,42,-26,319,
45908035,23992,20828,42,-26,335,
45908040,24023,20844,42,-26,381,
45908045,24057,20864,42,-26,402,
45908050,24100,20886,42,-26,427,
45908055,24146,20910,42,-26,461,
45908060,24195,20938,42,-26,477,
45908065,24249,20966,42,-26,498,
45908070,24304,20995,42,-26,517,
45908075,24362,21023,42,-26,546,
45908080,24422,21050,40,-26,555,
45908085,24482,21082,40,-26,569,
45908090,24548,21118,39,-27,574,
45908095,24618,21159,39,-27,592,
45908100,24691,21207,39,-27,608,
45908105,24769,21254,39,-27,624,
45908110,24850,21300,39,-27,636,
45908115,24928,21343,38,-27,643,
45908120,25003,21379,38,-27,643,
45908125,25081,21411,36,-29,660,
45908130,25151,21440,36,-29,673,
45908135,25214,21463,36,-29,675,
45908140,25275,21482,36,-30,694,
45908145,25330,21500,36,-30,706,
45908150,25383,21517,34,-30,715,
45908155,25436,21531,34,-30,722,
45908160,25486,21552,34,-30,737,
45908165,25535,21573,34,-30,744,
45908170,25580,21591,33,-32,742,
45908175,25631,21613,35,-30,752,
45908180,25682,21631,35,-30,760,
45908185,25735,21649,37,-31,777,
45908190,25792,21672,37,-31,783,
45908195,25852,21695,36,-29,797,
45908200,25913,21718,36,-29,805,
45908205,25976,21740,36,-29,813,
45908210,26040,21762,36,-29,823,
45908215,26101,21783,37,-28,826,
45908220,26158,21807,37,-28,826,
45908225,26208,21833,38,-27,827,
45908230,26257,21858,38,-27,828,
45908235,26308,21882,38,-27,841,
45908240,26358,21901,38,-27,843,
45908245,26408,21919,37,-26,846,
45908250,26456,21938,37,-26,848,
45908255,26502,21960,37,-26,851,
45908260,26549,21984,37,-26,850,
45908265,26597,22005,37,-26,851,
45908270,26643,22024,36,-27,855,
45908275,26685,22042,36,-28,857,
45908280,26727,22058,34,-28,859,
45908285,26772,22077,34,-28,865,
45908290,26821,22096,34,-28,873,
45908295,26871,22111,34,-28,871,
45908300,26915,22123,34,-28,874,
45908305,26954,22135,34,-30,879,
45908310,26987,22143,33,-29,880,
45908315,27016,22150,33,-29,878,
45908320,27045,22157,31,-30,880,
45908325,27074,22165,31,-30,889,
45908330,27101,22175,31,-30,892,
45908335,27130,22188,31,-30,893,
45908340,27158,22205,31,-31,893,
45908345,27186,22220,30,-31,893,
45908350,27213,22235,30,-31,897,
45908355,27241,22250,28,-31,905,
45908360,27270,22264,28,-31,906,
45908365,27296,22278,28,-31,903,
45908370,27321,22288,28,-31,906,
45908375,27340,22296,28,-31,914,
45908380,27360,22303,27,-31,912,
45908385,27382,22310,27,-31,911,
45908390,27404,22319,26,-32,917,
45908395,27428,22330,26,-32,919,
45908400,27453,22341,26,-32,917,
45908405,27476,22352,26,-32,915,
45908410,27497,22360,26,-33,914,
45908415,27515,22367,26,-33,917,
45908420,27533,22374,27,-33,920,
45908425,27548,22381,27,-33,920,
45908430,27569,22388,29,-33,920,
45908435,27590,22388,29,-33,919,
45908440,27605,22400,29,-33,919,
45908445,27620,22400,29,-33,919,
45908450,27628,22400,29,-33,918,
45908455,27628,22407,31,-32,917,
45908460,27638,22407,31,-32,917,
45908465,27638,22407,32,-32,917,
45908470,27638,22407,32,-32,916,
45908475,27638,22407,33,-32,914,
45908480,27638,22407,36,-32,909,
45908485,27638,22407,36,-32,899,
45908490,27638,22407,36,-31,885,
45908495,27638,22407,36,-34,865,
45908500,27638,22407,36,-34,841,
45908505,27638,22407,36,-34,807,
45908510,27638,22407,36,-34,762,
45908515,27638,22414,36,-31,705,
45908520,27631,22414,36,-31,634,
45908525,27631,22414,36,-31,543,
45908530,27615,22414,36,-31,429,
45908535,27597,22406,36,-31,263,
45908540,27571,22406,36,-31,79,
45908545,27571,22406,36,-31,0,
45908550,27484,22406,36,-31,0,
45908555,27418,22422,36,-31,0,
45908560,27332,22448,36,-31,0,
45908565,27234,22486,36,-31,0,
45908570,27123,22535,36,-31,0,
45908575,27008,22594,36,-31,0,
45908580,26894,22660,36,-31,0,
45908585,26776,22739,36,-31,0,
45908590,26666,22828,36,-31,0,
45908595,26561,22926,36,-31,0,
45908600,26466,23031,37,-32,0,
45908605,26383,23133,37,-35,0,
45908610,26303,23233,38,-35,0,
45908615,26229,23332,39,-38,0,
45908620,26156,23420,40,-40,0,
45908625,26082,23510,43,-43,0,
45908630,26019,23597,43,-44,0,
45908635,25955,23682,45,-46,0,
45908640,25892,23774,48,-48,0,
45908645,25830,23857,51,-48,0,
45908650,25762,23937,56,-45,0,
45908655,25700,24010,60,-44,0,
45908660,25640,24074,64,-41,0,
45908665,25583,24135,68,-39,0,
45908670,25522,24189,72,-38,0,
45908675,25451,24238,76,-35,0,
45908680,25376,24285,78,-35,0,
45908685,25292,24328,79,-33,0,
45908690,25209,24368,79,-32,0,
45908695,25124,24402,80,-30,0,
45908700,25033,24433,79,-28,0,
45908705,24947,24461,80,-27,0,
45908710,24864,24486,80,-26,0,
45908715,24784,24510,79,-24,0,
45908720,24710,24530,76,-24,0,
45908725,24641,24551,74,-27,0,
45908730,24575,24568,70,-28,0,
45908735,24514,24589,68,-30,0,
45908740,24463,24607,64,-32,0,
45908745,24413,24620,61,-34,0,
45908750,24371,24633,57,-36,0,
45908755,24331,24641,54,-36,0,
45908760,24291,24650,50,-39,0,
45908765,24253,24658,46,-40,0,
45908770,24213,24658,44,-39,0,
45908775,24175,24658,42,-41,0,
45908780,24136,24658,42,-41,0,
45908785,24099,24658,45,-40,0,
45908790,24071,24669,47,-41,0,
45908795,24049,24678,47,-41,0,
45908800,24034,24686,47,-40,0,
45908805,24027,24696,47,-40,0,
45908810,24027,24704,50,-39,0,
45908815,24027,24713,50,-39,0,
45908820,24027,24722,51,-38,0,
45908825,24027,24729,51,-38,0,
45908830,24027,24729,51,-38,0,
45908835,24038,24738,51,-38,0,
45908840,24038,24738,51,-38,0,
45908845,24038,24738,51,-37,0,
45908850,24046,24738,51,-37,0,
45908855,24046,24738,51,-37,0,
45908860,24057,24738,51,-37,0,
45908865,24057,24738,51,-37,0,
45908870,24067,24738,49,-37,0,
45908875,24067,24738,49,-37,0,
45908880,24075,24730,49,-38,0,
45908885,24075,24730,49,-38,0,
45908890,24075,24720,49,-35,0,
45908895,24075,24713,49,-35,0,
45908900,24075,24705,49,-35,0,
45908905,24075,24697,49,-35,0,
45908910,24066,24690,49,-35,0,
45908915,24058,24682,49,-35,0,
45908920,24047,24674,49,-35,0,
45908925,24033,24666,49,-35,0,
45908930,24019,24659,50,-35,0,
45908935,24006,24659,48,-35,0,
45908940,23992,24646,48,-35,0,
45908945,23979,24646,46,-35,0,
45908950,23965,24635,46,-35,0,
45908955,23948,24635,46,-35,0,
45908960,23932,24635,46,-35,0,
45908965,23916,24627,46,-35,0,
45908970,23901,24627,46,-35,0,
45908975,23888,24627,47,-34,0,
45908980,23875,24627,47,-34,0,
45908985,23865,24627,47,-34,0,
45908990,23855,24627,47,-34,0,
45908995,23848,24619,47,-34,0,
45909000,23840,24619,47,-34,0,
45909005,23831,24610,47,-34,0,
45909010,23820,24610,47,-34,0,
45909015,23809,24601,47,-34,0,
45909020,23797,24601,47,-34,0,
45909025,23789,24592,47,-34,0,
45909030,23781,24592,47,-34,0,
45909035,23774,24592,47,-34,0,
45909040,23774,24592,47,-34,0,
45909045,23774,24600,47,-34,0,
45909050,23774,24600,47,-33,0,
45909055,23774,24610,47,-33,0,
45909060,23774,24610,47,-33,0,
45909065,23781,24617,47,-33,0,
45909070,23781,24617,47,-33,0,
45909075,23781,24627,47,-33,0,
45909080,23788,24627,47,-33,0,
45909085,23788,24627,46,-33,0,
45909090,23788,24627,46,-33,0,
45909095,23788,24627,44,-33,0,
45909100,23788,24627,44,-33,0,
45909105,23788,24620,44,-33,0,
45909110,23788,24620,44,-33,0,
45909115,23788,24613,44,-33,0,
45909121,23788,24613,44,-33,30,
45909126,23788,24613,44,-33,52,
45909131,23788,24613,44,-33,77,
45909136,23788,24613,44,-33,107,
45909141,23795,24606,44,-33,135,
45909146,23795,24606,44,-33,161,
45909151,23807,24606,44,-33,188,
45909156,23807,24606,44,-33,224,
45909162,23823,24606,44,-33,253,
45909167,23834,24606,44,-33,269,
45909172,23844,24599,44,-33,276,
45909177,23851,24599,44,-33,279,
45909182,23851,24599,44,-33,285,
45909187,23851,24599,44,-33,297,
45909192,23860,24599,44,-33,312,
45909197,23860,24599,44,-33,327,
45909202,23867,24599,44,-33,342,
45909207,23867,24599,43,-34,358,
45909212,23878,24599,43,-34,378,
45909217,23878,24591,42,-34,399,
45909222,23895,24591,42,-34,425,
45909227,23906,24582,42,-34,445,
45909232,23918,24582,42,-34,453,
45909237,23931,24582,42,-34,462,
45909242,23941,24574,42,-34,467,
45909247,23955,24567,41,-34,480,
45909252,23972,24556,41,-34,506,
45909257,23990,24543,41,-34,525,
45909262,24011,24528,42,-34,528,
45909267,24030,24516,42,-34,526,
45909272,24050,24502,42,-34,532,
45909277,24075,24489,42,-34,560,
45909282,24100,24477,42,-34,562,
45909287,24129,24465,42,-34,571,
45909292,24162,24453,42,-34,588,
45909297,24196,24444,42,-34,599,
45909302,24232,24431,42,-34,601,
45909307,24268,24417,40,-33,602,
45909312,24301,24403,40,-33,600,
45909317,24332,24387,39,-34,610,
45909322,24362,24373,39,-34,623,
45909327,24395,24357,39,-34,641,
45909332,24430,24338,39,-33,647,
45909337,24468,24320,39,-33,655,
45909342,24507,24302,39,-33,652,
45909347,24545,24287,39,-33,662,
45909352,24584,24276,39,-33,663,
45909357,24625,24262,39,-33,682,
45909362,24667,24248,39,-33,679,
45909367,24708,24234,39,-33,679,
45909372,24749,24218,39,-33,687,
45909377,24785,24205,39,-33,693,
45909382,24823,24192,37,-32,691,
45909387,24861,24174,37,-32,699,
45909392,24900,24156,36,-34,709,
45909397,24940,24135,36,-34,706,
45909402,24982,24111,36,-34,729,
45909407,25025,24090,36,-34,729,
45909412,25067,24067,36,-34,730,
45909417,25109,24043,36,-31,729,
45909422,25151,24019,36,-32,734,
45909427,25196,23991,36,-32,754,
45909432,25244,23963,33,-32,760,
45909437,25293,23935,33,-32,759,
45909442,25339,23909,34,-30,755,
45909447,25378,23888,34,-30,749,
45909452,25416,23868,34,-30,752,
45909457,25453,23846,34,-30,760,
45909462,25489,23826,34,-30,761,
45909467,25528,23803,34,-30,768,
45909472,25568,23783,34,-30,772,
45909477,25610,23767,34,-30,775,
45909482,25650,23750,34,-30,770,
45909487,25688,23734,36,-30,772,
45909492,25722,23721,36,-28,771,
45909497,25757,23707,37,-28,780,
45909502,25797,23693,37,-28,799,
45909507,25839,23678,37,-28,800,
45909512,25878,23661,37,-28,805,
45909517,25914,23644,38,-27,798,
45909522,25943,23627,38,-27,799,
45909527,25972,23611,39,-27,803,
45909532,26000,23592,39,-27,802,
45909537,26031,23574,39,-27,807,
45909542,26061,23561,40,-29,806,
45909547,26090,23547,40,-29,804,
45909552,26117,23538,40,-29,804,
45909557,26145,23529,40,-29,806,
45909562,26173,23517,39,-30,807,
45909567,26203,23507,37,-30,805,
45909572,26232,23496,37,-30,805,
45909577,26262,23486,37,-31,806,
45909582,26292,23474,36,-31,815,
45909587,26322,23462,36,-31,813,
45909592,26356,23447,36,-31,815,
45909597,26389,23432,36,-34,816,
45909602,26419,23418,36,-34,814,
45909607,26447,23406,36,-34,812,
45909612,26475,23394,36,-34,811,
45909617,26502,23382,36,-34,811,
45909622,26532,23367,36,-31,813,
45909627,26567,23350,36,-31,828,
45909632,26602,23334,36,-31,827,
45909637,26638,23318,36,-31,825,
45909642,26670,23303,36,-31,822,
45909647,26699,23290,36,-31,822,
45909652,26726,23275,36,-31,820,
45909657,26754,23257,36,-32,827,
45909662,26784,23243,36,-32,827,
45909667,26811,23227,33,-32,821,
45909672,26837,23214,33,-32,818,
45909677,26861,23202,33,-32,822,
45909682,26886,23185,33,-32,827,
45909687,26915,23169,33,-32,827,
45909692,26945,23150,34,-30,826,
45909697,26976,23131,34,-30,826,
45909702,27003,23113,34,-30,825,
45909707,27031,23097,34,-30,822,
45909712,27056,23083,32,-31,822,
45909717,27079,23069,32,-31,822,
45909722,27103,23056,31,-31,824,
45909727,27132,23041,31,-31,827,
45909732,27158,23022,31,-31,824,
45909737,27192,23002,31,-31,828,
45909742,27226,22984,31,-31,828,
45909747,27257,22968,31,-31,825,
45909752,27292,22954,31,-31,824,
45909757,27320,22940,31,-31,824,
45909762,27350,22923,30,-31,826,
45909767,27379,22908,30,-31,827,
45909772,27407,22890,28,-29,827,
45909777,27436,22873,28,-29,830,
45909782,27464,22857,28,-29,830,
45909787,27490,22838,28,-29,828,
45909792,27515,22823,28,-29,825,
45909797,27535,22809,30,-30,823,
45909802,27551,22796,30,-30,824,
45909807,27566,22786,31,-30,825,
45909812,27579,22776,31,-30,824,
45909817,27592,22764,33,-29,823,
45909822,27607,22752,33,-29,825,
45909827,27620,22741,34,-30,827,
45909832,27632,22730,34,-30,826,
45909837,27643,22721,36,-30,823,
45909842,27652,22713,36,-30,822,
45909847,27660,22705,36,-29,819,
45909852,27667,22698,38,-29,819,
45909857,27667,22698,38,-29,819,
45909862,27676,22687,40,-29,819,
45909867,27676,22687,40,-29,819,
45909872,27684,22678,40,-29,820,
45909877,27684,22670,40,-29,821,
45909882,27684,22670,40,-29,822,
45909887,27691,22659,40,-29,823,
45909892,27691,22659,40,-29,825,
45909897,27691,22649,40,-29,825,
45909902,27691,22649,40,-29,825,
45909907,27691,22640,40,-29,823,
45909912,27691,22640,40,-29,822,
45909917,27691,22640,40,-29,819,
45909922,27691,22640,40,-29,816,
45909927,27691,22633,40,-29,813,
45909932,27698,22633,40,-29,810,
45909937,27698,22633,40,-29,805,
45909942,27698,22624,40,-29,802,
45909947,27698,22624,40,-29,800,
45909952,27698,22624,40,-29,798,
45909957,27698,22624,40,-29,796,
45909962,27698,22624,40,-29,793,
45909967,27698,22615,40,-29,793,
45909972,27698,22615,40,-29,792,
45909977,27698,22615,40,-29,792,
45909982,27698,22615,39,-30,792,
45909987,27698,22615,39,-30,792,
45909992,27698,22606,39,-30,792,
45909997,27698,22606,39,-30,793,
45910002,27698,22606,39,-30,793,
45910007,27698,22606,39,-30,793,
45910012,27705,22599,39,-30,793,
45910017,27705,22599,39,-30,793,
45910022,27705,22599,39,-30,793,
45910027,27705,22599,39,-30,792,
45910032,27705,22599,39,-30,792,
45910037,27705,22599,39,-30,791,
45910042,27705,22599,39,-30,790,
45910047,27712,22599,39,-30,789,
45910052,27712,22599,39,-30,787,
45910057,27712,22599,39,-30,787,
45910062,27712,22599,39,-30,786,
45910067,27712,22592,39,-30,786,
45910072,27720,22592,39,-30,785,
45910077,27720,22592,39,-30,785,
45910082,27720,22592,39,-30,784,
45910087,27720,22592,39,-30,784,
45910092,27720,22592,39,-30,784,
45910097,27720,22592,39,-30,785,
45910102,27727,22585,39,-30,785,
45910107,27727,22585,39,-30,785,
45910112,27727,22585,39,-30,784,
45910117,27727,22585,39,-30,784,
45910122,27727,22578,39,-30,784,
45910127,27727,22578,39,-30,784,
45910132,27736,22578,39,-30,783,
45910137,27736,22578,39,-30,781,
45910142,27736,22578,39,-30,780,
45910147,27743,22570,39,-30,780,
45910152,27743,22570,39,-30,778,
45910157,27743,22570,39,-30,775,
45910162,27743,22570,39,-30,773,
45910167,27743,22570,39,-30,771,
45910172,27750,22570,39,-30,769,
45910177,27750,22570,39,-30,767,
45910182,27750,22570,39,-30,766,
45910187,27750,22570,39,-30,765,
45910192,27750,22563,39,-30,764,
45910197,27750,22563,39,-30,763,
45910202,27750,22563,39,-30,762,
45910207,27750,22563,39,-30,760,
45910212,27750,22563,39,-30,758,
45910217,27750,22563,39,-30,757,
45910222,27750,22563,39,-30,754,
45910227,27750,22563,39,-30,749,
45910232,27750,22563,39,-30,741,
45910237,27750,22563,39,-30,729,
45910242,27750,22563,39,-30,712,
45910247,27750,22563,39,-30,692,
45910252,27750,22563,39,-30,665,
45910257,27750,22563,39,-30,633,
45910262,27750,22563,39,-30,591,
45910267,27750,22563,39,-30,531,
45910272,27750,22563,39,-30,452,
45910277,27750,22563,39,-30,350,
45910282,27739,22573,39,-30,185,
45910287,27739,22573,39,-30,0,
45910292,27709,22593,39,-30,0,
45910297,27684,22609,39,-30,0,
45910302,27652,22632,39,-30,0,
45910307,27611,22665,39,-30,0,
45910312,27565,22702,41,-30,0,
45910317,27516,22746,42,-29,0,
45910322,27470,22791,43,-29,0,
45910327,27427,22831,43,-29,0,
45910332,27391,22866,43,-29,0,
45910337,27360,22894,43,-31,0,
45910342,27331,22918,42,-31,0,
45910347,27308,22934,41,-33,0,
45910352,27285,22934,40,-33,0,
45910357,27266,22934,39,-34,0,
45910362,27242,22916,37,-36,0,
45910367,27215,22887,36,-37,0,
45910372,27179,22854,34,-39,0,
45910377,27137,22808,33,-41,0,
45910382,27094,22748,31,-40,0,
45910387,27050,22676,31,-42,0,
45910392,27006,22594,29,-42,0,
45910397,26956,22493,28,-44,0,
45910402,26905,22382,27,-43,0,
45910407,26855,22246,26,-42,0,
45910412,26855,22246,26,-42,0,
45910511,24822,16852,35,-56,0,
45910516,24800,16790,35,-54,0,
45910521,24753,16657,35,-54,0,
45910526,24692,16447,35,-52,0,
45910531,24611,16158,37,-49,0,
45910536,24529,15855,39,-46,0,
45910541,24455,15557,41,-44,0,
45910546,24385,15274,42,-41,0,
45910551,24318,15009,44,-39,0,
45910556,24266,14763,46,-40,0,
45910561,24217,14528,47,-38,0,
45910566,24165,14303,51,-35,0,
45910571,24117,14089,53,-33,0,
45910576,24071,13882,56,-29,0,
45910581,24031,13684,58,-25,0,
45910586,24000,13491,61,-22,0,
45910591,23975,13312,63,-19,0,
45910596,23950,13152,67,-17,0,
45910601,23931,13005,68,-17,0,
45910606,23915,12872,71,-16,0,
45910611,23902,12749,72,-18,0,
45910616,23889,12633,73,-19,0,
45910621,23876,12524,75,-20,0,
45910626,23860,12425,76,-20,0,
45910631,23847,12331,78,-18,0,
45910636,23836,12240,78,-18,0,
45910641,23826,12156,80,-17,0,
45910646,23815,12080,80,-17,0,
45910651,23804,12011,80,-17,0,
45910656,23796,11953,80,-17,0,
45910661,23789,11904,80,-17,0,
45910666,23789,11862,79,-18,0,
45910671,23789,11825,79,-18,0,
45910676,23780,11796,79,-18,0,
45910681,23780,11775,78,-18,0,
45910686,23771,11758,79,-15,0,
45910691,23771,11749,76,-14,0,
45910696,23759,11749,76,-13,0,
45910701,23759,11741,76,-12,0,
45910706,23743,11741,75,-10,0,
45910711,23732,11752,75,-10,0,
45910716,23722,11764,74,-10,0,
45910721,23711,11783,74,-10,0,
45910726,23704,11803,74,-9,0,
45910731,23697,11827,74,-9,0,
45910736,23697,11853,74,-9,0,
45910741,23689,11879,74,-9,0,
45910746,23689,11906,72,-10,0,
45910751,23689,11930,72,-10,0,
45910756,23679,11951,71,-11,0,
45910761,23679,11972,71,-11,0,
45910766,23667,11992,71,-11,0,
45910771,23660,12012,71,-12,0,
45910776,23660,12029,71,-12,0,
45910781,23645,12045,72,-14,0,
45910786,23634,12057,70,-13,0,
45910791,23620,12067,70,-13,0,
45910796,23604,12080,69,-15,0,
45910801,23588,12091,69,-15,0,
45910806,23574,12103,68,-17,0,
45910811,23559,12111,68,-17,0,
45910816,23543,12111,68,-17,0,
45910821,23529,12122,68,-17,0,
45910826,23515,12122,68,-17,0,
45910831,23504,12130,68,-17,0,
45910836,23496,12130,67,-17,0,
45910841,23487,12130,66,-19,0,
45910846,23478,12130,65,-18,0,
45910851,23469,12130,65,-18,0,
45910856,23459,12130,65,-18,0,
45910861,23452,12130,65,-18,0,
45910866,23444,12130,65,-18,0,
45910871,23436,12130,63,-19,0,
45910876,23427,12118,63,-20,0,
45910881,23416,12108,62,-20,0,
45910886,23403,12101,62,-20,0,
45910891,23391,12101,62,-20,0,
45910896,23376,12091,61,-21,0,
45910901,23361,12091,61,-21,0,
45910906,23349,12099,60,-21,0,
45910911,23335,12108,60,-21,0,
45910916,23324,12117,60,-21,0,
45910921,23314,12125,58,-21,0,
45910926,23302,12133,58,-21,0,
45910931,23291,12133,57,-21,0,
45910936,23283,12145,57,-21,0,
45910941,23275,12145,57,-21,0,
45910946,23275,12153,55,-22,0,
45910951,23275,12153,55,-22,0,
45910956,23275,12153,54,-21,0,
45910961,23268,12162,54,-21,0,
45910966,23268,12162,54,-21,0,
45910971,23268,12169,54,-21,0,
45910976,23268,12169,52,-22,0,
45910981,23258,12169,52,-22,0,
45910986,23258,12180,50,-22,0,
45910991,23246,12188,50,-23,0,
45910996,23246,12200,49,-22,0,
45911001,23237,12210,47,-23,0,
45911006,23237,12217,47,-23,0,
45911006,23237,12217,45,-23,1,
45911011,23237,12228,44,-23,27,
45911016,23237,12236,43,-24,49,
45911021,23237,12247,42,-24,59,
45911026,23237,12259,42,-24,67,
45911031,23247,12271,40,-24,84,
45911036,23256,12285,38,-24,99,
45911041,23265,12299,38,-24,110,
45911046,23273,12313,37,-24,125,
45911051,23273,12327,37,-24,147,
45911056,23286,12335,37,-24,176,
45911061,23286,12335,37,-24,201,
45911066,23294,12335,38,-24,226,
45911071,23294,12342,38,-24,251,
45911076,23294,12342,40,-24,275,
45911081,23308,12342,40,-25,295,
45911086,23317,12342,41,-25,319,
45911091,23330,12342,41,-25,343,
45911096,23343,12342,43,-25,363,
45911101,23357,12342,44,-24,373,
45911106,23374,12342,44,-24,395,
45911111,23395,12342,45,-24,415,
45911116,23418,12351,45,-24,444,
45911121,23441,12351,47,-23,468,
45911126,23465,12361,47,-23,485,
45911131,23491,12361,48,-24,502,
45911136,23522,12368,48,-24,540,
45911141,23557,12368,47,-23,558,
45911146,23597,12368,47,-23,579,
45911151,23639,12368,45,-24,583,
45911156,23682,12384,45,-24,583,
45911161,23727,12402,45,-24,607,
45911166,23775,12423,45,-24,613,
45911171,23828,12446,45,-24,622,
45911176,23881,12466,45,-24,631,
45911181,23938,12487,45,-24,650,
45911186,23997,12509,45,-24,665,
45911191,24057,12528,45,-24,673,
45911196,24121,12550,45,-24,678,
45911201,24188,12574,44,-24,690,
45911206,24257,12603,44,-24,695,
45911211,24329,12636,43,-25,708,
45911216,24404,12673,43,-25,726,
45911221,24480,12707,43,-25,736,
45911226,24561,12741,43,-25,746,
45911231,24643,12775,43,-25,753,
45911236,24730,12809,41,-25,758,
45911241,24813,12845,41,-25,764,
45911246,24896,12882,40,-25,765,
45911251,24980,12917,40,-25,771,
45911256,25058,12948,40,-25,773,
45911261,25137,12979,39,-25,780,
45911266,25213,13003,38,-27,793,
45911271,25283,13026,37,-26,793,
45911276,25349,13046,37,-26,791,
45911281,25412,13060,37,-26,797,
45911286,25469,13077,37,-26,799,
45911291,25524,13094,37,-26,801,
45911296,25578,13111,37,-26,802,
45911301,25632,13130,37,-28,813,
45911306,25691,13150,37,-28,815,
45911311,25750,13168,37,-28,813,
45911316,25809,13186,37,-28,819,
45911321,25869,13202,37,-28,836,
45911326,25922,13217,37,-28,833,
45911331,25975,13232,38,-29,830,
45911336,26029,13249,38,-29,839,
45911341,26081,13269,39,-27,848,
45911346,26140,13289,39,-27,856,
45911351,26196,13309,39,-27,854,
45911356,26250,13323,40,-27,856,
45911361,26304,13334,40,-27,868,
45911366,26355,13346,40,-27,869,
45911371,26409,13359,40,-25,876,
45911376,26466,13375,39,-25,879,
45911381,26519,13393,38,-24,885,
45911386,26573,13410,37,-24,891,
45911391,26627,13426,38,-22,897,
45911396,26681,13442,38,-22,905,
45911401,26735,13457,38,-22,909,
45911406,26788,13469,38,-22,912,
45911411,26838,13483,38,-22,917,
45911416,26887,13493,36,-22,922,
45911421,26935,13503,36,-22,925,
45911426,26982,13514,35,-22,930,
45911431,27030,13522,35,-22,934,
45911436,27076,13533,35,-22,935,
45911441,27126,13545,35,-22,940,
45911446,27179,13558,35,-22,940,
45911451,27232,13571,33,-21,940,
45911456,27288,13587,33,-21,938,
45911461,27342,13603,32,-21,940,
45911466,27397,13622,32,-21,941,
45911471,27449,13641,32,-23,941,
45911476,27500,13655,32,-23,944,
45911481,27554,13669,32,-23,954,
45911486,27604,13682,32,-23,952,
45911491,27653,13692,32,-23,951,
45911496,27701,13706,34,-23,954,
45911501,27748,13719,34,-23,953,
45911506,27798,13734,34,-23,957,
45911511,27849,13753,34,-23,954,
45911516,27901,13768,34,-23,957,
45911521,27948,13782,35,-24,954,
45911526,27984,13793,35,-24,951,
45911531,28019,13801,35,-24,952,
45911536,28054,13812,35,-24,957,
45911541,28087,13822,36,-24,960,
45911546,28125,13829,36,-24,960,
45911551,28161,13836,37,-24,961,
45911556,28192,13836,37,-24,961,
45911561,28225,13846,36,-24,965,
45911566,28259,13846,36,-24,965,
45911571,28288,13859,35,-24,962,
45911576,28313,13866,35,-24,962,
45911581,28330,13875,34,-25,963,
45911586,28348,13875,34,-25,964,
45911591,28367,13886,34,-25,964,
45911596,28388,13886,34,-25,963,
45911601,28408,13886,34,-25,963,
45911606,28423,13895,34,-25,965,
45911611,28438,13895,34,-25,970,
45911616,28459,13907,34,-25,971,
45911621,28483,13916,34,-25,972,
45911626,28509,13923,34,-25,968,
45911631,28531,13923,33,-26,967,
45911636,28544,13931,33,-26,967,
45911641,28553,13931,32,-26,968,
45911646,28563,13931,32,-26,969,
45911651,28581,13940,32,-26,973,
45911656,28604,13940,32,-26,976,
45911661,28631,13951,32,-26,977,
45911666,28658,13961,32,-26,975,
45911671,28682,13971,32,-26,974,
45911676,28701,13979,32,-26,971,
45911681,28714,13979,32,-26,971,
45911686,28722,13979,32,-26,970,
45911691,28722,13979,32,-26,969,
45911696,28722,13979,32,-26,968,
45911701,28722,13979,32,-26,968,
45911706,28722,13979,32,-26,967,
45911711,28732,13979,32,-26,966,
45911716,28732,13979,32,-26,965,
45911721,28732,13979,32,-26,966,
45911726,28732,13979,32,-26,965,
45911731,28732,13979,32,-26,963,
45911736,28732,13979,32,-26,962,
45911741,28732,13979,32,-26,960,
45911746,28732,13979,32,-26,957,
45911751,28732,13979,32,-26,954,
45911756,28732,13979,32,-26,952,
45911761,28732,13979,32,-26,951,
45911766,28732,13979,32,-26,948,
45911771,28732,13979,32,-26,944,
45911776,28732,13979,32,-26,941,
45911781,28732,13979,32,-26,937,
45911786,28732,13979,32,-26,932,
45911791,28732,13979,32,-26,925,
45911796,28732,13979,32,-26,917,
45911801,28732,13979,32,-26,905,
45911806,28732,13979,32,-26,891,
45911811,28732,13979,32,-26,876,
45911816,28732,13979,32,-26,859,
45911821,28732,13979,32,-26,840,
45911826,28732,13979,32,-26,819,
45911831,28732,13979,33,-26,795,
45911836,28732,13979,33,-26,764,
45911841,28732,13979,34,-25,732,
45911846,28732,13979,34,-25,691,
45911851,28732,13979,34,-25,644,
45911856,28732,13979,34,-25,593,
45911861,28732,13979,34,-25,529,
45911866,28725,13979,34,-25,459,
45911871,28725,13979,34,-25,368,
45911876,28717,13979,34,-25,262,
45911881,28710,13979,34,-25,142,
45911886,28697,13979,34,-25,17,
45911891,28697,13979,34,-25,0,
45911896,28653,14011,34,-25,0,
45911901,28629,14046,34,-25,0,
45911906,28608,14099,34,-25,0,
45911911,28590,14164,34,-25,0,
45911916,28574,14238,34,-25,0,
45911921,28558,14323,35,-26,0,
45911926,28542,14413,35,-26,0,
45911931,28528,14507,37,-25,0,
45911936,28513,14609,37,-26,0,
45911941,28498,14712,37,-26,0,
45911946,28481,14821,38,-27,0,
45911951,28464,14939,40,-29,0,
45911956,28455,15064,41,-30,0,
45911961,28455,15202,42,-31,0,
45911966,28455,15352,43,-31,0,
45911971,28455,15512,44,-31,0,
45911976,28455,15680,47,-29,0,
45911981,28463,15846,47,-29,0,
45911986,28474,16010,49,-27,0,
45911991,28489,16170,49,-27,0,
45911996,28508,16327,50,-29,0,
45912001,28527,16490,52,-28,0,
45912006,28540,16662,51,-29,0,
45912011,28556,16840,52,-30,0,
45912016,28572,17027,54,-32,0,
45912021,28587,17228,53,-34,0,
45912026,28604,17437,55,-34,0,
45912031,28617,17655,54,-32,0,
45912036,28630,17871,56,-29,0,
45912041,28645,18082,55,-28,0,
45912046,28664,18288,54,-27,0,
45912051,28685,18491,55,-29,0,
45912056,28706,18701,52,-31,0,
45912061,28723,18912,52,-34,0,
45912066,28732,19124,49,-37,0,
45912071,28732,19344,50,-39,0,
45912076,28732,19557,48,-39,0,
45912081,28716,19760,49,-38,0,
45912086,28689,19947,50,-35,0,
45912091,28654,20103,48,-34,0,
45912096,28608,20239,48,-31,0,
45912101,28561,20357,47,-29,0,
45912106,28508,20466,47,-29,0,
45912111,28451,20569,49,-30,0,
45912116,28390,20667,48,-31,0,
45912121,28323,20762,50,-32,0,
45912126,28257,20849,50,-32,0,
45912131,28191,20928,50,-32,0,
45912136,28121,20997,51,-32,0,
45912141,28054,21054,52,-30,0,
45912146,27985,21103,55,-29,0,
45912151,27917,21144,55,-28,0,
45912156,27856,21176,56,-29,0,
45912161,27794,21205,58,-29,0,
45912166,27734,21231,60,-31,0,
45912171,27678,21256,61,-32,0,
45912176,27622,21284,62,-33,0,
45912181,27573,21312,63,-33,0,
45912186,27528,21341,64,-35,0,
45912191,27487,21370,64,-34,0,
45912196,27454,21401,66,-35,0,
45912201,27429,21431,68,-34,0,
45912206,27412,21464,69,-34,0,
45912211,27412,21494,71,-34,0,
45912216,27412,21521,73,-34,0,
45912221,27412,21553,72,-35,0,
45912226,27431,21581,74,-34,0,
45912231,27449,21615,74,-34,0,
45912236,27477,21648,73,-32,0,
45912241,27507,21681,73,-32,0,
45912246,27537,21713,74,-31,0,
45912251,27565,21738,75,-28,0,
45912256,27589,21760,75,-28,0,
45912261,27609,21780,75,-27,0,
45912266,27626,21797,73,-25,0,
45912271,27646,21815,73,-24,0,
45912276,27665,21834,72,-23,0,
45912281,27683,21853,73,-21,0,
45912286,27701,21875,72,-20,0,
45912291,27717,21900,72,-19,0,
45912296,27732,21923,71,-17,0,
45912301,27746,21945,70,-17,0,
45912306,27756,21964,70,-15,0,
45912311,27756,21979,69,-14,0,
45912316,27756,21995,69,-14,0,
45912321,27756,22007,67,-14,0,
45912326,27756,22017,67,-15,0,
45912331,27756,22017,66,-16,0,
45912336,27742,22028,66,-16,0,
45912341,27731,22028,66,-16,0,
45912346,27715,22043,64,-17,0,
45912351,27700,22052,64,-18,0,
45912356,27684,22061,62,-17,0,
45912361,27666,22069,62,-17,0,
45912366,27649,22076,62,-19,0,
45912371,27631,22086,62,-19,0,
45912376,27615,22097,62,-19,0,
45912381,27602,22109,62,-20,0,
45912386,27592,22124,62,-20,0,
45912391,27585,22138,62,-20,0,
45912396,27585,22153,62,-20,0,
45912401,27574,22170,63,-21,0,
45912406,27574,22184,63,-21,0,
45912411,27574,22197,61,-22,0,
45912416,27567,22208,61,-22,0,
45912421,27567,22216,59,-23,0,
45912426,27567,22225,59,-23,0,
45912431,27567,22236,59,-23,0,
45912436,27567,22246,59,-23,0,
45912441,27576,22256,58,-24,0,
45912446,27576,22266,57,-24,0,
45912451,27589,22276,57,-24,0,
45912456,27598,22289,57,-25,0,
45912461,27605,22304,56,-26,0,
45912466,27615,22318,56,-26,0,
45912471,27624,22331,54,-26,0,
45912476,27631,22343,54,-26,0,
45912481,27640,22354,53,-27,0,
45912486,27640,22365,53,-27,0,
45912491,27653,22372,53,-28,0,
45912496,27662,22379,52,-28,0,
45912501,27662,22387,52,-28,0,
45912506,27670,22396,50,-29,0,
45912511,27670,22407,50,-29,0,
45912516,27670,22418,50,-29,0,
45912521,27677,22426,50,-29,0,
45912526,27677,22426,50,-30,0,
45912531,27677,22435,49,-30,0,
45912536,27677,22435,49,-30,0,
45912541,27677,22435,47,-31,0,
45912546,27677,22435,47,-31,0,
45912551,27677,22435,47,-31,0,
45912556,27677,22444,47,-31,0,
45912561,27677,22444,47,-31,0,
45912566,27669,22444,45,-31,0,
45912571,27669,22444,45,-31,0,
45912576,27661,22444,44,-32,0,
45912582,27661,22444,44,-32,16,
45912587,27661,22433,44,-32,39,
45912592,27661,22433,44,-32,60,
45912597,27654,22422,44,-32,79,
45912602,27654,22422,44,-32,104,
45912607,27654,22410,44,-32,123,
45912612,27654,22410,44,-32,140,
45912617,27663,22393,44,-32,163,
45912622,27663,22377,44,-32,203,
45912627,27676,22359,44,-32,233,
45912632,27684,22335,44,-32,234,
45912637,27692,22309,44,-32,249,
45912642,27701,22282,44,-32,267,
45912647,27708,22252,44,-32,280,
45912652,27708,22215,44,-31,297,
45912657,27720,22175,44,-31,327,
45912662,27720,22128,44,-31,350,
45912667,27729,22077,44,-31,378,
45912672,27729,22022,44,-31,402,
45912677,27740,21964,44,-31,428,
45912682,27747,21903,45,-29,442,
45912687,27747,21842,45,-29,458,
45912692,27757,21785,45,-29,462,
45912697,27764,21733,44,-28,478,
45912702,27764,21683,44,-28,493,
45912707,27778,21629,42,-28,504,
45912712,27786,21571,43,-27,519,
45912717,27793,21510,43,-27,529,
45912722,27801,21451,43,-27,548,
45912727,27809,21395,43,-27,550,
45912732,27818,21344,43,-27,563,
45912737,27827,21295,43,-27,574,
45912742,27827,21245,43,-27,573,
45912747,27834,21198,43,-27,574,
45912752,27834,21149,43,-27,580,
45912757,27841,21097,43,-27,602,
45912762,27841,21046,43,-27,619,
45912767,27853,20990,43,-27,621,
45912772,27853,20932,43,-27,621,
45912777,27862,20874,43,-27,630,
45912782,27862,20808,43,-27,647,
45912787,27871,20745,43,-27,650,
45912792,27871,20686,43,-27,653,
45912797,27879,20625,43,-27,658,
45912802,27879,20568,42,-26,666,
45912807,27887,20509,42,-26,672,
45912812,27887,20446,42,-26,674,
45912817,27895,20384,42,-26,685,
45912822,27895,20320,43,-25,690,
45912827,27908,20256,43,-25,696,
45912832,27916,20195,43,-25,703,
45912837,27924,20132,43,-24,700,
45912842,27924,20067,43,-24,700,
45912847,27936,20000,43,-24,711,
45912852,27945,19928,43,-22,711,
45912857,27955,19857,43,-22,711,
45912862,27963,19787,43,-22,709,
45912867,27972,19718,43,-21,712,
45912872,27979,19646,43,-21,709,
45912877,27979,19578,43,-21,710,
45912882,27996,19510,44,-20,711,
45912887,28004,19441,42,-20,711,
45912892,28012,19372,42,-20,712,
45912897,28012,19304,41,-20,711,
45912902,28020,19237,41,-20,714,
45912907,28020,19171,41,-20,720,
45912912,28027,19107,41,-20,726,
45912917,28027,19044,41,-20,731,
45912922,28037,18981,41,-20,734,
45912927,28044,18918,41,-20,733,
45912932,28044,18853,41,-20,749,
45912937,28044,18785,41,-20,760,
45912942,28053,18720,41,-20,762,
45912947,28053,18656,41,-20,764,
45912952,28066,18596,40,-21,763,
45912957,28075,18535,40,-21,766,
45912962,28082,18470,40,-21,772,
45912967,28082,18407,40,-21,770,
45912972,28082,18347,40,-21,768,
45912977,28092,18290,40,-21,767,
45912982,28092,18240,40,-21,769,
45912987,28103,18191,41,-20,769,
45912992,28113,18142,41,-20,769,
45912997,28113,18096,41,-20,769,
45913002,28121,18053,41,-20,770,
45913007,28128,18014,41,-20,770,
45913012,28135,17975,40,-18,772,
45913017,28135,17931,40,-18,776,
45913022,28144,17886,40,-18,778,
45913027,28144,17841,40,-18,778,
45913032,28144,17797,40,-18,781,
45913037,28144,17758,40,-17,780,
45913042,28144,17722,40,-17,784,
45913047,28144,17687,40,-17,787,
45913052,28144,17656,41,-16,786,
45913057,28144,17625,41,-16,787,
45913062,28144,17596,41,-16,787,
45913067,28144,17568,41,-16,785,
45913072,28144,17538,41,-15,784,
45913077,28137,17507,41,-15,786,
45913082,28137,17473,41,-15,787,
45913087,28128,17435,40,-14,791,
45913092,28128,17399,40,-14,793,
45913097,28128,17365,40,-14,792,
45913102,28128,17335,40,-14,791,
45913107,28128,17305,41,-15,793,
45913112,28118,17278,41,-15,792,
45913117,28118,17252,41,-15,790,
45913122,28118,17223,41,-15,790,
45913127,28118,17194,41,-16,800,
45913132,28118,17159,41,-16,804,
45913137,28129,17119,41,-16,805,
45913142,28129,17075,40,-17,806,
45913147,28129,17031,40,-17,808,
45913152,28129,16990,40,-17,807,
45913157,28129,16948,40,-17,809,
45913162,28129,16909,40,-18,813,
45913167,28129,16871,40,-18,810,
45913172,28137,16831,40,-18,810,
45913177,28137,16789,40,-18,812,
45913182,28144,16746,40,-18,813,
45913187,28144,16701,40,-18,813,
45913192,28151,16658,40,-18,815,
45913197,28151,16619,40,-17,814,
45913202,28151,16580,40,-17,813,
45913207,28151,16540,40,-17,811,
45913212,28151,16499,40,-17,813,
45913217,28158,16454,40,-17,814,
45913222,28158,16410,40,-17,814,
45913227,28158,16361,41,-16,816,
45913232,28158,16310,41,-16,819,
45913237,28166,16257,41,-16,819,
45913242,28166,16204,41,-16,819,
45913247,28166,16154,41,-16,817,
45913252,28166,16110,41,-16,816,
45913257,28166,16069,41,-16,816,
45913262,28166,16029,41,-15,814,
45913267,28166,15987,41,-15,816,
45913272,28173,15946,41,-15,819,
45913277,28173,15909,41,-15,816,
45913282,28173,15871,41,-15,817,
45913287,28180,15838,41,-15,821,
45913292,28180,15800,41,-15,821,
45913297,28190,15755,40,-14,823,
45913302,28190,15711,40,-14,823,
45913307,28190,15665,40,-14,825,
45913312,28190,15627,40,-14,829,
45913317,28190,15591,41,-12,829,
45913322,28190,15557,41,-12,827,
45913327,28190,15526,41,-12,833,
45913332,28190,15491,41,-11,834,
45913337,28190,15460,41,-11,834,
45913342,28190,15430,41,-11,834,
45913347,28190,15403,41,-11,835,
45913352,28199,15372,41,-10,834,
45913357,28199,15342,41,-10,833,
45913362,28199,15317,41,-10,837,
45913367,28199,15294,41,-10,833,
45913372,28199,15275,41,-10,832,
45913377,28199,15249,41,-10,833,
45913382,28208,15215,41,-11,834,
45913387,28208,15179,41,-11,833,
45913392,28208,15141,41,-11,833,
45913397,28208,15109,41,-12,833,
45913402,28208,15077,41,-12,833,
45913407,28208,15039,41,-12,833,
45913412,28216,15004,40,-14,832,
45913417,28216,14969,40,-14,833,
45913422,28216,14935,40,-14,832,
45913427,28216,14905,41,-15,831,
45913432,28216,14870,41,-15,836,
45913437,28226,14834,41,-15,834,
45913442,28226,14800,41,-16,834,
45913447,28226,14765,41,-16,835,
45913452,28234,14736,41,-15,835,
45913457,28242,14706,41,-15,834,
45913462,28250,14674,41,-15,836,
45913467,28250,14642,41,-15,833,
45913472,28261,14610,41,-15,833,
45913477,28261,14577,40,-14,831,
45913482,28268,14543,40,-14,826,
45913487,28268,14508,40,-14,827,
45913492,28276,14468,40,-14,826,
45913497,28276,14431,41,-12,822,
45913502,28276,14402,41,-12,819,
45913507,28286,14380,41,-12,818,
45913512,28286,14361,41,-12,817,
45913517,28297,14343,41,-12,817,
45913522,28308,14317,41,-12,820,
45913527,28316,14283,41,-12,818,
45913532,28316,14250,41,-12,818,
45913537,28316,14222,41,-12,816,
45913542,28316,14201,41,-12,813,
45913547,28326,14188,41,-12,806,
45913552,28326,14178,41,-11,793,
45913557,28326,14168,41,-11,781,
45913562,28326,14168,41,-11,768,
45913567,28326,14160,41,-11,755,
45913572,28326,14160,41,-11,737,
45913577,28335,14160,41,-11,720,
45913582,28335,14151,41,-11,702,
45913587,28335,14151,41,-11,685,
45913592,28335,14144,41,-11,667,
45913597,28335,14144,41,-11,653,
45913602,28335,14134,41,-11,641,
45913607,28335,14125,41,-11,624,
45913612,28335,14112,41,-11,605,
45913617,28335,14095,41,-11,590,
45913622,28335,14076,41,-11,571,
45913627,28335,14053,41,-11,557,
45913632,28335,14024,41,-11,518,
45913637,28344,13990,41,-10,506,
45913642,28344,13954,41,-10,470,
45913647,28344,13920,41,-10,451,
45913652,28344,13893,41,-10,423,
45913657,28352,13874,41,-10,375,
45913662,28352,13863,42,-8,304,
45913667,28361,13863,42,-8,242,
45913672,28370,13863,42,-8,177,
45913677,28379,13884,42,-8,123,
45913682,28392,13916,42,-8,38,
45913687,28392,13916,42,-8,0,
45913692,28442,14044,42,-8,0,
45913697,28473,14143,42,-8,0,
45913702,28502,14259,42,-8,0,
45913707,28518,14388,42,-8,0,
45913712,28518,14529,42,-8,0,
45913717,28518,14677,42,-8,0,
45913722,28506,14836,41,-10,0,
45913727,28492,15005,41,-11,0,
45913732,28480,15184,41,-12,0,
45913737,28480,15374,42,-12,0,
45913742,28480,15575,42,-12,0,
45913747,28495,15783,44,-12,0,
45913752,28517,15995,45,-12,0,
45913757,28540,16210,46,-13,0,
45913762,28573,16434,47,-14,0,
45913767,28611,16672,49,-17,0,
45913772,28659,16922,50,-20,0,
45913777,28659,16922,50,-20,0,
