46456223,20734,21482,-76,-42,0,
46456228,20720,21482,-77,-41,0,
46456233,20694,21460,-77,-41,0,
46456238,20656,21432,-77,-41,0,
46456243,20602,21396,-77,-39,0,
46456248,20551,21355,-77,-39,0,
46456253,20501,21315,-77,-39,0,
46456258,20457,21275,-77,-39,0,
46456263,20420,21236,-78,-38,0,
46456268,20392,21200,-78,-36,0,
46456273,20375,21163,-76,-35,0,
46456278,20363,21131,-76,-35,0,
46456283,20363,21101,-75,-35,0,
46456288,20363,21074,-74,-33,0,
46456293,20363,21056,-73,-32,0,
46456298,20354,21042,-72,-32,0,
46456303,20340,21030,-71,-31,0,
46456308,20319,21019,-69,-31,0,
46456313,20292,20997,-69,-29,0,
46456318,20256,20972,-68,-27,0,
46456323,20209,20942,-66,-27,0,
46456328,20149,20907,-65,-26,0,
46456333,20081,20871,-64,-26,0,
46456338,20017,20826,-63,-25,0,
46456343,19962,20778,-62,-23,0,
46456348,19918,20728,-60,-23,0,
46456353,19890,20678,-59,-22,0,
46456358,19871,20631,-58,-21,0,
46456363,19863,20588,-57,-20,0,
46456368,19863,20539,-56,-19,0,
46456373,19874,20495,-55,-18,0,
46456378,19882,20453,-53,-16,0,
46456383,19882,20415,-53,-15,0,
46456388,19890,20389,-52,-14,0,
46456393,19890,20369,-51,-11,0,
46456398,19879,20360,-50,-10,0,
46456403,19864,20360,-50,-9,0,
46456408,19841,20360,-49,-6,0,
46456413,19813,20380,-49,-6,0,
46456418,19788,20400,-49,-6,0,
46456423,19766,20425,-48,-5,0,
46456428,19747,20450,-48,-3,0,
46456433,19730,20473,-47,-3,0,
46456438,19717,20492,-47,-2,0,
46456443,19709,20510,-47,-2,0,
46456448,19709,20523,-47,-2,0,
46456453,19721,20533,-47,-2,0,
46456458,19743,20546,-47,-2,0,
46456463,19776,20561,-47,-2,0,
46456468,19819,20576,-47,-2,0,
46456473,19867,20591,-47,-2,0,
46456478,19919,20600,-47,-2,0,
46456483,19972,20600,-47,-2,0,
46456488,20024,20600,-47,-3,0,
46456493,20072,20600,-47,-3,0,
46456498,20113,20593,-47,-3,0,
46456503,20152,20581,-47,-3,0,
46456508,20188,20568,-48,-3,0,
46456513,20221,20555,-49,-3,0,
46456518,20255,20540,-51,-3,0,
46456523,20283,20526,-51,-3,0,
46456528,20308,20511,-52,-2,0,
46456533,20333,20494,-52,-2,0,
46456538,20357,20481,-54,-1,0,
46456543,20382,20470,-54,-1,0,
46456548,20404,20470,-55,0,0,
46456553,20425,20470,-55,0,0,
46456558,20446,20470,-55,0,0,
46456563,20469,20461,-56,0,0,
46456568,20494,20454,-56,0,0,
46456573,20515,20444,-58,0,0,
46456578,20532,20432,-58,0,0,
46456583,20532,20419,-58,0,0,
46456588,20532,20406,-58,0,0,
46456593,20532,20391,-58,0,0,
46456598,20532,20377,-58,0,0,
46456603,20516,20367,-56,0,0,
46456608,20503,20360,-56,0,0,
46456613,20490,20360,-55,0,0,
46456618,20479,20360,-55,0,0,
46456623,20470,20360,-55,0,0,
46456628,20470,20368,-55,0,0,
46456633,20461,20368,-55,0,0,
46456638,20461,20375,-55,0,0,
46456643,20461,20375,-55,0,0,
46456648,20461,20375,-55,0,0,
46456653,20461,20384,-55,0,0,
46456658,20470,20384,-55,0,0,
46456663,20478,20384,-55,0,0,
46456668,20478,20384,-54,0,0,
46456673,20492,20384,-54,0,0,
46456678,20504,20384,-52,0,0,
46456683,20517,20384,-52,0,0,
46456688,20530,20375,-52,0,0,
46456693,20543,20375,-52,0,0,
46456698,20555,20375,-52,0,0,
46456703,20568,20375,-52,0,0,
46456708,20582,20375,-52,0,0,
46456713,20595,20375,-52,0,0,
46456718,20607,20375,-52,0,0,
46456723,20617,20384,-52,0,0,
46456728,20627,20391,-52,0,0,
46456733,20637,20401,-52,0,0,
46456738,20647,20412,-52,0,0,
46456743,20654,20426,-52,0,0,
46456748,20654,20440,-52,0,0,
46456753,20654,20452,-52,0,0,
46456758,20654,20461,-52,0,0,
46456763,20654,20461,-52,0,0,
46456768,20654,20461,-52,0,0,
46456773,20654,20461,-52,0,0,
46456778,20654,20461,-52,0,0,
46456783,20654,20469,-52,0,0,
46456788,20654,20469,-52,0,0,
46456793,20647,20478,-52,0,0,
46456798,20647,20478,-52,0,0,
46456803,20647,20489,-52,0,0,
46456808,20647,20497,-52,0,0,
46456813,20647,20507,-52,0,0,
46456818,20647,20517,-52,0,0,
46456823,20647,20529,-52,0,0,
46456828,20647,20542,-52,0,0,
46456833,20647,20556,-52,0,0,
46456838,20647,20570,-52,0,0,
46456843,20639,20583,-52,0,0,
46456848,20639,20593,-52,0,0,
46456853,20646,20600,-52,0,0,
46456858,20646,20608,-52,0,0,
46456863,20646,20615,-52,0,0,
46456868,20655,20615,-52,0,0,
46456873,20655,20626,-52,0,0,
46456878,20670,20626,-52,0,0,
46456883,20680,20626,-52,0,0,
46456888,20688,20633,-52,0,0,
46456893,20695,20633,-52,0,0,
46456898,20702,20645,-52,0,0,
46456903,20709,20653,-52,0,0,
46456908,20717,20663,-52,0,0,
46456913,20717,20675,-52,0,0,
46456918,20728,20689,-52,0,0,
46456923,20728,20705,-52,0,0,
46456928,20736,20722,-52,0,0,
46456933,20736,20738,-52,0,0,
46456938,20746,20757,-52,0,0,
46456943,20746,20778,-52,0,0,
46456948,20754,20799,-52,0,0,
46456953,20754,20819,-52,0,0,
46456958,20766,20837,-52,0,0,
46456963,20773,20855,-52,0,0,
46456968,20781,20873,-52,0,0,
46456973,20789,20894,-52,0,0,
46456978,20797,20917,-52,0,0,
46456983,20808,20937,-52,0,0,
46456988,20824,20956,-52,0,0,
46456993,20842,20974,-52,0,0,
46456998,20860,20990,-52,0,0,
46456998,20860,20990,-52,0,7,
46457003,20893,21029,-52,0,24,
46457008,20906,21050,-52,0,42,
46457013,20919,21070,-52,0,45,
46457018,20930,21092,-52,0,39,
46457023,20930,21111,-52,0,55,
46457028,20937,21128,-52,0,80,
46457033,20937,21145,-52,-2,97,
46457038,20937,21155,-52,-2,120,
46457043,20937,21155,-52,-2,152,
46457048,20937,21168,-52,-2,189,
46457053,20937,21168,-52,-2,225,
46457058,20929,21177,-52,-3,254,
46457063,20929,21177,-52,-3,279,
46457068,20929,21177,-52,-3,307,
46457073,20929,21177,-52,-3,335,
46457078,20929,21177,-52,-3,358,
46457083,20929,21177,-52,-3,375,
46457088,20929,21177,-52,-3,389,
46457093,20929,21177,-52,-4,401,
46457098,20929,21177,-52,-4,414,
46457103,20929,21177,-52,-4,427,
46457108,20929,21169,-52,-4,435,
46457113,20929,21169,-52,-4,446,
46457118,20929,21159,-52,-4,460,
46457123,20929,21151,-52,-4,475,
46457128,20929,21141,-52,-4,486,
46457133,20929,21131,-52,-4,496,
46457138,20929,21120,-52,-4,504,
46457143,20929,21106,-52,-4,522,
46457148,20929,21088,-52,-4,544,
46457153,20929,21069,-52,-4,553,
46457158,20929,21048,-52,-4,556,
46457163,20922,21024,-52,-4,563,
46457168,20922,21003,-52,-4,574,
46457173,20914,20983,-52,-4,581,
46457178,20914,20961,-52,-4,583,
46457183,20914,20943,-52,-4,583,
46457188,20914,20920,-52,-3,592,
46457193,20914,20898,-52,-3,599,
46457198,20914,20876,-52,-3,611,
46457203,20906,20857,-52,-3,616,
46457208,20906,20839,-52,-3,618,
46457213,20906,20819,-51,-3,619,
46457218,20906,20796,-51,-3,626,
46457223,20899,20768,-49,-3,632,
46457228,20899,20738,-49,-2,641,
46457233,20899,20709,-49,-2,651,
46457238,20899,20684,-49,-2,657,
46457243,20899,20664,-49,-2,659,
46457248,20899,20647,-49,-2,662,
46457253,20891,20632,-49,-2,667,
46457258,20891,20613,-49,-2,681,
46457263,20891,20590,-49,-2,685,
46457268,20891,20563,-49,0,687,
46457273,20891,20531,-49,0,685,
46457278,20891,20496,-49,0,685,
46457283,20891,20457,-49,0,691,
46457288,20891,20419,-49,0,694,
46457293,20891,20383,-49,0,696,
46457298,20891,20347,-49,0,694,
46457303,20898,20312,-49,0,694,
46457308,20898,20276,-49,0,693,
46457313,20898,20240,-49,0,694,
46457318,20898,20208,-49,0,700,
46457323,20898,20181,-49,0,703,
46457328,20898,20154,-50,0,702,
46457333,20898,20129,-50,0,702,
46457338,20898,20103,-50,0,703,
46457343,20898,20081,-50,0,711,
46457348,20898,20065,-50,0,717,
46457353,20898,20052,-50,0,717,
46457358,20898,20039,-50,0,717,
46457363,20898,20019,-50,0,717,
46457368,20898,19984,-50,0,717,
46457373,20898,19939,-50,0,722,
46457378,20911,19892,-50,0,721,
46457383,20924,19844,-50,0,720,
46457388,20934,19805,-50,0,725,
46457393,20934,19773,-50,0,726,
46457398,20941,19742,-50,0,724,
46457403,20941,19707,-50,0,723,
46457408,20941,19668,-50,0,724,
46457413,20941,19628,-49,0,726,
46457418,20941,19594,-49,0,732,
46457423,20950,19567,-49,0,732,
46457428,20950,19542,-49,0,729,
46457433,20950,19513,-49,2,730,
46457438,20950,19474,-49,2,730,
46457443,20950,19433,-49,2,731,
46457448,20950,19391,-49,3,730,
46457453,20958,19351,-49,2,735,
46457458,20958,19312,-49,2,735,
46457463,20958,19273,-49,2,734,
46457468,20958,19237,-49,2,743,
46457473,20958,19202,-49,2,748,
46457478,20958,19172,-49,2,750,
46457483,20958,19143,-49,2,749,
46457488,20958,19112,-49,2,748,
46457493,20958,19084,-49,0,748,
46457498,20958,19057,-49,0,752,
46457503,20958,19034,-49,0,755,
46457508,20958,19009,-49,0,749,
46457513,20958,18981,-49,0,744,
46457518,20958,18947,-49,0,744,
46457523,20970,18910,-49,0,750,
46457528,20970,18874,-49,0,756,
46457533,20970,18839,-49,0,755,
46457538,20970,18808,-49,0,756,
46457543,20970,18780,-49,0,761,
46457548,20970,18753,-49,2,765,
46457553,20977,18728,-49,2,764,
46457558,20977,18703,-49,2,763,
46457563,20977,18675,-49,2,763,
46457568,20977,18644,-49,3,761,
46457573,20977,18606,-49,3,760,
46457578,20977,18570,-49,3,764,
46457583,20988,18538,-49,3,769,
46457588,20988,18511,-49,4,770,
46457593,20988,18490,-49,4,769,
46457598,20988,18465,-49,4,769,
46457603,20988,18435,-49,4,769,
46457608,20988,18400,-49,4,770,
46457613,20988,18360,-49,6,770,
46457618,20981,18323,-49,6,769,
46457623,20981,18284,-49,6,774,
46457628,20981,18246,-49,6,781,
46457633,20974,18208,-49,6,778,
46457638,20974,18169,-49,6,779,
46457643,20974,18128,-49,6,779,
46457648,20974,18092,-49,6,787,
46457653,20974,18062,-49,6,789,
46457658,20974,18034,-49,6,786,
46457663,20974,18010,-49,6,784,
46457668,20981,17981,-49,6,783,
46457673,20981,17954,-49,6,784,
46457678,20981,17924,-49,6,785,
46457683,20981,17896,-49,6,783,
46457688,20981,17868,-49,8,784,
46457693,20981,17840,-49,8,784,
46457698,20981,17811,-49,8,784,
46457703,20981,17781,-49,8,783,
46457708,20981,17752,-49,8,784,
46457713,20981,17722,-50,9,784,
46457718,20981,17690,-50,9,785,
46457723,20981,17656,-50,9,794,
46457728,20981,17621,-50,9,793,
46457733,20989,17587,-50,9,793,
46457738,20989,17560,-50,10,792,
46457743,20989,17538,-50,10,793,
46457748,20999,17514,-50,10,793,
46457753,21006,17489,-50,10,796,
46457758,21006,17466,-48,11,804,
46457763,21006,17444,-48,12,803,
46457768,21006,17425,-46,12,796,
46457773,21006,17401,-46,12,791,
46457778,21006,17366,-46,12,796,
46457783,21006,17328,-46,13,807,
46457788,21006,17290,-46,13,805,
46457793,21006,17255,-46,13,803,
46457798,21006,17229,-46,13,804,
46457803,21006,17198,-46,12,800,
46457808,21006,17165,-46,12,799,
46457813,21006,17131,-46,12,802,
46457818,21006,17095,-46,12,802,
46457823,21006,17064,-46,12,807,
46457828,21006,17037,-46,12,805,
46457833,21006,17011,-46,12,799,
46457838,21013,16984,-47,10,792,
46457843,21013,16955,-47,10,805,
46457848,21013,16924,-47,10,805,
46457853,21022,16893,-47,10,802,
46457858,21022,16863,-47,10,805,
46457863,21029,16835,-47,10,809,
46457868,21029,16813,-47,10,807,
46457873,21036,16793,-47,10,803,
46457878,21036,16774,-47,10,796,
46457883,21036,16752,-47,10,807,
46457888,21036,16726,-46,12,809,
46457893,21036,16700,-46,12,806,
46457898,21036,16675,-46,12,804,
46457903,21036,16650,-46,12,801,
46457908,21043,16624,-46,13,797,
46457913,21043,16595,-46,13,799,
46457918,21043,16566,-46,13,807,
46457923,21043,16540,-46,13,807,
46457928,21043,16521,-46,13,804,
46457933,21050,16506,-46,14,804,
46457938,21050,16494,-46,14,802,
46457943,21050,16477,-46,14,797,
46457948,21057,16453,-46,14,796,
46457953,21057,16426,-46,14,793,
46457958,21067,16395,-46,14,793,
46457963,21067,16364,-45,15,790,
46457968,21067,16335,-45,15,787,
46457973,21067,16306,-45,15,781,
46457978,21067,16280,-45,15,783,
46457983,21078,16257,-45,15,783,
46457988,21078,16234,-45,15,780,
46457993,21078,16213,-45,15,778,
46457998,21086,16197,-45,15,781,
46458003,21086,16180,-45,15,783,
46458008,21086,16164,-45,15,779,
46458013,21086,16153,-45,15,772,
46458018,21086,16138,-46,17,767,
46458023,21094,16121,-46,17,766,
46458028,21094,16101,-46,17,765,
46458033,21094,16078,-46,17,763,
46458038,21094,16051,-46,17,762,
46458043,21094,16029,-46,17,768,
46458048,21103,16014,-46,17,770,
46458053,21103,15999,-46,17,768,
46458058,21103,15984,-46,17,764,
46458063,21114,15967,-46,17,766,
46458068,21114,15949,-46,17,775,
46458073,21114,15931,-46,17,777,
46458078,21122,15918,-46,17,777,
46458083,21122,15907,-46,17,779,
46458088,21122,15899,-46,18,781,
46458093,21122,15892,-46,18,781,
46458098,21122,15884,-46,18,784,
46458103,21129,15875,-46,18,784,
46458108,21129,15862,-46,18,781,
46458113,21129,15847,-46,18,780,
46458118,21129,15829,-46,18,784,
46458123,21141,15806,-46,18,787,
46458128,21141,15779,-46,18,778,
46458133,21151,15749,-46,18,783,
46458138,21151,15720,-46,18,796,
46458143,21159,15693,-46,18,793,
46458148,21159,15669,-46,18,769,
46458153,21168,15648,-46,19,758,
46458158,21168,15629,-46,19,756,
46458163,21168,15616,-46,19,734,
46458168,21175,15608,-46,19,697,
46458173,21175,15608,-46,19,641,
46458178,21175,15608,-46,19,574,
46458183,21175,15608,-46,19,502,
46458188,21175,15608,-46,19,430,
46458193,21175,15608,-46,19,347,
46458198,21175,15616,-46,19,242,
46458203,21163,15616,-46,19,120,
46458208,21163,15623,-46,19,39,
46458213,21163,15623,-46,20,0,
46458218,21130,15630,-46,20,0,
46458223,21113,15630,-46,20,0,
46458228,21097,15640,-46,20,0,
46458233,21086,15647,-46,20,0,
46458238,21086,15647,-46,20,0,
46458243,21078,15647,-46,20,0,
46458248,21078,15654,-46,20,0,
46458253,21078,15654,-46,20,0,
46458258,21078,15661,-46,20,0,
46458263,21078,15661,-49,22,0,
46458268,21070,15670,-49,22,0,
46458273,21061,15670,-49,22,0,
46458278,21054,15670,-49,22,0,
46458283,21045,15670,-49,21,0,
46458288,21045,15661,-50,23,0,
46458293,21045,15653,-50,22,0,
46458298,21035,15645,-50,22,0,
46458303,21035,15635,-53,23,0,
46458308,21035,15623,-53,23,0,
46458313,21028,15611,-53,22,0,
46458318,21028,15596,-53,22,0,
46458323,21028,15581,-54,25,0,
46458328,21037,15568,-54,25,0,
46458333,21037,15555,-54,25,0,
46458338,21045,15544,-54,25,0,
46458343,21045,15533,-54,25,0,
46458348,21060,15521,-54,25,0,
46458353,21070,15511,-54,25,0,
46458358,21079,15503,-54,25,0,
46458363,21088,15503,-53,22,0,
46458368,21095,15494,-53,23,0,
46458373,21095,15494,-53,23,0,
46458378,21106,15494,-51,24,0,
46458383,21106,15494,-51,24,0,
46458388,21106,15494,-51,24,0,
46458393,21106,15494,-51,24,0,
46458398,21106,15501,-51,24,0,
46458403,21106,15501,-51,24,0,
46458408,21106,15509,-51,24,0,
46458413,21106,15509,-51,24,0,
46458418,21106,15518,-51,24,0,
46458423,21106,15518,-51,24,0,
46458428,21106,15530,-50,22,0,
46458433,21106,15530,-50,22,0,
46458438,21106,15541,-50,23,0,
46458443,21106,15548,-50,23,0,
46458448,21106,15556,-49,22,0,
46458453,21106,15564,-49,22,0,
46458458,21114,15571,-49,22,0,
46458463,21114,15571,-49,22,0,
46458468,21114,15581,-49,22,0,
46458473,21114,15581,-49,22,0,
46458478,21121,15589,-49,22,0,
46458483,21121,15589,-49,22,0,
46458488,21121,15598,-49,22,0,
46458493,21130,15598,-49,22,0,
46458498,21130,15608,-49,22,0,
46458503,21130,15608,-48,20,0,
46458508,21130,15620,-46,20,0,
46458513,21130,15620,-46,20,0,
46458518,21139,15631,-46,20,0,
46458523,21139,15631,-46,20,0,
46458528,21148,15640,-46,20,0,
46458533,21148,15640,-46,19,0,
46458538,21148,15640,-46,19,20,
46458543,21155,15647,-46,19,55,
46458548,21155,15647,-46,19,91,
46458553,21155,15638,-46,19,128,
46458558,21163,15638,-46,19,168,
46458563,21163,15626,-46,19,210,
46458568,21163,15626,-46,19,251,
46458573,21163,15615,-46,19,284,
46458578,21163,15615,-46,19,309,
46458583,21163,15615,-46,19,327,
46458588,21163,15615,-46,19,347,
46458593,21163,15615,-46,19,365,
46458598,21163,15615,-46,19,389,
46458603,21155,15615,-46,19,407,
46458608,21155,15615,-46,18,429,
46458613,21144,15615,-46,18,452,
46458618,21135,15615,-46,18,484,
46458623,21123,15615,-46,18,501,
46458628,21111,15615,-46,18,516,
46458633,21101,15615,-46,18,534,
46458638,21092,15615,-45,18,553,
46458643,21079,15615,-45,18,577,
46458648,21065,15615,-43,18,605,
46458653,21052,15622,-43,18,619,
46458658,21036,15622,-43,18,626,
46458663,21023,15622,-43,18,644,
46458668,21006,15622,-43,18,673,
46458673,20986,15622,-43,18,685,
46458678,20966,15622,-43,18,696,
46458683,20945,15622,-43,18,709,
46458688,20926,15629,-43,17,724,
46458693,20907,15629,-43,17,739,
46458698,20888,15629,-43,17,754,
46458703,20867,15629,-42,17,757,
46458708,20847,15629,-42,17,770,
46458713,20826,15629,-40,17,780,
46458718,20805,15629,-40,17,795,
46458723,20781,15629,-40,17,800,
46458728,20754,15629,-40,17,799,
46458733,20726,15629,-40,17,803,
46458738,20696,15640,-40,17,805,
46458743,20670,15640,-40,17,806,
46458748,20645,15640,-40,17,806,
46458753,20617,15648,-41,16,819,
46458758,20584,15648,-39,16,825,
46458763,20549,15648,-39,16,825,
46458768,20517,15648,-38,16,822,
46458773,20487,15648,-38,16,825,
46458778,20459,15648,-38,16,847,
46458783,20431,15648,-38,16,846,
46458788,20403,15648,-38,16,842,
46458793,20375,15648,-38,16,843,
46458798,20349,15648,-38,16,851,
46458803,20323,15648,-38,16,859,
46458808,20295,15648,-38,16,859,
46458813,20261,15648,-38,16,865,
46458818,20227,15648,-38,16,874,
46458823,20190,15648,-36,16,876,
46458828,20156,15648,-36,16,874,
46458833,20125,15648,-35,16,873,
46458838,20092,15648,-35,16,877,
46458843,20059,15648,-35,15,888,
46458848,20027,15648,-35,15,885,
46458853,19994,15648,-35,15,888,
46458858,19964,15648,-35,15,897,
46458863,19937,15641,-35,15,896,
46458868,19907,15641,-35,15,906,
46458873,19877,15633,-33,15,907,
46458878,19847,15633,-33,15,905,
46458883,19817,15633,-32,15,908,
46458888,19789,15633,-32,15,909,
46458893,19762,15633,-32,14,917,
46458898,19730,15633,-32,14,928,
46458903,19692,15633,-32,14,926,
46458908,19652,15643,-32,14,925,
46458913,19609,15643,-31,14,933,
46458918,19567,15651,-31,14,945,
46458923,19526,15651,-29,14,943,
46458928,19481,15651,-29,14,950,
46458933,19441,15651,-29,14,951,
46458938,19407,15651,-29,14,951,
46458943,19376,15651,-28,14,951,
46458948,19349,15651,-28,14,958,
46458953,19321,15651,-26,14,963,
46458958,19291,15651,-26,14,965,
46458963,19261,15651,-28,14,964,
46458968,19233,15651,-28,14,970,
46458973,19205,15658,-29,14,972,
46458978,19175,15658,-29,14,972,
46458983,19145,15658,-30,13,973,
46458988,19113,15658,-30,13,976,
46458993,19082,15658,-30,13,980,
46458998,19051,15658,-31,13,984,
46459003,19023,15658,-31,13,989,
46459008,18994,15651,-33,13,997,
46459013,18964,15651,-33,13,1007,
46459018,18932,15642,-33,13,1009,
46459023,18899,15642,-33,12,1009,
46459028,18866,15642,-33,12,1017,
46459033,18830,15642,-35,12,1023,
46459038,18789,15642,-35,12,1023,
46459043,18743,15642,-34,11,1023,
46459048,18694,15650,-34,11,1023,
46459053,18648,15657,-32,11,1023,
46459058,18608,15657,-32,11,1023,
46459063,18567,15657,-32,11,1023,
46459068,18528,15665,-32,11,1023,
46459073,18486,15665,-31,11,1023,
46459078,18444,15665,-31,11,1023,
46459083,18408,15665,-29,11,1023,
46459088,18370,15652,-29,11,1023,
46459093,18334,15652,-30,10,1023,
46459098,18301,15644,-30,10,1023,
46459103,18273,15644,-30,10,1023,
46459108,18254,15644,-28,10,1023,
46459113,18243,15644,-28,10,1023,
46459118,18228,15644,-27,10,1023,
46459123,18207,15636,-27,10,1023,
46459128,18178,15636,-27,10,1023,
46459133,18137,15636,-27,10,1023,
46459138,18085,15647,-27,9,1023,
46459143,18033,15656,-27,9,1023,
46459148,17980,15656,-26,9,1023,
46459153,17937,15666,-26,9,1023,
46459158,17903,15666,-24,9,1023,
46459163,17870,15666,-24,9,1023,
46459168,17837,15666,-24,9,1023,
46459173,17796,15666,-24,9,1023,
46459178,17754,15666,-24,9,1023,
46459183,17712,15666,-23,9,1023,
46459188,17671,15656,-23,9,1023,
46459193,17635,15656,-21,9,1023,
46459198,17603,15656,-21,9,1023,
46459203,17569,15656,-21,9,1023,
46459208,17536,15648,-21,9,1023,
46459213,17500,15648,-20,9,1023,
46459218,17463,15648,-20,9,1023,
46459223,17430,15648,-19,9,1023,
46459228,17400,15648,-19,8,1023,
46459233,17371,15648,-19,8,1023,
46459238,17342,15648,-19,8,1023,
46459243,17309,15648,-17,7,1023,
46459248,17275,15648,-17,7,1023,
46459253,17245,15639,-16,7,1023,
46459258,17216,15639,-16,7,1023,
46459263,17189,15639,-16,7,1023,
46459268,17163,15632,-16,7,1023,
46459273,17136,15632,-17,7,1023,
46459278,17107,15632,-17,7,1023,
46459283,17081,15623,-19,8,1023,
46459288,17055,15623,-19,8,1023,
46459293,17024,15623,-19,8,1023,
46459298,16994,15615,-20,9,1023,
46459303,16965,15615,-20,9,1023,
46459308,16939,15615,-21,9,1023,
46459313,16920,15615,-21,9,1023,
46459318,16908,15615,-23,9,1023,
46459323,16892,15615,-23,9,1023,
46459328,16871,15608,-24,9,1023,
46459333,16841,15608,-26,9,1023,
46459338,16802,15608,-26,9,1023,
46459343,16765,15600,-27,9,1023,
46459348,16731,15600,-26,9,1023,
46459353,16698,15600,-26,9,1023,
46459358,16670,15600,-24,9,1023,
46459363,16643,15600,-24,9,1023,
46459368,16617,15600,-24,9,1023,
46459373,16591,15600,-24,9,1023,
46459378,16562,15591,-23,9,1023,
46459383,16533,15591,-23,9,1023,
46459388,16501,15591,-21,9,1023,
46459393,16467,15584,-21,9,1023,
46459398,16438,15584,-21,9,1023,
46459403,16413,15577,-21,9,1023,
46459408,16389,15577,-21,9,1023,
46459413,16368,15577,-21,9,1023,
46459418,16348,15577,-21,9,1023,
46459423,16321,15577,-20,9,1023,
46459428,16297,15577,-20,9,1023,
46459433,16265,15577,-19,9,1023,
46459438,16223,15577,-19,9,1023,
46459443,16179,15584,-19,9,1023,
46459448,16132,15584,-19,9,1023,
46459453,16091,15584,-19,9,1023,
46459458,16059,15584,-19,9,1023,
46459463,16031,15584,-19,9,1023,
46459468,16008,15584,-19,9,1023,
46459473,15987,15592,-19,9,1023,
46459478,15962,15592,-19,9,1023,
46459483,15933,15603,-18,9,1023,
46459488,15893,15603,-18,9,1023,
46459493,15849,15603,-16,9,1023,
46459498,15810,15603,-16,9,1023,
46459503,15778,15603,-16,9,1023,
46459508,15757,15603,-16,9,1023,
46459513,15741,15610,-16,9,1023,
46459518,15720,15610,-16,9,1023,
46459523,15693,15610,-15,9,1023,
46459528,15661,15610,-15,9,1023,
46459533,15628,15610,-13,9,1023,
46459538,15598,15610,-13,9,1023,
46459543,15572,15610,-13,9,1023,
46459548,15548,15610,-13,9,1023,
46459553,15528,15610,-13,9,1023,
46459558,15513,15610,-13,9,1023,
46459563,15504,15610,-12,9,1023,
46459568,15497,15610,-12,9,1023,
46459573,15489,15610,-11,10,1023,
46459578,15477,15610,-11,10,1023,
46459583,15462,15617,-11,10,1023,
46459588,15445,15617,-11,10,1023,
46459593,15426,15617,-11,10,1023,
46459598,15406,15617,-11,10,1023,
46459603,15381,15617,-11,8,1023,
46459608,15352,15617,-11,8,1023,
46459613,15320,15617,-11,8,1023,
46459618,15292,15609,-11,8,1023,
46459623,15269,15609,-9,8,1023,
46459628,15248,15609,-9,8,1023,
46459633,15226,15616,-7,7,1023,
46459638,15202,15616,-7,7,1023,
46459643,15178,15624,-7,7,1023,
46459648,15154,15624,-7,7,1023,
46459653,15134,15631,-7,7,1023,
46459658,15113,15631,-7,7,1023,
46459663,15088,15631,-7,7,1023,
46459668,15063,15631,-7,7,1023,
46459673,15035,15641,-7,7,1023,
46459678,15005,15641,-9,8,1023,
46459683,14978,15641,-9,8,1023,
46459688,14953,15648,-11,8,1023,
46459693,14932,15648,-11,8,1023,
46459698,14915,15648,-11,8,1023,
46459703,14898,15655,-12,8,1023,
46459708,14882,15655,-12,8,1023,
46459713,14865,15655,-14,8,1023,
46459718,14848,15655,-14,8,1023,
46459723,14833,15655,-14,7,1023,
46459728,14817,15655,-14,7,1023,
46459733,14802,15655,-16,7,1023,
46459738,14789,15648,-17,7,1023,
46459743,14777,15648,-18,9,1023,
46459748,14765,15648,-18,9,1023,
46459753,14754,15648,-16,9,1023,
46459758,14739,15648,-16,9,1023,
46459763,14723,15648,-16,9,1023,
46459768,14708,15648,-16,9,1023,
46459773,14694,15640,-16,9,1023,
46459778,14682,15640,-16,9,1023,
46459783,14669,15640,-16,9,1023,
46459788,14656,15640,-16,9,1023,
46459793,14645,15633,-16,9,1023,
46459798,14635,15633,-16,9,1023,
46459803,14627,15633,-16,9,1023,
46459808,14617,15626,-16,9,1023,
46459813,14606,15626,-16,9,1023,
46459818,14597,15626,-16,9,1023,
46459823,14590,15626,-16,9,1023,
46459828,14590,15626,-15,9,1023,
46459833,14590,15618,-15,9,1023,
46459838,14581,15618,-13,9,1023,
46459843,14581,15618,-13,9,983,
46459848,14581,15618,-13,9,939,
46459853,14581,15618,-13,9,889,
46459858,14581,15618,-13,9,826,
46459863,14581,15618,-13,9,752,
46459868,14581,15618,-13,9,676,
46459873,14581,15618,-13,9,595,
46459878,14581,15618,-13,9,515,
46459883,14581,15618,-13,9,448,
46459888,14581,15618,-13,9,388,
46459893,14588,15626,-13,9,334,
46459898,14588,15626,-13,9,297,
46459903,14588,15626,-13,9,259,
46459908,14600,15626,-13,9,179,
46459913,14607,15633,-13,9,68,
46459918,14607,15633,-13,9,1,
46459923,14607,15633,-13,9,0,
46459928,14616,15655,-13,9,0,
46459933,14616,15668,-13,9,0,
46459938,14616,15680,-13,9,0,
46459943,14616,15691,-13,9,0,
46459948,14616,15700,-13,9,0,
46459953,14607,15709,-14,8,0,
46459958,14607,15719,-14,8,0,
46459963,14589,15719,-14,8,0,
46459968,14579,15726,-14,8,0,
46459973,14568,15726,-14,8,0,
46459978,14556,15717,-14,8,0,
46459983,14544,15709,-14,8,0,
46459988,14532,15699,-14,8,0,
46459993,14524,15689,-14,8,0,
46459998,14517,15679,-14,8,0,
46460003,14517,15667,-14,8,0,
46460008,14510,15658,-14,8,0,
46460013,14510,15649,-14,8,0,
46460018,14510,15639,-14,8,0,
46460022,14510,15639,-14,8,70,
46460027,14522,15628,-14,8,57,
46460032,14522,15628,-14,8,3,
46460037,14522,15628,-13,9,17,
46460042,14529,15637,-13,9,83,
46460047,14529,15637,-13,9,129,
46460052,14529,15644,-13,9,149,
46460057,14543,15644,-13,9,182,
46460062,14551,15644,-13,9,227,
46460067,14559,15636,-12,9,259,
46460072,14567,15636,-12,9,279,
46460077,14576,15626,-12,9,347,
46460082,14587,15619,-11,10,405,
46460087,14598,15619,-12,9,417,
46460092,14598,15619,-12,9,412,
46460097,14607,15611,-12,9,415,
46460102,14607,15611,-13,9,422,
46460107,14607,15611,-13,9,425,
46460112,14616,15611,-13,9,429,
46460117,14616,15611,-13,9,437,
46460122,14616,15611,-13,9,448,
46460127,14616,15611,-13,9,456,
46460132,14616,15620,-13,9,469,
46460137,14616,15620,-13,9,490,
46460142,14616,15620,-13,9,515,
46460147,14616,15620,-13,9,543,
46460152,14616,15620,-13,9,571,
46460157,14616,15629,-13,9,598,
46460162,14616,15629,-13,9,622,
46460167,14616,15629,-13,9,647,
46460172,14616,15629,-13,9,666,
46460177,14616,15629,-13,9,680,
46460182,14616,15629,-13,9,690,
46460187,14616,15637,-13,9,700,
46460192,14623,15637,-13,9,709,
46460197,14623,15637,-13,9,718,
46460202,14623,15637,-13,9,726,
46460207,14630,15645,-13,9,733,
46460212,14630,15645,-13,9,740,
46460217,14630,15654,-13,9,752,
46460222,14630,15662,-13,9,765,
46460227,14630,15672,-13,9,780,
46460232,14622,15686,-13,9,798,
46460237,14622,15704,-13,9,808,
46460242,14610,15723,-13,9,818,
46460247,14610,15743,-13,9,827,
46460252,14599,15760,-13,9,841,
46460257,14599,15775,-13,9,861,
46460262,14592,15789,-13,9,879,
46460267,14592,15809,-13,9,886,
46460272,14583,15833,-13,9,883,
46460277,14576,15859,-13,9,880,
46460282,14569,15892,-13,9,882,
46460287,14561,15929,-14,8,880,
46460292,14561,15967,-12,8,874,
46460297,14549,16003,-12,8,873,
46460302,14542,16035,-11,8,874,
46460307,14542,16060,-11,8,876,
46460312,14535,16085,-10,6,876,
46460317,14535,16113,-10,6,875,
46460322,14535,16143,-10,6,876,
46460327,14523,16177,-10,6,881,
46460332,14513,16211,-10,6,885,
46460337,14504,16248,-11,5,891,
46460342,14490,16289,-11,5,897,
46460347,14481,16334,-11,5,910,
46460352,14469,16375,-11,5,914,
46460357,14458,16408,-11,5,914,
46460362,14458,16429,-11,5,925,
46460367,14445,16442,-11,5,943,
46460372,14445,16459,-11,4,948,
46460377,14437,16483,-11,4,942,
46460382,14437,16513,-11,4,928,
46460387,14437,16546,-11,4,928,
46460392,14426,16579,-11,4,929,
46460397,14426,16614,-11,4,926,
46460402,14417,16648,-11,4,921,
46460407,14408,16680,-11,4,923,
46460412,14399,16713,-11,4,927,
46460417,14387,16744,-11,4,929,
46460422,14378,16780,-11,4,927,
46460427,14371,16818,-11,4,927,
46460432,14363,16851,-10,2,928,
46460437,14351,16877,-10,2,935,
46460442,14338,16900,-10,2,937,
46460447,14328,16924,-10,2,937,
46460452,14328,16948,-10,2,937,
46460457,14318,16979,-11,1,936,
46460462,14318,17010,-11,1,934,
46460467,14307,17038,-11,1,931,
46460472,14307,17063,-11,1,931,
46460477,14307,17082,-11,1,934,
46460482,14300,17101,-11,0,935,
46460487,14300,17125,-11,0,935,
46460492,14300,17155,-11,0,937,
46460497,14291,17195,-11,0,935,
46460502,14291,17237,-11,0,932,
46460507,14277,17276,-11,0,931,
46460512,14266,17319,-11,0,931,
46460517,14257,17364,-11,0,933,
46460522,14246,17403,-11,0,936,
46460527,14235,17442,-11,0,936,
46460532,14228,17477,-11,0,938,
46460537,14228,17504,-11,0,938,
46460542,14220,17535,-11,0,939,
46460547,14220,17567,-11,1,942,
46460552,14220,17596,-11,1,948,
46460557,14220,17623,-11,1,948,
46460562,14210,17653,-11,1,945,
46460567,14210,17682,-10,2,945,
46460572,14210,17715,-10,2,948,
46460577,14203,17757,-10,2,945,
46460582,14203,17803,-10,2,948,
46460587,14203,17842,-11,4,950,
46460592,14203,17878,-11,4,950,
46460597,14203,17904,-11,4,948,
46460602,14191,17929,-11,4,939,
46460607,14183,17970,-11,4,934,
46460612,14176,18017,-10,2,929,
46460617,14176,18069,-10,2,922,
46460622,14165,18116,-10,2,917,
46460627,14165,18154,-11,1,915,
46460632,14157,18189,-11,1,919,
46460637,14157,18222,-11,1,920,
46460642,14147,18258,-11,0,920,
46460647,14147,18296,-11,0,919,
46460652,14147,18330,-11,0,926,
46460657,14147,18361,-11,0,931,
46460662,14147,18388,-11,0,930,
46460667,14147,18414,-11,0,935,
46460672,14147,18440,-11,0,936,
46460677,14140,18469,-11,0,934,
46460682,14140,18502,-11,0,932,
46460687,14140,18541,-11,0,929,
46460692,14140,18584,-11,0,932,
46460697,14140,18624,-11,-1,932,
46460702,14140,18661,-11,-1,922,
46460707,14140,18698,-11,-1,922,
46460712,14147,18737,-11,-1,921,
46460717,14147,18780,-10,-2,926,
46460722,14147,18820,-10,-2,928,
46460727,14147,18861,-10,-2,922,
46460732,14137,18902,-10,-2,914,
46460737,14137,18942,-11,-4,929,
46460742,14137,18985,-11,-4,928,
46460747,14137,19020,-11,-4,925,
46460752,14137,19048,-11,-5,934,
46460757,14137,19073,-11,-5,937,
46460762,14137,19097,-11,-5,934,
46460767,14137,19127,-10,-6,923,
46460772,14146,19165,-10,-6,922,
46460777,14146,19202,-10,-6,927,
46460782,14146,19240,-11,-8,925,
46460787,14146,19271,-11,-8,928,
46460792,14146,19293,-11,-8,928,
46460797,14146,19311,-11,-10,932,
46460802,14146,19329,-11,-10,937,
46460807,14146,19347,-10,-10,943,
46460812,14146,19368,-10,-10,946,
46460817,14146,19392,-10,-10,947,
46460822,14146,19418,-11,-12,944,
46460827,14146,19452,-11,-12,943,
46460832,14146,19487,-10,-10,948,
46460837,14146,19520,-10,-10,948,
46460842,14146,19549,-10,-10,946,
46460847,14146,19570,-11,-10,945,
46460852,14146,19596,-11,-10,945,
46460857,14146,19629,-11,-10,938,
46460862,14146,19669,-11,-8,936,
46460867,14146,19710,-11,-8,939,
46460872,14146,19748,-10,-6,941,
46460877,14146,19780,-10,-6,940,
46460882,14146,19806,-11,-5,942,
46460887,14146,19827,-11,-5,948,
46460892,14146,19844,-11,-5,955,
46460897,14146,19860,-11,-4,962,
46460902,14146,19874,-11,-4,963,
46460907,14146,19889,-11,-4,962,
46460912,14146,19908,-11,-4,956,
46460917,14146,19932,-11,-4,955,
46460922,14146,19962,-11,-4,944,
46460927,14146,19995,-11,-4,943,
46460932,14146,20021,-11,-5,944,
46460937,14146,20044,-11,-5,942,
46460942,14146,20065,-11,-5,937,
46460947,14146,20089,-11,-5,920,
46460952,14136,20119,-10,-6,921,
46460957,14136,20153,-10,-6,921,
46460962,14136,20183,-10,-6,923,
46460967,14136,20205,-10,-6,928,
46460972,14136,20225,-10,-6,929,
46460977,14136,20243,-11,-8,931,
46460982,14136,20262,-11,-8,934,
46460987,14127,20286,-11,-8,934,
46460992,14127,20306,-11,-8,938,
46460997,14127,20325,-11,-8,943,
46461002,14127,20343,-11,-10,943,
46461007,14127,20359,-11,-10,943,
46461012,14127,20382,-11,-10,942,
46461017,14127,20405,-11,-10,941,
46461022,14127,20429,-11,-10,937,
46461027,14127,20457,-10,-10,928,
46461032,14127,20483,-10,-10,934,
46461037,14116,20506,-10,-10,936,
46461042,14109,20527,-10,-10,932,
46461047,14109,20545,-10,-10,932,
46461052,14101,20559,-10,-10,934,
46461057,14101,20574,-10,-10,940,
46461062,14101,20592,-11,-12,940,
46461067,14090,20611,-11,-12,941,
46461072,14090,20631,-11,-12,940,
46461077,14090,20651,-11,-12,940,
46461082,14090,20665,-11,-12,943,
46461087,14090,20676,-11,-12,945,
46461092,14090,20684,-11,-12,941,
46461097,14083,20693,-11,-12,936,
46461102,14083,20701,-11,-14,934,
46461107,14083,20710,-11,-14,931,
46461112,14075,20724,-11,-14,922,
46461117,14075,20746,-11,-14,907,
46461122,14059,20776,-11,-14,898,
46461127,14051,20808,-11,-14,904,
46461132,14041,20840,-11,-14,905,
46461137,14041,20866,-11,-14,902,
46461142,14033,20887,-11,-14,917,
46461147,14033,20905,-11,-14,929,
46461152,14026,20920,-11,-14,934,
46461157,14026,20929,-11,-14,941,
46461162,14026,20936,-10,-14,943,
46461167,14026,20945,-10,-14,942,
46461172,14026,20958,-10,-14,940,
46461177,14026,20974,-10,-14,939,
46461182,14019,20990,-10,-14,937,
46461187,14019,21007,-10,-14,930,
46461192,14010,21022,-10,-14,923,
46461197,14010,21037,-10,-14,919,
46461202,14010,21054,-10,-14,917,
46461207,14003,21072,-10,-16,917,
46461212,14003,21089,-10,-16,918,
46461217,13996,21106,-10,-16,921,
46461222,13996,21121,-10,-16,922,
46461227,13996,21137,-10,-16,921,
46461232,13996,21154,-10,-16,923,
46461237,13996,21170,-10,-17,932,
46461242,13996,21186,-10,-17,931,
46461247,13996,21200,-10,-17,926,
46461252,13996,21213,-10,-17,921,
46461257,13996,21228,-10,-17,919,
46461262,13988,21245,-10,-17,915,
46461267,13988,21263,-10,-19,911,
46461272,13981,21281,-10,-19,908,
46461277,13981,21300,-10,-19,899,
46461282,13981,21318,-10,-19,897,
46461287,13981,21333,-10,-19,905,
46461292,13974,21346,-10,-19,906,
46461297,13974,21355,-10,-19,906,
46461302,13974,21364,-10,-19,908,
46461307,13974,21371,-10,-19,912,
46461312,13974,21371,-10,-19,913,
46461317,13974,21385,-11,-20,911,
46461322,13974,21392,-11,-20,908,
46461327,13974,21400,-11,-20,908,
46461332,13974,21407,-11,-20,908,
46461337,13974,21415,-11,-20,905,
46461342,13974,21427,-11,-20,899,
46461347,13974,21444,-11,-20,896,
46461352,13974,21462,-11,-20,897,
46461357,13974,21480,-11,-20,898,
46461362,13974,21491,-10,-22,899,
46461367,13974,21491,-10,-22,899,
46461372,13981,21498,-10,-22,902,
46461377,13981,21498,-10,-22,903,
46461382,13981,21498,-10,-22,902,
46461387,13981,21491,-10,-22,898,
46461392,13981,21491,-10,-22,883,
46461397,13989,21481,-10,-22,856,
46461402,13989,21481,-10,-22,825,
46461407,13989,21481,-10,-22,781,
46461412,13989,21481,-11,-23,722,
46461417,13989,21481,-11,-23,651,
46461422,13989,21481,-11,-23,569,
46461427,13989,21481,-11,-23,466,
46461432,13989,21481,-11,-23,366,
46461437,13989,21481,-11,-23,271,
46461442,13977,21496,-11,-23,151,
46461447,13977,21504,-11,-23,57,
46461452,13967,21513,-11,-23,3,
46461457,13967,21513,-11,-23,0,
46461462,13944,21532,-11,-23,0,
46461467,13925,21541,-11,-23,0,
46461472,13909,21541,-11,-23,0,
46461477,13898,21541,-10,-24,0,
46461482,13891,21541,-10,-24,0,
46461487,13891,21529,-10,-24,0,
46461492,13880,21529,-10,-24,0,
46461497,13870,21521,-10,-24,0,
46461502,13861,21521,-10,-25,0,
46461507,13854,21521,-10,-25,0,
46461512,13854,21521,-10,-25,0,
46461517,13854,21521,-10,-25,0,
46461522,13845,21532,-10,-25,0,
46461527,13845,21539,-10,-27,0,
46461532,13845,21546,-10,-27,0,
46461537,13852,21546,-10,-27,0,
46461542,13852,21556,-10,-27,0,
46461547,13861,21556,-10,-27,0,
46461552,13861,21569,-10,-25,0,
46461557,13861,21569,-10,-25,0,
46461562,13872,21577,-10,-24,0,
46461567,13879,21577,-11,-23,0,
46461572,13879,21577,-10,-22,0,
46461577,13888,21577,-11,-20,0,
46461586,13888,21577,-11,-20,90,
46461591,13888,21577,-10,-19,264,
46461596,13901,21577,-10,-17,151,
46461601,13901,21577,-10,-16,55,
46461606,13901,21577,-10,-16,88,
46461611,13901,21588,-10,-14,108,
46461616,13891,21588,-11,-14,95,
46461621,13891,21588,-11,-12,90,
46461626,13891,21588,-10,-10,99,
46461631,13891,21579,-10,-10,95,
46461636,13891,21579,-10,-10,70,
46461641,13891,21570,-10,-10,43,
46461646,13891,21570,-10,-10,31,
46461651,13891,21563,-10,-10,22,
46461656,13891,21563,-10,-10,8,
46461661,13891,21563,-10,-10,0,
46461666,13899,21552,-10,-10,0,
46461671,13899,21542,-10,-10,0,
46461676,13899,21542,-11,-12,0,
46461681,13899,21535,-11,-14,0,
46461686,13907,21535,-11,-14,0,
46461691,13907,21535,-10,-14,0,
46461696,13907,21535,-10,-16,0,
46461701,13907,21535,-10,-16,0,
46461706,13907,21535,-10,-17,0,
46461711,13907,21535,-10,-19,0,
46461716,13907,21542,-10,-19,0,
46461721,13907,21542,-11,-20,0,
46461726,13898,21542,-10,-22,0,
46461731,13898,21542,-11,-23,0,
46461736,13891,21542,-10,-24,0,
46461741,13891,21534,-10,-25,0,
46461746,13891,21534,-10,-25,0,
46461751,13891,21534,-10,-27,0,
46461756,13891,21525,-10,-27,0,
46461761,13891,21525,-10,-28,0,
46461766,13883,21525,-10,-28,0,
46461771,13883,21518,-10,-28,0,
46461776,13883,21518,-10,-28,0,
46461781,13883,21510,-10,-28,0,
46461786,13883,21510,-10,-28,0,
46461791,13883,21502,-10,-28,0,
46461796,13883,21502,-10,-28,0,
46461801,13883,21487,-10,-28,0,
46461806,13883,21487,-10,-28,0,
46461811,13883,21477,-10,-28,0,
46461816,13883,21477,-10,-28,0,
46461821,13883,21469,-10,-27,0,
46461826,13892,21462,-10,-27,0,
46461831,13892,21454,-10,-27,0,
46461836,13902,21447,-10,-27,0,
46461841,13902,21447,-10,-27,0,
46461846,13902,21434,-10,-25,0,
46461851,13912,21434,-10,-25,0,
46461856,13912,21422,-10,-25,0,
46461861,13924,21414,-10,-24,0,
46461866,13924,21414,-10,-24,0,
46461871,13924,21399,-10,-24,0,
46461876,13933,21392,-10,-24,0,
46461881,13933,21384,-11,-23,0,
46461886,13942,21376,-11,-23,0,
46461891,13950,21376,-11,-23,0,
46461896,13950,21366,-11,-23,0,
46461901,13959,21366,-11,-23,0,
46461906,13959,21366,-10,-22,0,
46461910,13959,21366,-10,-22,7,
46461915,13959,21366,-10,-22,27,
46461920,13959,21366,-10,-22,48,
46461925,13959,21366,-10,-22,81,
46461930,13959,21374,-10,-22,128,
46461935,13959,21374,-10,-22,173,
46461940,13959,21374,-10,-22,208,
46461945,13959,21374,-10,-22,242,
46461950,13968,21374,-10,-22,276,
46461955,13968,21374,-10,-22,309,
46461960,13968,21382,-10,-22,341,
46461965,13968,21382,-10,-22,376,
46461970,13978,21382,-10,-22,407,
46461975,13978,21382,-10,-22,435,
46461980,13978,21391,-10,-22,459,
46461985,13978,21391,-10,-22,477,
46461990,13978,21403,-10,-22,497,
46461995,13978,21412,-10,-22,507,
46462000,13978,21424,-10,-22,519,
46462005,13978,21437,-10,-22,546,
46462010,13978,21454,-10,-22,569,
46462015,13978,21469,-10,-22,608,
46462020,13978,21483,-10,-22,632,
46462025,13978,21494,-10,-22,649,
46462030,13978,21502,-10,-22,667,
46462035,13978,21512,-10,-22,682,
46462040,13986,21527,-10,-22,690,
46462045,13986,21549,-10,-22,696,
46462050,13986,21577,-10,-22,706,
46462055,13986,21606,-10,-22,708,
46462060,13993,21633,-11,-20,709,
46462065,13993,21655,-11,-20,712,
46462070,13993,21672,-11,-20,711,
46462075,13993,21683,-10,-19,697,
46462080,14002,21683,-10,-19,673,
46462085,14002,21692,-10,-17,636,
46462090,14014,21692,-10,-17,569,
46462095,14014,21692,-10,-17,453,
46462100,14024,21692,-10,-16,278,
46462105,14031,21692,-10,-16,38,
46462110,14031,21692,-10,-14,0,
46462115,14057,21665,-10,-14,0,
46462120,14079,21649,-11,-14,0,
46462125,14104,21638,-11,-14,0,
46462130,14128,21638,-11,-12,0,
46462135,14147,21650,-11,-12,0,
46462140,14160,21669,-12,-12,0,
46462145,14174,21689,-12,-11,0,
46462150,14187,21709,-14,-11,0,
46462155,14207,21726,-14,-11,0,
46462160,14246,21741,-13,-9,0,
46462165,14298,21755,-15,-9,0,
46462170,14366,21769,-15,-9,0,
46462175,14448,21782,-16,-7,0,
46462180,14535,21797,-17,-7,0,
46462185,14634,21817,-19,-8,0,
46462190,14748,21835,-22,-6,0,
46462195,14875,21852,-24,-6,0,
46462200,15023,21864,-25,-6,0,
46462205,15185,21873,-26,-6,0,
46462210,15362,21882,-26,-6,0,
46462215,15549,21890,-25,-6,0,
46462220,15745,21901,-25,-6,0,
46462225,15941,21901,-25,-6,0,
46462230,16138,21909,-25,-6,0,
46462235,16337,21909,-25,-6,0,
46462240,16538,21909,-26,-6,0,
46462245,16749,21909,-28,-7,0,
46462250,16966,21900,-28,-8,0,
46462255,17190,21890,-28,-8,0,
46462260,17409,21876,-26,-8,0,
46462265,17618,21863,-23,-8,0,
46462270,17816,21852,-22,-8,0,
46462275,18000,21839,-20,-9,0,
46462280,18175,21825,-19,-9,0,
46462285,18345,21805,-19,-9,0,
46462290,18505,21779,-20,-9,0,
46462295,18651,21752,-23,-9,0,
46462300,18781,21722,-26,-9,0,
46462305,18891,21690,-28,-8,0,
46462310,18982,21658,-30,-8,0,
46462315,19055,21628,-32,-8,0,
46462320,19108,21599,-31,-6,0,
46462325,19144,21578,-33,-7,0,
46462330,19167,21566,-33,-7,0,
46462335,19183,21566,-34,-9,0,
46462340,19200,21566,-37,-11,0,
46462345,19216,21566,-39,-14,0,
46462350,19232,21575,-41,-15,0,
46462355,19251,21585,-42,-16,0,
46462360,19267,21596,-43,-17,0,
46462365,19281,21607,-45,-18,0,
46462370,19295,21617,-45,-18,0,
46462375,19304,21628,-46,-18,0,
46462380,19313,21638,-46,-18,0,
46462385,19321,21647,-46,-18,0,
46462390,19331,21654,-46,-18,0,
46462395,19349,21654,-45,-18,0,
46462400,19374,21654,-44,-20,0,
46462405,19408,21639,-42,-20,0,
46462410,19453,21622,-39,-19,0,
46462415,19505,21604,-37,-17,0,
46462420,19567,21589,-35,-16,0,
46462425,19634,21573,-33,-15,0,
46462430,19705,21560,-32,-14,0,
46462435,19778,21552,-31,-14,0,
46462440,19851,21544,-29,-14,0,
46462445,19924,21544,-29,-16,0,
46462450,19999,21531,-27,-18,0,
46462455,20072,21518,-26,-20,0,
46462460,20144,21505,-24,-20,0,
46462465,20213,21489,-22,-24,0,
46462470,20276,21473,-21,-25,0,
46462475,20336,21457,-21,-27,0,
46462480,20392,21438,-21,-28,0,
46462485,20444,21420,-20,-29,0,
46462490,20491,21402,-22,-31,0,
46462495,20528,21386,-23,-32,0,
46462500,20556,21372,-24,-33,0,
46462505,20577,21357,-24,-33,0,
46462510,20589,21341,-25,-34,0,
46462515,20598,21327,-26,-33,0,
46462520,20598,21313,-27,-33,0,
46462525,20607,21300,-27,-31,0,
46462530,20614,21285,-28,-31,0,
46462535,20625,21266,-28,-29,0,
46462540,20639,21245,-28,-29,0,
46462545,20654,21224,-29,-29,0,
46462550,20670,21204,-29,-29,0,
46462555,20685,21187,-28,-27,0,
46462560,20700,21171,-28,-27,0,
46462565,20718,21156,-29,-26,0,
46462570,20736,21141,-29,-26,0,
46462575,20756,21129,-29,-24,0,
46462580,20773,21121,-29,-24,0,
46462585,20787,21121,-29,-24,0,
46462590,20798,21121,-29,-24,0,
46462595,20806,21121,-29,-24,0,
46462600,20814,21121,-29,-24,0,
46462605,20814,21121,-29,-24,0,
46462610,20825,21121,-29,-23,0,
46462615,20833,21121,-29,-23,0,
46462620,20845,21121,-29,-23,0,
46462625,20860,21113,-29,-23,0,
46462630,20877,21113,-29,-23,0,
46462635,20892,21102,-29,-23,0,
46462640,20905,21102,-29,-23,0,
46462645,20919,21095,-31,-23,0,
46462650,20928,21095,-31,-23,0,
46462655,20940,21095,-32,-23,0,
46462660,20950,21086,-32,-23,0,
46462665,20950,21086,-32,-23,0,
46462670,20959,21086,-32,-23,0,
46462675,20959,21086,-32,-23,0,
46462680,20959,21094,-32,-23,0,
46462685,20969,21094,-32,-23,0,
46462690,20976,21094,-32,-23,0,
46462695,20984,21094,-32,-23,0,
46462700,20993,21103,-31,-24,0,
46462705,21004,21103,-31,-24,0,
46462710,21015,21103,-31,-24,0,
46462715,21028,21103,-33,-24,0,
46462720,21040,21095,-33,-24,0,
46462725,21050,21095,-35,-24,0,
46462730,21061,21081,-35,-24,0,
46462735,21069,21073,-34,-25,0,
46462740,21069,21064,-34,-25,0,
46462745,21080,21055,-34,-25,0,
46462750,21080,21046,-34,-25,0,
46462755,21080,21046,-34,-25,0,
46462760,21080,21036,-34,-25,0,
46462765,21080,21036,-34,-25,0,
46462770,21080,21036,-34,-25,0,
46462775,21080,21036,-35,-24,0,
46462780,21080,21036,-35,-24,0,
46462785,21080,21036,-35,-24,0,
46462790,21080,21036,-35,-24,0,
46462795,21080,21036,-33,-24,0,
46462800,21080,21043,-33,-24,0,
46462805,21080,21043,-31,-24,0,
46462810,21090,21051,-31,-24,0,
46462814,21090,21051,-31,-24,28,
46462819,21097,21061,-31,-24,66,
46462824,21097,21061,-31,-24,110,
46462829,21105,21072,-31,-24,153,
46462834,21105,21079,-31,-24,184,
46462839,21112,21087,-31,-24,210,
46462844,21112,21094,-31,-24,226,
46462849,21112,21102,-31,-24,243,
46462854,21112,21102,-31,-24,257,
46462859,21112,21115,-31,-24,266,
46462864,21112,21115,-31,-24,274,
46462869,21112,21128,-31,-24,278,
46462874,21112,21128,-33,-24,282,
46462879,21105,21140,-33,-24,289,
46462884,21105,21140,-35,-24,294,
46462889,21105,21151,-35,-24,301,
46462894,21096,21158,-35,-24,302,
46462899,21096,21158,-33,-24,302,
46462904,21085,21172,-33,-24,302,
46462909,21085,21179,-33,-24,304,
46462914,21073,21188,-31,-24,301,
46462919,21066,21200,-31,-24,302,
46462924,21058,21211,-31,-24,302,
46462929,21051,21224,-31,-24,302,
46462934,21044,21233,-31,-24,306,
46462939,21044,21240,-31,-24,325,
46462944,21035,21240,-31,-24,338,
46462949,21035,21247,-31,-24,352,
46462954,21035,21247,-31,-24,376,
46462959,21035,21247,-31,-24,388,
46462964,21035,21247,-32,-26,398,
46462969,21035,21247,-32,-26,405,
46462974,21035,21240,-32,-26,410,
46462979,21035,21240,-32,-26,416,
46462984,21035,21240,-32,-26,420,
46462989,21035,21231,-32,-26,422,
46462994,21035,21231,-32,-26,421,
46462999,21035,21221,-32,-26,420,
46463004,21035,21221,-32,-26,420,
46463009,21028,21221,-32,-26,420,
46463014,21028,21221,-32,-26,420,
46463019,21028,21221,-31,-24,422,
46463024,21028,21221,-31,-24,424,
46463029,21028,21221,-31,-24,428,
46463034,21019,21221,-31,-24,435,
46463039,21019,21221,-31,-24,446,
46463044,21019,21221,-31,-24,459,
46463049,21019,21221,-31,-24,474,
46463054,21019,21221,-31,-24,488,
46463059,21019,21221,-31,-24,501,
46463064,21019,21221,-31,-24,515,
46463069,21019,21221,-31,-24,526,
46463074,21019,21221,-32,-26,539,
46463079,21019,21221,-32,-26,549,
46463084,21019,21221,-32,-26,556,
46463089,21026,21221,-32,-26,564,
46463094,21026,21221,-32,-26,570,
46463099,21026,21221,-32,-26,573,
46463104,21026,21221,-32,-26,574,
46463109,21026,21221,-32,-26,574,
46463114,21026,21221,-32,-26,574,
46463119,21026,21221,-32,-26,575,
46463124,21026,21221,-32,-26,578,
46463129,21026,21221,-32,-26,583,
46463134,21026,21221,-32,-26,590,
46463139,21026,21221,-32,-26,595,
46463144,21026,21221,-32,-26,601,
46463149,21026,21221,-32,-26,607,
46463154,21026,21221,-32,-26,613,
46463159,21026,21221,-32,-26,618,
46463164,21026,21221,-32,-26,624,
46463169,21026,21221,-32,-26,629,
46463174,21026,21221,-32,-26,634,
46463179,21026,21221,-32,-26,639,
46463184,21026,21221,-32,-26,641,
46463189,21026,21221,-32,-26,644,
46463194,21026,21221,-32,-26,647,
46463199,21026,21221,-32,-26,650,
46463204,21026,21221,-31,-24,653,
46463209,21026,21221,-31,-24,656,
46463214,21026,21221,-31,-24,658,
46463219,21026,21221,-31,-24,660,
46463224,21026,21221,-31,-24,663,
46463229,21019,21221,-31,-24,666,
46463234,21019,21221,-31,-24,671,
46463239,21005,21221,-31,-24,680,
46463244,20995,21221,-31,-24,687,
46463249,20983,21221,-31,-24,694,
46463254,20970,21214,-31,-24,697,
46463259,20957,21214,-31,-24,699,
46463264,20942,21214,-31,-24,706,
46463269,20925,21214,-31,-24,718,
46463274,20907,21214,-31,-24,725,
46463279,20887,21203,-31,-25,724,
46463284,20868,21203,-31,-25,726,
46463289,20847,21195,-29,-24,730,
46463294,20824,21195,-29,-24,739,
46463299,20799,21195,-29,-24,747,
46463304,20773,21195,-29,-24,750,
46463309,20749,21195,-29,-24,753,
46463314,20725,21187,-29,-24,755,
46463319,20700,21187,-29,-24,757,
46463324,20675,21187,-29,-23,763,
46463329,20650,21187,-29,-23,769,
46463334,20622,21180,-29,-23,777,
46463339,20594,21180,-29,-23,787,
46463344,20561,21180,-29,-23,794,
46463349,20520,21180,-29,-23,806,
46463354,20477,21180,-29,-23,810,
46463359,20431,21170,-28,-24,827,
46463364,20387,21170,-28,-24,838,
46463369,20347,21157,-26,-24,845,
46463374,20306,21149,-26,-24,860,
46463379,20266,21149,-26,-24,874,
46463384,20229,21137,-26,-22,886,
46463389,20195,21130,-26,-22,900,
46463394,20158,21121,-26,-22,922,
46463399,20121,21113,-26,-22,932,
46463404,20078,21106,-25,-23,940,
46463409,20030,21106,-25,-23,940,
46463414,19985,21106,-24,-22,942,
46463419,19936,21106,-24,-22,950,
46463424,19887,21097,-24,-22,953,
46463429,19837,21097,-24,-22,952,
46463434,19786,21097,-22,-22,950,
46463439,19738,21105,-22,-22,953,
46463444,19690,21105,-21,-23,954,
46463449,19637,21116,-21,-23,956,
46463454,19582,21116,-21,-23,957,
46463459,19519,21125,-20,-23,959,
46463464,19452,21125,-20,-23,966,
46463469,19379,21138,-19,-23,974,
46463474,19305,21138,-19,-23,980,
46463479,19238,21138,-19,-23,979,
46463484,19176,21147,-19,-23,978,
46463489,19125,21147,-19,-23,986,
46463494,19078,21154,-19,-23,990,
46463499,19034,21154,-19,-23,992,
46463504,18995,21163,-19,-23,996,
46463509,18956,21163,-20,-23,1000,
46463514,18918,21171,-20,-23,1004,
46463519,18878,21171,-21,-23,1001,
46463524,18835,21183,-21,-23,1003,
46463529,18796,21191,-21,-23,1003,
46463534,18760,21191,-21,-23,1004,
46463539,18725,21203,-21,-23,1007,
46463544,18686,21203,-21,-23,1011,
46463549,18641,21217,-22,-22,1014,
46463554,18588,21227,-22,-22,1016,
46463559,18536,21238,-22,-22,1019,
46463564,18486,21246,-21,-23,1019,
46463569,18439,21256,-21,-23,1020,
46463574,18393,21266,-21,-23,1021,
46463579,18350,21277,-21,-23,1023,
46463584,18305,21290,-20,-23,1023,
46463589,18264,21303,-20,-23,1023,
46463594,18225,21312,-18,-24,1023,
46463599,18188,21319,-18,-24,1023,
46463604,18150,21319,-18,-24,1023,
46463609,18107,21328,-18,-24,1023,
46463614,18062,21337,-18,-24,1023,
46463619,18014,21346,-18,-24,1023,
46463624,17968,21356,-17,-25,1023,
46463629,17925,21367,-17,-25,1023,
46463634,17883,21375,-15,-24,1023,
46463639,17842,21375,-15,-24,1023,
46463644,17800,21388,-15,-24,1023,
46463649,17761,21388,-15,-24,1023,
46463654,17724,21388,-15,-24,1023,
46463659,17682,21401,-15,-25,1023,
46463664,17641,21409,-15,-25,1023,
46463669,17599,21417,-13,-24,1023,
46463674,17551,21428,-13,-24,1023,
46463679,17509,21436,-13,-24,1023,
46463684,17462,21444,-13,-24,1023,
46463689,17416,21454,-12,-24,1023,
46463694,17371,21462,-11,-23,1023,
46463699,17325,21471,-11,-23,1023,
46463704,17285,21471,-11,-23,1023,
46463709,17245,21471,-11,-23,1023,
46463714,17208,21479,-11,-23,1023,
46463719,17171,21479,-11,-23,1023,
46463724,17134,21479,-11,-23,1023,
46463729,17101,21479,-11,-23,1023,
46463734,17070,21479,-11,-23,1023,
46463739,17040,21487,-11,-23,1023,
46463744,17004,21487,-13,-22,1023,
46463749,16964,21496,-13,-22,1023,
46463754,16922,21496,-13,-22,1023,
46463759,16877,21496,-13,-22,1023,
46463764,16835,21496,-14,-23,1023,
46463769,16792,21496,-14,-23,1023,
46463774,16750,21505,-15,-22,1023,
46463779,16707,21505,-15,-22,1023,
46463784,16663,21513,-15,-22,1023,
46463789,16624,21513,-17,-25,1023,
46463794,16584,21523,-17,-25,1023,
46463799,16549,21523,-18,-24,1023,
46463804,16511,21537,-17,-25,1023,
46463809,16471,21537,-17,-25,1023,
46463814,16434,21547,-15,-24,1023,
46463819,16392,21547,-15,-22,1023,
46463824,16357,21554,-15,-22,1023,
46463829,16317,21554,-15,-22,1023,
46463834,16273,21564,-14,-21,1023,
46463839,16235,21573,-14,-21,1023,
46463844,16191,21583,-13,-20,1023,
46463849,16152,21593,-13,-20,1023,
46463854,16112,21603,-13,-19,1023,
46463859,16065,21611,-13,-17,1023,
46463864,16022,21622,-13,-17,1023,
46463869,15977,21635,-13,-15,1023,
46463874,15933,21646,-12,-16,1023,
46463879,15893,21655,-12,-15,1023,
46463884,15854,21655,-10,-14,1023,
46463889,15820,21655,-11,-14,1023,
46463894,15788,21663,-11,-14,1023,
46463899,15758,21663,-11,-14,1023,
46463904,15729,21663,-11,-14,1023,
46463909,15697,21673,-11,-14,1023,
46463914,15660,21673,-11,-14,1023,
46463919,15621,21673,-11,-14,1023,
46463924,15579,21685,-9,-13,1023,
46463929,15544,21685,-9,-13,1023,
46463934,15520,21695,-8,-14,1023,
46463939,15497,21695,-8,-14,1023,
46463944,15479,21695,-8,-14,1023,
46463949,15463,21704,-8,-14,1023,
46463954,15441,21704,-8,-14,1023,
46463959,15416,21716,-8,-14,1023,
46463964,15391,21724,-7,-14,1023,
46463969,15361,21724,-6,-15,1023,
46463974,15334,21732,-6,-15,1023,
46463979,15310,21732,-5,-15,1023,
46463984,15285,21732,-5,-15,1023,
46463989,15260,21732,-5,-15,1023,
46463994,15227,21732,-5,-15,1023,
46463999,15191,21732,-5,-15,1023,
46464004,15150,21739,-3,-14,1023,
46464009,15109,21739,-3,-14,1023,
46464014,15074,21739,-3,-14,1023,
46464019,15042,21747,-3,-14,1023,
46464024,15016,21747,-5,-15,1023,
46464029,14992,21747,-5,-15,1023,
46464034,14965,21747,-6,-15,1023,
46464039,14931,21759,-6,-15,1023,
46464044,14885,21766,-7,-14,1023,
46464049,14830,21776,-7,-14,1023,
46464054,14776,21785,-7,-14,1023,
46464059,14726,21794,-9,-15,1023,
46464064,14686,21802,-9,-15,1023,
46464069,14654,21810,-10,-14,1023,
46464074,14625,21819,-10,-14,1023,
46464079,14595,21819,-12,-15,1023,
46464084,14567,21831,-12,-15,1023,
46464089,14536,21831,-13,-15,1023,
46464094,14502,21842,-13,-15,1023,
46464099,14470,21851,-13,-15,1023,
46464104,14437,21851,-12,-15,1023,
46464109,14410,21863,-12,-15,1023,
46464114,14390,21863,-10,-14,1023,
46464119,14371,21863,-10,-14,1023,
46464124,14357,21863,-10,-14,1023,
46464129,14344,21863,-10,-14,1023,
46464134,14332,21863,-10,-14,1023,
46464139,14320,21863,-10,-14,1023,
46464144,14303,21863,-10,-14,1023,
46464149,14285,21863,-10,-14,1023,
46464154,14264,21863,-10,-14,1023,
46464159,14248,21863,-10,-14,1023,
46464164,14238,21863,-10,-14,1023,
46464169,14231,21863,-10,-14,1023,
46464174,14231,21863,-9,-15,1023,
46464179,14221,21863,-9,-15,1023,
46464184,14211,21863,-7,-14,1023,
46464189,14201,21863,-7,-14,1023,
46464194,14192,21863,-7,-14,1023,
46464199,14183,21863,-7,-14,1023,
46464204,14175,21863,-7,-14,1023,
46464209,14166,21863,-7,-14,1023,
46464214,14159,21863,-7,-14,1023,
46464219,14159,21863,-7,-14,1023,
46464224,14152,21863,-7,-14,1023,
46464229,14152,21863,-7,-14,1023,
46464234,14142,21863,-7,-14,1023,
46464239,14134,21863,-7,-14,1023,
46464244,14127,21863,-7,-14,1023,
46464249,14127,21863,-7,-14,1023,
46464254,14119,21863,-7,-14,1023,
46464259,14112,21863,-7,-14,1023,
46464264,14102,21856,-7,-14,1023,
46464269,14090,21856,-7,-14,1023,
46464274,14083,21856,-7,-14,1023,
46464279,14076,21846,-7,-14,1023,
46464284,14076,21846,-7,-14,1023,
46464289,14064,21837,-7,-14,1023,
46464294,14054,21837,-7,-14,1023,
46464299,14044,21830,-7,-14,1023,
46464304,14036,21830,-7,-14,1023,
46464309,14029,21830,-7,-14,1023,
46464314,14029,21821,-7,-14,1023,
46464319,14022,21821,-7,-14,1023,
46464324,14022,21821,-7,-14,1023,
46464329,14022,21814,-7,-14,1019,
46464334,14014,21814,-7,-14,1012,
46464339,14014,21814,-7,-14,1010,
46464344,14014,21806,-7,-14,1010,
46464349,14014,21806,-7,-14,1010,
46464354,14014,21806,-7,-14,1009,
46464359,14006,21806,-7,-14,1008,
46464364,14006,21806,-7,-14,1006,
46464369,14006,21806,-7,-14,1003,
46464374,14006,21797,-7,-14,1000,
46464379,14006,21797,-7,-14,997,
46464384,14006,21797,-7,-14,991,
46464389,14006,21797,-7,-14,983,
46464394,14006,21797,-7,-14,970,
46464399,14006,21788,-7,-14,959,
46464404,13999,21781,-7,-14,950,
46464409,13999,21774,-8,-14,940,
46464414,13989,21764,-8,-14,922,
46464419,13989,21753,-8,-14,891,
46464424,13975,21742,-8,-14,848,
46464429,13964,21730,-8,-14,775,
46464434,13950,21720,-8,-14,651,
46464439,13930,21711,-8,-14,457,
46464444,13904,21703,-8,-14,133,
46464449,13904,21703,-8,-14,0,
46464454,13826,21703,-8,-14,0,
46464459,13795,21731,-8,-14,0,
46464464,13777,21773,-8,-12,0,
46464469,13777,21833,-8,-12,0,
46464474,13802,21903,-8,-12,0,
46464479,13831,21982,-8,-12,0,
46464484,13864,22067,-8,-12,0,
46464489,13899,22154,-8,-12,0,
46464494,13933,22245,-8,-12,0,
46464499,13961,22340,-9,-13,0,
46464504,13987,22435,-11,-14,0,
46464509,14011,22530,-12,-15,0,
46464514,14029,22632,-13,-17,0,
46464519,14057,22743,-14,-20,0,
46464524,14057,22743,-14,-20,0,
46465011,17314,23355,31,-69,0,
46465016,17314,23334,31,-69,0,
46465021,17296,23298,31,-69,0,
46465026,17273,23247,31,-67,0,
46465031,17230,23180,32,-66,0,
46465036,17169,23121,31,-64,0,
46465041,17085,23066,29,-64,0,
46465046,16988,23012,26,-62,0,
46465051,16885,22962,22,-61,0,
46465056,16774,22915,18,-58,0,
46465061,16664,22863,15,-57,0,
46465066,16547,22812,13,-55,0,
46465071,16427,22761,10,-51,0,
46465076,16318,22710,8,-47,0,
46465081,16216,22663,6,-45,0,
46465086,16128,22619,3,-41,0,
46465091,16049,22577,1,-38,0,
46465096,15972,22539,-1,-36,0,
46465101,15898,22511,-4,-33,0,
46465106,15827,22493,-6,-29,0,
46465111,15759,22482,-8,-28,0,
46465116,15690,22482,-9,-26,0,
46465121,15618,22482,-8,-25,0,
46465126,15535,22482,-6,-24,0,
46465131,15444,22491,-3,-21,0,
46465136,15348,22491,-1,-22,0,
46465141,15251,22484,1,-20,0,
46465146,15158,22471,3,-20,0,
46465151,15073,22453,5,-20,0,
46465156,14997,22434,5,-20,0,
46465161,14930,22413,4,-17,0,
46465166,14872,22392,2,-17,0,
46465171,14816,22373,1,-16,0,
46465176,14758,22356,0,-16,0,
46465181,14696,22343,-1,-16,0,
46465186,14630,22343,-2,-15,0,
46465191,14563,22343,-3,-14,0,
46465196,14501,22343,-5,-14,0,
46465201,14446,22343,-6,-13,0,
46465206,14399,22343,-8,-12,0,
46465211,14355,22333,-11,-12,0,
46465216,14320,22316,-12,-11,0,
46465221,14293,22291,-14,-10,0,
46465226,14274,22258,-18,-9,0,
46465231,14264,22215,-19,-9,0,
46465236,14264,22166,-19,-8,0,
46465241,14257,22114,-17,-7,0,
46465246,14264,22058,-16,-6,0,
46465251,14281,22003,-15,-5,0,
46465256,14311,21947,-14,-5,0,
46465261,14346,21894,-11,-3,0,
46465266,14379,21848,-11,-4,0,
46465271,14407,21810,-10,-2,0,
46465276,14425,21784,-11,-1,0,
46465281,14433,21767,-9,-1,0,
46465286,14433,21767,-9,0,0,
46465291,14433,21760,-8,0,0,
46465296,14433,21760,-8,0,0,
46465301,14433,21767,-8,0,0,
46465306,14433,21767,-8,0,0,
46465311,14433,21777,-8,0,0,
46465316,14441,21784,-8,1,0,
46465321,14450,21784,-8,1,0,
46465326,14450,21795,-8,1,0,
46465331,14450,21803,-8,1,0,
46465336,14450,21810,-6,1,0,
46465341,14450,21819,-6,1,0,
46465346,14450,21828,-5,1,0,
46465351,14436,21836,-5,1,0,
46465356,14419,21847,-5,0,0,
46465361,14397,21859,-5,0,0,
46465366,14370,21871,-5,0,0,
46465371,14341,21886,-5,0,0,
46465376,14310,21897,-4,0,0,
46465381,14279,21909,-4,0,0,
46465386,14249,21922,-2,0,0,
46465391,14221,21930,-2,0,0,
46465396,14196,21937,-2,0,0,
46465401,14175,21937,-2,0,0,
46465406,14156,21937,-2,0,0,
46465411,14136,21937,-2,0,0,
46465416,14119,21937,-1,0,0,
46465421,14102,21937,-1,0,0,
46465426,14086,21928,0,0,0,
46465431,14075,21928,0,0,0,
46465436,14062,21917,0,0,0,
46465441,14044,21917,0,0,0,
46465446,14025,21917,0,0,0,
46465451,14001,21917,0,0,0,
46465456,13977,21929,0,0,0,
46465461,13955,21937,0,0,0,
46465466,13933,21944,0,0,0,
46465471,13913,21954,0,0,0,
46465476,13897,21961,0,0,0,
46465481,13885,21969,1,0,0,
46465486,13873,21976,1,0,0,
46465491,13863,21976,2,0,0,
46465496,13852,21984,2,0,0,
46465501,13839,21984,2,0,0,
46465506,13829,21984,2,0,0,
46465511,13821,21984,2,0,0,
46465516,13814,21984,2,0,0,
46465521,13814,21984,2,0,0,
46465526,13814,21984,2,0,0,
46465531,13814,21984,2,0,0,
46465536,13814,21984,2,0,0,
46465541,13824,21976,2,0,0,
46465546,13824,21976,2,0,0,
46465551,13833,21968,2,0,0,
46465556,13833,21968,2,0,0,
46465561,13843,21959,2,0,0,
46465566,13843,21959,2,0,0,
46465571,13857,21948,2,0,0,
46465576,13864,21941,2,0,0,
46465581,13864,21941,2,0,0,
46465582,13864,21941,2,0,3,
46465587,13871,21932,2,0,22,
46465592,13871,21932,2,0,29,
46465597,13881,21925,2,0,43,
46465602,13881,21925,2,0,64,
46465607,13889,21916,2,0,78,
46465612,13889,21916,2,0,78,
46465617,13889,21916,2,0,72,
46465622,13901,21916,2,0,69,
46465627,13901,21916,2,0,74,
46465632,13913,21907,2,0,88,
46465637,13913,21907,2,0,109,
46465642,13921,21907,2,0,129,
46465647,13921,21897,2,0,153,
46465652,13934,21897,2,0,187,
46465657,13942,21897,2,0,230,
46465662,13942,21887,2,0,266,
46465667,13951,21887,2,0,278,
46465672,13951,21878,2,0,274,
46465677,13961,21878,2,0,262,
46465682,13970,21870,2,0,254,
46465687,13980,21870,2,0,252,
46465692,13991,21870,2,0,248,
46465697,14001,21862,2,0,242,
46465702,14013,21862,2,0,242,
46465707,14029,21862,2,0,245,
46465712,14047,21862,2,0,262,
46465717,14064,21862,2,0,294,
46465722,14077,21862,2,0,336,
46465727,14085,21873,2,0,371,
46465732,14092,21873,2,0,399,
46465737,14099,21880,2,0,427,
46465742,14109,21880,2,0,458,
46465747,14118,21880,2,0,492,
46465752,14128,21891,2,0,521,
46465757,14140,21891,2,0,539,
46465762,14154,21904,2,0,562,
46465767,14171,21904,2,0,592,
46465772,14190,21914,2,0,610,
46465777,14207,21914,2,0,620,
46465782,14225,21927,2,0,633,
46465787,14243,21927,2,0,653,
46465792,14262,21938,2,0,676,
46465797,14282,21938,2,0,695,
46465802,14301,21946,2,0,709,
46465807,14318,21946,2,0,724,
46465812,14336,21956,1,0,744,
46465817,14352,21965,1,0,766,
46465822,14371,21975,0,0,791,
46465827,14392,21988,0,0,809,
46465832,14414,22003,0,0,825,
46465837,14438,22019,0,0,842,
46465842,14462,22034,0,-1,862,
46465847,14486,22049,0,-1,882,
46465852,14510,22063,0,-1,892,
46465857,14534,22077,0,-1,895,
46465862,14559,22094,0,-1,899,
46465867,14581,22111,0,-1,905,
46465872,14604,22126,0,-1,911,
46465877,14634,22142,0,-1,908,
46465882,14669,22157,0,-1,902,
46465887,14705,22171,0,-1,911,
46465892,14740,22184,0,-1,920,
46465897,14770,22198,0,-1,920,
46465902,14805,22217,0,-2,908,
46465907,14844,22235,0,-2,908,
46465912,14887,22253,0,-2,917,
46465917,14935,22270,-1,-2,916,
46465922,14979,22283,-1,-2,911,
46465927,15028,22300,-2,-2,912,
46465932,15080,22317,-3,-4,917,
46465937,15126,22331,-3,-4,922,
46465942,15170,22345,-1,-3,927,
46465947,15210,22361,-1,-3,927,
46465952,15250,22381,0,-4,923,
46465957,15291,22405,0,-5,923,
46465962,15337,22428,0,-5,931,
46465967,15381,22448,0,-5,941,
46465972,15421,22469,0,-5,942,
46465977,15462,22494,0,-6,938,
46465982,15499,22521,0,-6,934,
46465987,15539,22550,0,-6,932,
46465992,15579,22574,0,-6,933,
46465997,15619,22595,1,-6,935,
46466002,15657,22616,1,-8,936,
46466007,15694,22636,2,-7,938,
46466012,15730,22655,2,-7,937,
46466017,15763,22670,2,-7,937,
46466022,15797,22685,2,-7,940,
46466027,15832,22702,1,-8,934,
46466032,15873,22725,1,-8,920,
46466037,15917,22754,0,-8,917,
46466042,15961,22780,0,-8,922,
46466047,16004,22803,0,-9,923,
46466052,16045,22824,0,-9,919,
46466057,16085,22843,0,-9,908,
46466062,16132,22866,0,-9,886,
46466067,16181,22891,0,-9,888,
46466072,16226,22910,-1,-9,900,
46466077,16270,22932,-1,-9,902,
46466082,16315,22953,-2,-9,891,
46466087,16361,22979,-2,-10,846,
46466092,16411,23013,-2,-10,853,
46466097,16462,23042,-2,-10,855,
46466102,16507,23069,-4,-11,845,
46466107,16558,23096,-4,-11,819,
46466112,16615,23122,-5,-12,801,
46466117,16680,23154,-5,-12,789,
46466122,16746,23189,-6,-12,745,
46466127,16805,23224,-6,-12,745,
46466132,16856,23253,-8,-14,722,
46466137,16899,23274,-8,-14,691,
46466142,16933,23289,-9,-13,640,
46466147,16954,23289,-9,-13,567,
46466152,16965,23296,-10,-14,445,
46466157,16965,23296,-10,-14,273,
46466162,16951,23279,-12,-15,58,
46466167,16951,23279,-12,-16,0,
46466172,16875,23197,-13,-15,0,
46466177,16814,23137,-13,-15,0,
46466182,16757,23082,-14,-16,0,
46466187,16713,23038,-14,-16,0,
46466192,16693,23013,-16,-16,0,
46466197,16693,22992,-16,-17,0,
46466202,16693,22967,-17,-17,0,
46466207,16703,22941,-17,-17,0,
46466212,16703,22916,-19,-17,0,
46466217,16703,22891,-19,-17,0,
46466222,16712,22866,-20,-18,0,
46466227,16721,22840,-22,-19,0,
46466232,16730,22814,-23,-19,0,
46466237,16749,22789,-24,-20,0,
46466242,16785,22764,-26,-20,0,
46466247,16837,22740,-26,-19,0,
46466252,16912,22712,-29,-20,0,
46466257,17004,22687,-32,-21,0,
46466262,17110,22662,-36,-20,0,
46466267,17231,22643,-36,-22,0,
46466272,17371,22625,-38,-22,0,
46466277,17525,22606,-38,-22,0,
46466282,17689,22583,-36,-23,0,
46466287,17857,22557,-34,-23,0,
46466292,18028,22529,-34,-23,0,
46466297,18202,22495,-35,-22,0,
46466302,18380,22458,-35,-22,0,
46466307,18569,22406,-35,-22,0,
46466312,18767,22340,-36,-20,0,
46466317,18968,22260,-38,-20,0,
46466322,19178,22166,-38,-19,0,
46466327,19393,22067,-37,-17,0,
46466332,19607,21966,-36,-16,0,
46466337,19817,21861,-33,-15,0,
46466342,20016,21759,-31,-13,0,
46466347,20199,21653,-31,-11,0,
46466352,20366,21550,-31,-10,0,
46466357,20522,21454,-34,-10,0,
46466362,20663,21364,-37,-10,0,
46466367,20792,21284,-38,-11,0,
46466372,20902,21213,-41,-12,0,
46466377,20989,21153,-42,-13,0,
46466382,21053,21104,-43,-14,0,
46466387,21094,21063,-45,-16,0,
46466392,21116,21028,-45,-17,0,
46466397,21128,20998,-43,-18,0,
46466402,21128,20971,-42,-20,0,
46466407,21128,20948,-43,-21,0,
46466412,21136,20926,-44,-22,0,
46466417,21144,20903,-45,-24,0,
46466422,21157,20882,-47,-26,0,
46466427,21172,20863,-48,-27,0,
46466432,21187,20844,-47,-29,0,
46466437,21198,20831,-47,-29,0,
46466442,21205,20820,-47,-29,0,
46466447,21205,20820,-48,-26,0,
46466452,21205,20820,-47,-25,0,
46466457,21195,20820,-47,-23,0,
46466462,21183,20828,-47,-23,0,
46466467,21167,20843,-45,-23,0,
46466472,21152,20865,-44,-23,0,
46466477,21138,20891,-44,-22,0,
46466482,21125,20919,-43,-22,0,
46466487,21115,20948,-43,-22,0,
46466492,21104,20974,-43,-22,0,
46466497,21096,20999,-43,-22,0,
46466502,21096,21017,-41,-22,0,
46466507,21096,21032,-41,-22,0,
46466512,21096,21042,-40,-24,0,
46466517,21096,21051,-40,-24,0,
46466522,21107,21061,-40,-24,0,
46466527,21107,21070,-40,-24,0,
46466532,21118,21082,-40,-25,0,
46466537,21125,21094,-40,-25,0,
46466542,21133,21108,-39,-25,0,
46466547,21141,21123,-38,-27,0,
46466552,21141,21141,-37,-26,0,
46466557,21150,21160,-37,-26,0,
46466562,21150,21178,-37,-26,0,
46466567,21150,21199,-37,-28,0,
46466572,21159,21216,-37,-28,0,
46466577,21159,21231,-37,-28,0,
46466582,21159,21244,-37,-28,0,
46466587,21159,21251,-37,-28,0,
46466592,21159,21251,-37,-28,0,
46466597,21159,21259,-36,-28,0,
46466602,21159,21259,-36,-28,0,
46466607,21166,21259,-34,-28,0,
46466612,21166,21259,-34,-28,0,
46466617,21166,21259,-35,-27,0,
46466622,21166,21247,-35,-27,0,
46466627,21166,21247,-35,-27,0,
46466632,21166,21238,-35,-27,0,
46466637,21152,21238,-35,-27,0,
46466642,21141,21238,-35,-27,0,
46466647,21128,21238,-33,-27,0,
46466652,21116,21238,-33,-27,0,
46466657,21106,21238,-32,-26,0,
46466662,21097,21238,-32,-26,0,
46466667,21097,21228,-32,-26,0,
46466672,21086,21221,-32,-26,0,
46466677,21086,21212,-32,-26,0,
46466682,21086,21202,-30,-26,0,
46466687,21077,21193,-30,-26,0,
46466692,21070,21185,-29,-24,0,
46466697,21062,21185,-29,-24,0,
46466702,21051,21178,-29,-24,0,
46466707,21041,21178,-27,-25,0,
46466712,21033,21178,-27,-25,0,
46466717,21024,21171,-26,-24,0,
46466722,21024,21171,-26,-24,0,
46466727,21014,21160,-26,-24,0,
46466732,21014,21151,-26,-24,0,
46466737,21014,21141,-26,-24,0,
46466742,21014,21130,-26,-22,0,
46466747,21014,21120,-26,-22,0,
46466752,21014,21112,-26,-22,0,
46466757,21014,21112,-26,-22,0,
46466762,21022,21103,-25,-23,0,
46466767,21022,21103,-25,-23,0,
46466772,21032,21103,-24,-22,0,
46466777,21032,21103,-24,-20,0,
46466782,21032,21103,-24,-20,6,
46466787,21039,21103,-24,-20,31,
46466792,21039,21113,-24,-20,54,
46466797,21046,21120,-24,-20,78,
46466802,21046,21127,-24,-20,104,
46466807,21046,21127,-24,-20,137,
46466812,21056,21137,-24,-20,166,
46466817,21056,21137,-24,-20,189,
46466822,21056,21145,-24,-20,208,
46466827,21068,21145,-24,-20,226,
46466832,21068,21157,-24,-20,250,
46466837,21068,21164,-24,-20,281,
46466842,21078,21164,-24,-20,319,
46466847,21078,21173,-24,-20,349,
46466852,21087,21173,-24,-20,379,
46466857,21087,21180,-24,-20,406,
46466862,21087,21180,-24,-20,429,
46466867,21087,21190,-24,-20,450,
46466872,21094,21190,-24,-22,472,
46466877,21094,21199,-24,-22,491,
46466882,21103,21199,-24,-22,507,
46466887,21103,21208,-24,-22,524,
46466892,21112,21208,-24,-22,536,
46466897,21112,21220,-24,-22,548,
46466902,21120,21220,-24,-22,558,
46466907,21129,21229,-24,-22,569,
46466912,21140,21229,-24,-22,572,
46466917,21155,21239,-24,-22,575,
46466922,21172,21239,-24,-24,600,
46466927,21189,21254,-24,-24,621,
46466932,21208,21263,-24,-24,631,
46466937,21230,21273,-24,-24,631,
46466942,21254,21283,-24,-24,644,
46466947,21274,21293,-24,-24,668,
46466952,21297,21302,-24,-24,682,
46466957,21319,21312,-25,-23,682,
46466962,21344,21324,-25,-23,687,
46466967,21375,21338,-25,-23,701,
46466972,21402,21354,-25,-23,720,
46466977,21433,21371,-24,-24,733,
46466982,21460,21388,-23,-25,746,
46466987,21488,21401,-23,-25,761,
46466992,21516,21415,-21,-25,766,
46466997,21547,21427,-21,-25,767,
46467002,21581,21442,-20,-26,775,
46467007,21619,21460,-20,-26,777,
46467012,21660,21482,-18,-25,781,
46467017,21703,21506,-18,-25,791,
46467022,21746,21531,-17,-26,792,
46467027,21791,21561,-17,-26,790,
46467032,21833,21590,-16,-25,797,
46467037,21871,21620,-16,-25,804,
46467042,21909,21653,-16,-25,796,
46467047,21951,21683,-16,-25,793,
46467052,21991,21710,-15,-24,807,
46467057,22029,21732,-15,-24,827,
46467062,22061,21751,-15,-24,830,
46467067,22088,21768,-15,-24,827,
46467072,22114,21784,-17,-23,821,
46467077,22139,21799,-17,-23,822,
46467082,22163,21808,-19,-23,823,
46467087,22181,21808,-19,-23,819,
46467092,22195,21817,-19,-22,807,
46467097,22208,21817,-19,-21,793,
46467102,22219,21817,-19,-21,772,
46467107,22226,21817,-21,-19,743,
46467112,22226,21817,-21,-19,700,
46467117,22234,21817,-21,-19,645,
46467122,22234,21824,-21,-19,580,
46467127,22234,21824,-21,-21,486,
46467132,22234,21824,-21,-21,344,
46467137,22234,21824,-21,-21,127,
46467142,22234,21824,-21,-21,0,
46467147,22234,21824,-21,-21,0,
46467152,22234,21810,-23,-20,0,
46467157,22244,21795,-23,-20,0,
46467162,22262,21772,-24,-20,0,
46467167,22284,21740,-24,-18,0,
46467172,22311,21701,-24,-18,0,
46467177,22333,21663,-24,-18,0,
46467182,22343,21628,-26,-17,0,
46467187,22343,21598,-25,-16,0,
46467192,22315,21577,-27,-15,0,
46467197,22268,21562,-29,-16,0,
46467202,22201,21562,-29,-18,0,
46467207,22113,21584,-29,-20,0,
46467212,22010,21614,-29,-20,0,
46467217,21902,21652,-29,-18,0,
46467222,21902,21652,-29,-18,0,
46467439,21097,16311,-51,-24,0,
46467444,21097,16303,-50,-23,0,
46467449,21097,16290,-50,-23,0,
46467454,21089,16273,-49,-22,0,
46467459,21089,16251,-49,-22,0,
46467464,21082,16229,-49,-22,0,
46467469,21082,16208,-49,-22,0,
46467474,21082,16183,-49,-22,0,
46467479,21082,16159,-46,-20,0,
46467484,21082,16136,-46,-20,0,
46467489,21082,16113,-46,-19,0,
46467494,21073,16091,-45,-18,0,
46467499,21073,16066,-45,-17,0,
46467504,21056,16041,-43,-17,0,
46467509,21035,16014,-42,-16,0,
46467514,21008,15987,-41,-15,0,
46467519,20979,15959,-39,-13,0,
46467524,20950,15929,-38,-12,0,
46467529,20928,15898,-37,-11,0,
46467534,20910,15869,-35,-11,0,
46467539,20896,15843,-33,-10,0,
46467544,20896,15821,-31,-10,0,
46467549,20896,15806,-30,-9,0,
46467554,20903,15795,-29,-9,0,
46467559,20924,15787,-28,-8,0,
46467564,20950,15780,-26,-8,0,
46467569,20979,15780,-25,-6,0,
46467574,21007,15768,-24,-6,0,
46467579,21035,15761,-22,-6,0,
46467584,21059,15761,-21,-5,0,
46467589,21079,15746,-20,-5,0,
46467594,21093,15738,-20,-5,0,
46467599,21100,15738,-20,-5,0,
46467604,21100,15728,-20,-5,0,
46467609,21100,15728,-20,-5,0,
46467614,21108,15721,-20,-5,0,
46467619,21108,15721,-20,-5,0,
46467624,21108,15710,-20,-5,0,
46467629,21117,15710,-20,-5,0,
46467634,21117,15701,-20,-5,0,
46467639,21131,15701,-20,-5,0,
46467644,21141,15701,-20,-5,0,
46467649,21153,15701,-20,-5,0,
46467654,21165,15711,-20,-5,0,
46467659,21175,15711,-20,-5,0,
46467664,21186,15723,-20,-5,0,
46467669,21198,15723,-20,-5,0,
46467674,21210,15736,-20,-5,0,
46467679,21219,15736,-20,-5,0,
46467684,21219,15747,-20,-5,0,
46467689,21219,15754,-20,-5,0,
46467694,21219,15754,-20,-5,0,
46467699,21219,15754,-20,-5,0,
46467704,21219,15754,-20,-5,0,
46467709,21212,15754,-20,-5,0,
46467714,21212,15754,-21,-5,0,
46467719,21212,15742,-21,-5,0,
46467724,21212,15731,-21,-5,0,
46467729,21212,15718,-21,-5,0,
46467734,21212,15704,-21,-5,0,
46467739,21219,15691,-21,-5,0,
46467744,21219,15677,-20,-5,0,
46467749,21219,15665,-20,-5,0,
46467754,21219,15652,-20,-5,0,
46467759,21219,15637,-20,-5,0,
46467764,21226,15624,-20,-5,0,
46467769,21226,15610,-20,-5,0,
46467774,21226,15599,-20,-5,0,
46467779,21226,15591,-20,-5,0,
46467784,21226,15591,-20,-5,0,
46467789,21226,15581,-20,-5,0,
46467794,21226,15581,-20,-5,0,
46467799,21226,15581,-20,-5,0,
46467804,21233,15581,-20,-5,0,
46467809,21233,15572,-20,-5,0,
46467814,21241,15572,-20,-5,0,
46467819,21241,15563,-20,-5,0,
46467824,21241,15563,-18,-5,0,
46467829,21248,15553,-18,-5,0,
46467834,21248,15553,-17,-5,0,
46467839,21248,15545,-17,-5,0,
46467844,21248,15545,-17,-5,0,
46467849,21248,15537,-17,-5,0,
46467854,21248,15537,-16,-4,0,
46467859,21248,15537,-16,-4,0,
46467864,21241,15537,-16,-4,0,
46467869,21241,15537,-16,-4,0,
46467874,21241,15544,-16,-4,0,
46467879,21241,15544,-16,-4,0,
46467884,21241,15555,-16,-4,0,
46467889,21234,15563,-16,-4,0,
46467894,21234,15571,-16,-4,0,
46467899,21234,15579,-16,-4,0,
46467904,21234,15586,-16,-4,0,
46467909,21234,15586,-16,-4,0,
46467914,21234,15596,-17,-5,0,
46467919,21234,15596,-17,-5,0,
46467924,21234,15596,-17,-5,0,
46467929,21234,15596,-17,-5,0,
46467934,21234,15596,-17,-5,0,
46467939,21234,15596,-17,-5,0,
46467944,21234,15596,-17,-5,0,
46467949,21242,15596,-17,-5,0,
46467954,21242,15588,-17,-5,0,
46467959,21249,15588,-17,-5,0,
46467964,21249,15577,-17,-5,0,
46467969,21249,15577,-17,-5,0,
46467974,21259,15567,-17,-5,0,
46467979,21259,15567,-17,-5,0,
46467984,21268,15557,-17,-5,0,
46467989,21268,15557,-16,-4,0,
46467994,21277,15547,-16,-4,0,
46467999,21277,15547,-17,-4,0,
46468004,21277,15547,-17,-4,0,
46468009,21277,15540,-19,-4,0,
46468014,21277,15540,-19,-4,0,
46468019,21277,15540,-19,-4,0,
46468024,21277,15531,-19,-4,0,
46468029,21277,15531,-19,-4,0,
46468034,21277,15531,-19,-4,0,
46468039,21277,15531,-19,-4,0,
46468044,21277,15531,-19,-4,0,
46468049,21277,15531,-19,-4,0,
46468054,21277,15531,-19,-4,0,
46468059,21277,15531,-19,-4,0,
46468064,21286,15531,-19,-4,0,
46468069,21286,15531,-19,-4,0,
46468074,21297,15531,-19,-4,0,
46468079,21297,15531,-19,-4,0,
46468084,21297,15531,-19,-4,0,
46468089,21304,15531,-19,-4,0,
46468094,21304,15531,-19,-4,0,
46468099,21304,15531,-19,-4,0,
46468104,21304,15531,-19,-4,0,
46468109,21304,15531,-19,-4,0,
46468114,21297,15531,-19,-4,0,
46468119,21297,15531,-19,-4,0,
46468124,21297,15541,-19,-4,0,
46468129,21297,15541,-19,-4,0,
46468134,21297,15549,-19,-4,0,
46468139,21297,15549,-19,-4,0,
46468144,21297,15557,-19,-4,0,
46468149,21304,15557,-19,-4,0,
46468154,21304,15557,-19,-4,0,
46468159,21318,15557,-19,-4,0,
46468164,21318,15557,-17,-4,0,
46468169,21318,15557,-17,-4,0,
46468174,21318,15557,-16,-4,0,
46468179,21318,15557,-17,-5,0,
46468184,21318,15557,-17,-5,0,
46468189,21318,15548,-17,-5,0,
46468190,21318,15548,-17,-5,13,
46468195,21311,15548,-17,-5,5,
46468200,21311,15548,-17,-5,0,
46468205,21304,15541,-17,-5,0,
46468210,21304,15541,-17,-5,0,
46468214,21318,15548,-17,-5,10,
46468219,21304,15541,-17,-5,27,
46468224,21304,15541,-17,-5,31,
46468229,21304,15541,-17,-5,32,
46468234,21304,15541,-17,-5,38,
46468239,21304,15548,-17,-5,49,
46468244,21304,15548,-17,-5,67,
46468249,21304,15548,-16,-6,88,
46468254,21304,15548,-16,-6,110,
46468259,21304,15548,-16,-6,134,
46468264,21304,15555,-16,-6,160,
46468269,21304,15555,-15,-6,186,
46468274,21304,15555,-15,-6,213,
46468279,21304,15562,-13,-6,244,
46468284,21304,15562,-13,-6,273,
46468289,21304,15562,-13,-6,299,
46468294,21304,15562,-13,-6,328,
46468299,21304,15562,-13,-6,355,
46468304,21313,15562,-13,-6,385,
46468309,21313,15569,-13,-6,412,
46468314,21323,15569,-13,-6,439,
46468319,21334,15569,-13,-6,459,
46468324,21346,15569,-13,-6,476,
46468329,21365,15569,-12,-6,498,
46468334,21384,15576,-12,-6,527,
46468339,21403,15576,-10,-6,561,
46468344,21428,15576,-10,-7,583,
46468349,21456,15576,-10,-7,591,
46468354,21487,15576,-8,-7,600,
46468359,21520,15583,-6,-6,627,
46468364,21549,15583,-7,-8,659,
46468369,21579,15583,-5,-8,677,
46468374,21615,15592,-5,-8,680,
46468379,21654,15592,-4,-8,694,
46468384,21697,15602,-4,-8,701,
46468389,21743,15602,-2,-7,720,
46468394,21788,15616,-2,-7,732,
46468399,21841,15628,-2,-7,735,
46468404,21901,15640,-2,-9,747,
46468409,21960,15654,-2,-9,769,
46468414,22023,15670,-2,-9,772,
46468419,22092,15687,-4,-10,777,
46468424,22161,15707,-4,-10,781,
46468429,22236,15726,-5,-9,795,
46468434,22304,15740,-5,-9,804,
46468439,22369,15751,-7,-10,796,
46468444,22434,15762,-7,-10,785,
46468449,22502,15775,-8,-9,776,
46468454,22570,15791,-8,-9,766,
46468459,22633,15803,-9,-9,754,
46468464,22687,15812,-9,-9,695,
46468469,22734,15812,-11,-10,601,
46468474,22775,15821,-11,-10,469,
46468479,22806,15821,-12,-9,280,
46468484,22806,15821,-12,-9,0,
46468489,22813,15829,-13,-9,0,
46468494,22782,15829,-13,-9,0,
46468499,22736,15837,-15,-9,0,
46468504,22690,15837,-14,-10,0,
46468509,22653,15847,-16,-10,0,
46468514,22633,15847,-16,-10,0,
46468519,22624,15856,-17,-10,0,
46468524,22624,15863,-18,-9,0,
46468529,22612,15881,-19,-9,0,
46468534,22593,15917,-20,-9,0,
46468539,22565,15975,-21,-9,0,
46468544,22525,16056,-23,-9,0,
46468549,22466,16152,-23,-9,0,
46468554,22387,16262,-24,-10,0,
46468559,22286,16393,-24,-12,0,
46468564,22165,16544,-24,-13,0,
46468569,22033,16719,-25,-15,0,
46468574,21897,16915,-23,-19,0,
46468579,21749,17132,-21,-19,0,
46468584,21596,17360,-19,-21,0,
46468589,21596,17360,-19,-21,0,
46468819,17604,24392,14,-46,0,
46468824,17568,24383,14,-44,0,
46468829,17496,24367,14,-44,0,
46468834,17391,24342,14,-44,0,
46468839,17246,24312,14,-43,0,
46468844,17103,24291,13,-43,0,
46468849,16963,24269,11,-44,0,
46468854,16829,24253,7,-42,0,
46468859,16708,24237,5,-42,0,
46468864,16599,24216,2,-41,0,
46468869,16509,24196,0,-40,0,
46468874,16444,24170,-1,-40,0,
46468879,16401,24139,-4,-38,0,
46468884,16380,24103,-5,-37,0,
46468889,16371,24064,-7,-36,0,
46468894,16371,24025,-9,-34,0,
46468899,16363,23990,-11,-32,0,
46468904,16363,23957,-14,-31,0,
46468909,16371,23931,-17,-28,0,
46468914,16382,23913,-19,-26,0,
46468919,16382,23902,-21,-25,0,
46468924,16391,23902,-21,-25,0,
46468929,16391,23902,-20,-24,0,
46468934,16391,23902,-19,-23,0,
46468939,16391,23902,-17,-23,0,
46468944,16391,23895,-16,-22,0,
46468949,16391,23881,-16,-20,0,
46468954,16391,23864,-14,-20,0,
46468959,16391,23843,-15,-19,0,
46468964,16409,23819,-13,-19,0,
46468969,16429,23792,-13,-19,0,
46468974,16452,23762,-13,-17,0,
46468979,16474,23733,-13,-17,0,
46468984,16493,23709,-13,-17,0,
46468989,16512,23686,-13,-17,0,
46468994,16531,23667,-13,-17,0,
46468999,16550,23653,-13,-17,0,
46469004,16567,23641,-13,-19,0,
46469009,16582,23634,-13,-20,0,
46469014,16595,23634,-13,-22,0,
46469019,16611,23622,-13,-22,0,
46469024,16630,23615,-13,-25,0,
46469029,16655,23606,-13,-27,0,
46469034,16684,23597,-13,-28,0,
46469039,16713,23589,-13,-30,0,
46469044,16747,23589,-13,-31,0,
46469049,16783,23578,-14,-32,0,
46469054,16820,23578,-14,-34,0,
46469059,16858,23567,-15,-35,0,
46469064,16890,23567,-15,-37,0,
46469069,16916,23567,-16,-38,0,
46469074,16938,23567,-16,-39,0,
46469079,16955,23567,-17,-39,0,
46469084,16970,23567,-17,-39,0,
46469089,16985,23577,-17,-39,0,
46469094,16997,23585,-17,-39,0,
46469099,17010,23592,-17,-39,0,
46469104,17024,23592,-19,-38,0,
46469109,17037,23592,-19,-38,0,
46469114,17050,23592,-20,-38,0,
46469119,17061,23592,-20,-38,0,
46469124,17061,23583,-20,-38,0,
46469129,17072,23576,-20,-38,0,
46469134,17072,23566,-20,-36,0,
46469139,17072,23556,-20,-36,0,
46469144,17072,23547,-20,-36,0,
46469149,17072,23537,-20,-36,0,
46469154,17072,23530,-20,-36,0,
46469159,17072,23520,-19,-35,0,
46469164,17059,23509,-19,-35,0,
46469169,17059,23497,-18,-35,0,
46469174,17045,23485,-18,-34,0,
46469179,17035,23474,-18,-34,0,
46469184,17026,23462,-18,-34,0,
46469189,17014,23453,-18,-32,0,
46469194,17001,23442,-18,-32,0,
46469199,16992,23433,-18,-32,0,
46469204,16980,23425,-17,-33,0,
46469209,16967,23418,-17,-31,0,
46469214,16955,23418,-15,-30,0,
46469219,16941,23409,-15,-30,0,
46469224,16930,23409,-15,-30,0,
46469229,16919,23401,-15,-30,0,
46469234,16908,23401,-15,-30,0,
46469239,16898,23401,-15,-30,0,
46469244,16887,23391,-15,-30,0,
46469249,16877,23391,-15,-30,0,
46469254,16870,23381,-15,-30,0,
46469259,16860,23381,-15,-30,0,
46469264,16852,23373,-15,-30,0,
46469269,16843,23373,-15,-30,0,
46469274,16834,23373,-15,-30,0,
46469279,16827,23363,-14,-31,0,
46469284,16827,23363,-14,-31,0,
46469289,16827,23352,-13,-31,0,
46469294,16827,23352,-13,-30,0,
46469299,16827,23343,-13,-30,0,
46469304,16827,23343,-13,-30,0,
46469309,16827,23343,-13,-30,0,
46469314,16827,23343,-13,-30,0,
46469319,16838,23343,-13,-30,0,
46469324,16838,23343,-13,-30,0,
46469329,16838,23343,-13,-30,0,
46469334,16846,23343,-13,-30,0,
46469339,16846,23335,-13,-30,0,
46469344,16853,23335,-13,-30,0,
46469349,16853,23335,-13,-30,0,
46469354,16853,23328,-13,-30,0,
46469359,16853,23328,-13,-28,0,
46469364,16853,23317,-13,-28,0,
46469369,16861,23317,-13,-28,0,
46469374,16870,23306,-13,-28,0,
46469379,16878,23306,-13,-28,0,
46469384,16887,23306,-13,-28,0,
46469389,16894,23297,-13,-28,0,
46469394,16902,23297,-13,-28,0,
46469399,16902,23297,-13,-28,0,
46469398,16902,23297,-13,-28,7,
46469403,16911,23290,-13,-28,33,
46469408,16911,23290,-13,-27,58,
46469413,16911,23290,-12,-27,92,
46469418,16921,23290,-12,-27,131,
46469423,16921,23290,-10,-27,168,
46469428,16934,23290,-10,-27,210,
46469433,16942,23282,-10,-27,254,
46469438,16953,23282,-10,-27,304,
46469443,16964,23273,-10,-27,353,
46469448,16975,23273,-10,-27,390,
46469453,16985,23273,-10,-27,412,
46469458,16985,23273,-10,-27,423,
46469463,16998,23273,-10,-27,432,
46469468,17009,23273,-10,-27,445,
46469473,17023,23265,-10,-27,458,
46469478,17041,23265,-10,-27,476,
46469483,17063,23256,-10,-27,493,
46469488,17082,23256,-10,-27,503,
46469493,17099,23248,-10,-27,524,
46469498,17116,23248,-12,-26,534,
46469503,17130,23239,-12,-26,542,
46469508,17150,23239,-13,-25,546,
46469513,17171,23230,-12,-26,553,
46469518,17192,23230,-12,-26,570,
46469523,17217,23216,-10,-25,581,
46469528,17243,23206,-9,-26,580,
46469533,17272,23195,-9,-27,579,
46469538,17304,23184,-8,-28,586,
46469543,17335,23174,-7,-28,596,
46469548,17366,23165,-5,-27,599,
46469553,17399,23154,-3,-27,598,
46469558,17434,23142,-3,-27,602,
46469563,17470,23131,-2,-27,604,
46469568,17506,23119,-1,-27,607,
46469573,17540,23108,-1,-27,621,
46469578,17575,23097,0,-27,630,
46469583,17614,23085,0,-27,627,
46469588,17659,23072,0,-27,624,
46469593,17707,23060,0,-27,629,
46469598,17754,23048,0,-27,642,
46469603,17798,23041,0,-27,645,
46469608,17842,23041,0,-27,642,
46469613,17887,23030,0,-27,640,
46469618,17932,23030,0,-27,642,
46469623,17975,23019,0,-27,654,
46469628,18017,23010,0,-27,654,
46469633,18059,22999,0,-27,651,
46469638,18102,22988,0,-27,652,
46469643,18148,22973,-1,-27,662,
46469648,18191,22959,-1,-27,669,
46469653,18230,22946,-2,-27,671,
46469658,18270,22934,-2,-27,668,
46469663,18309,22923,-2,-27,670,
46469668,18352,22910,-2,-27,671,
46469673,18397,22894,-2,-27,670,
46469678,18446,22877,-2,-27,670,
46469683,18495,22858,-3,-27,670,
46469688,18542,22841,-3,-27,672,
46469693,18588,22823,-5,-27,678,
46469698,18638,22808,-5,-27,673,
46469703,18687,22795,-5,-27,671,
46469708,18738,22780,-5,-27,675,
46469713,18787,22770,-5,-27,682,
46469718,18830,22757,-5,-27,692,
46469723,18874,22747,-7,-28,690,
46469728,18916,22737,-7,-28,691,
46469733,18964,22724,-8,-28,687,
46469738,19016,22710,-8,-28,688,
46469743,19070,22692,-8,-28,688,
46469748,19126,22677,-8,-28,688,
46469753,19178,22663,-9,-27,691,
46469758,19229,22650,-9,-27,695,
46469763,19276,22638,-10,-27,691,
46469768,19322,22625,-10,-27,691,
46469773,19366,22612,-10,-27,693,
46469778,19410,22599,-10,-27,694,
46469783,19454,22584,-9,-29,694,
46469788,19500,22569,-9,-29,692,
46469793,19548,22553,-7,-29,692,
46469798,19593,22539,-7,-29,690,
46469803,19639,22527,-7,-29,690,
46469808,19683,22515,-7,-29,691,
46469813,19726,22505,-7,-29,691,
46469818,19768,22496,-6,-28,695,
46469823,19807,22485,-6,-28,703,
46469828,19846,22473,-5,-28,701,
46469833,19885,22461,-5,-28,700,
46469838,19927,22450,-5,-28,700,
46469843,19977,22441,-5,-28,699,
46469848,20026,22441,-5,-28,705,
46469853,20074,22431,-5,-28,711,
46469858,20119,22431,-5,-28,708,
46469863,20158,22424,-6,-28,709,
46469868,20196,22424,-6,-28,708,
46469873,20235,22424,-7,-29,714,
46469878,20272,22424,-7,-29,723,
46469883,20309,22415,-7,-29,718,
46469888,20345,22415,-9,-29,716,
46469893,20378,22406,-9,-29,720,
46469898,20413,22406,-10,-28,725,
46469903,20446,22394,-10,-28,723,
46469908,20479,22385,-10,-28,720,
46469913,20515,22375,-10,-28,718,
46469918,20548,22363,-10,-28,720,
46469923,20585,22350,-10,-28,721,
46469928,20621,22338,-11,-29,723,
46469933,20656,22325,-11,-29,721,
46469938,20690,22314,-13,-28,721,
46469943,20722,22305,-13,-28,720,
46469948,20751,22296,-13,-28,720,
46469953,20782,22285,-13,-28,720,
46469958,20816,22275,-13,-28,718,
46469963,20853,22263,-13,-28,709,
46469968,20892,22250,-14,-28,704,
46469973,20931,22240,-14,-28,705,
46469978,20967,22240,-16,-29,707,
46469983,20995,22228,-16,-29,709,
46469988,21017,22228,-16,-29,710,
46469993,21041,22228,-16,-29,707,
46469998,21063,22217,-16,-27,700,
46470003,21091,22217,-16,-27,697,
46470008,21123,22202,-18,-27,698,
46470013,21158,22189,-18,-27,698,
46470018,21195,22177,-18,-27,699,
46470023,21230,22163,-18,-27,696,
46470028,21263,22154,-18,-27,688,
46470033,21292,22154,-19,-26,690,
46470038,21318,22143,-19,-26,690,
46470043,21341,22143,-21,-27,688,
46470048,21362,22143,-21,-27,690,
46470053,21381,22134,-21,-27,691,
46470058,21402,22134,-19,-26,688,
46470063,21423,22134,-19,-26,685,
46470068,21450,22134,-18,-27,688,
46470073,21477,22124,-18,-27,688,
46470078,21503,22117,-16,-27,688,
46470083,21527,22117,-16,-27,688,
46470088,21550,22106,-15,-27,686,
46470093,21574,22106,-15,-27,678,
46470098,21601,22092,-14,-26,677,
46470103,21627,22084,-14,-26,677,
46470108,21655,22074,-13,-27,677,
46470113,21680,22063,-13,-27,671,
46470118,21702,22052,-12,-27,671,
46470123,21723,22041,-12,-27,673,
46470128,21743,22032,-10,-25,671,
46470133,21759,22024,-10,-25,670,
46470138,21777,22015,-10,-25,671,
46470143,21793,22015,-12,-26,671,
46470148,21810,22003,-12,-26,667,
46470153,21830,21995,-13,-25,662,
46470158,21852,21995,-13,-25,662,
46470163,21873,21983,-13,-25,662,
46470168,21893,21976,-13,-25,660,
46470173,21911,21976,-13,-25,660,
46470178,21926,21965,-13,-25,660,
46470183,21943,21958,-14,-26,660,
46470188,21957,21951,-14,-26,654,
46470193,21973,21940,-16,-25,653,
46470198,21989,21931,-16,-25,649,
46470203,22004,21923,-16,-25,641,
46470208,22022,21923,-16,-25,640,
46470213,22038,21914,-16,-25,638,
46470218,22050,21914,-16,-25,637,
46470223,22061,21906,-16,-25,636,
46470228,22069,21906,-17,-26,631,
46470233,22079,21906,-17,-26,622,
46470238,22090,21899,-18,-25,618,
46470243,22102,21899,-18,-25,614,
46470248,22116,21899,-18,-25,612,
46470253,22128,21888,-18,-25,610,
46470258,22140,21888,-18,-25,607,
46470263,22151,21875,-18,-24,604,
46470268,22164,21864,-18,-24,593,
46470273,22180,21851,-18,-24,592,
46470278,22201,21835,-18,-24,591,
46470283,22220,21819,-18,-24,591,
46470288,22235,21810,-18,-24,594,
46470293,22249,21803,-20,-24,593,
46470298,22258,21803,-20,-24,589,
46470303,22268,21803,-21,-23,574,
46470308,22278,21793,-21,-23,565,
46470313,22289,21793,-21,-23,548,
46470318,22300,21793,-21,-23,508,
46470323,22314,21786,-21,-23,469,
46470328,22331,21786,-21,-23,432,
46470333,22352,21786,-21,-23,368,
46470338,22374,21777,-21,-23,265,
46470343,22396,21777,-21,-21,119,
46470348,22421,21764,-21,-21,1,
46470353,22421,21764,-21,-21,0,
46470358,22475,21739,-21,-21,0,
46470363,22504,21721,-21,-21,0,
46470368,22524,21701,-21,-21,0,
46470373,22539,21679,-21,-21,0,
46470378,22539,21654,-23,-20,0,
46470383,22539,21626,-23,-20,0,
46470388,22539,21594,-24,-20,0,
46470393,22522,21559,-24,-18,0,
46470398,22496,21527,-24,-20,0,
46470403,22455,21501,-26,-20,0,
46470408,22404,21487,-25,-23,0,
46470413,22342,21487,-26,-24,0,
46470418,22271,21500,-26,-26,0,
46470423,22189,21530,-26,-28,0,
46470428,22094,21569,-26,-29,0,
46470433,21990,21618,-26,-29,0,
46470438,21882,21674,-26,-29,0,
46470443,21778,21726,-26,-28,0,
46470448,21677,21774,-25,-27,0,
46470453,21583,21816,-24,-26,0,
46470458,21503,21848,-23,-25,0,
46470463,21434,21871,-23,-25,0,
46470468,21386,21885,-22,-24,0,
46470473,21361,21885,-25,-23,0,
46470478,21361,21869,-29,-20,0,
46470483,21372,21841,-34,-18,0,
46470488,21401,21800,-38,-15,0,
46470493,21446,21752,-40,-11,0,
46470498,21504,21699,-41,-7,0,
46470503,21574,21639,-41,-3,0,
46470508,21649,21578,-40,-1,0,
46470513,21729,21516,-40,-1,0,
46470518,21801,21456,-40,-2,0,
46470523,21873,21401,-39,-6,0,
46470528,21947,21351,-42,-8,0,
46470533,22014,21307,-41,-11,0,
46470538,22078,21271,-42,-13,0,
46470543,22134,21240,-42,-16,0,
46470548,22181,21216,-41,-18,0,
46470553,22225,21199,-38,-21,0,
46470558,22265,21186,-35,-24,0,
46470563,22298,21178,-31,-27,0,
46470568,22325,21178,-27,-30,0,
46470573,22346,21178,-24,-33,0,
46470578,22366,21192,-23,-36,0,
46470583,22384,21205,-22,-41,0,
46470588,22403,21218,-25,-41,0,
46470593,22416,21230,-26,-40,0,
46470598,22424,21242,-27,-41,0,
46470603,22424,21257,-28,-40,0,
46470608,22424,21273,-29,-40,0,
46470613,22417,21289,-30,-39,0,
46470618,22409,21305,-30,-37,0,
46470623,22398,21322,-30,-37,0,
46470628,22384,21340,-30,-37,0,
46470633,22368,21361,-30,-37,0,
46470638,22355,21378,-31,-37,0,
46470643,22342,21396,-31,-37,0,
46470648,22333,21412,-31,-37,0,
46470653,22326,21426,-31,-37,0,
46470658,22316,21439,-29,-36,0,
46470663,22316,21453,-29,-36,0,
46470668,22308,21466,-28,-37,0,
46470673,22308,21478,-28,-36,0,
46470678,22308,21492,-28,-36,0,
46470683,22315,21506,-27,-36,0,
46470688,22315,21519,-27,-36,0,
46470693,22315,21533,-26,-35,0,
46470698,22315,21546,-26,-35,0,
46470703,22315,21557,-26,-35,0,
46470708,22315,21569,-26,-35,0,
46470713,22315,21581,-25,-34,0,
46470718,22307,21592,-25,-34,0,
46470723,22307,21602,-26,-33,0,
46470728,22307,21612,-26,-32,0,
46470733,22307,21612,-26,-29,0,
46470738,22307,21621,-26,-28,0,
46470743,22307,21621,-25,-27,0,
46470748,22307,21628,-25,-25,0,
46470753,22307,21628,-24,-24,0,
46470758,22315,21642,-24,-22,0,
46470763,22315,21642,-24,-20,0,
46470768,22322,21654,-24,-18,0,
46470773,22322,21654,-25,-17,0,
46470778,22322,21665,-24,-15,0,
46470783,22322,21672,-25,-15,0,
46470788,22322,21672,-24,-13,0,
46470793,22331,21685,-24,-12,0,
46470798,22331,21693,-24,-12,0,
46470803,22331,21705,-24,-12,0,
46470808,22331,21718,-24,-12,0,
46470813,22331,21732,-24,-12,0,
46470818,22331,21744,-24,-12,0,
46470823,22331,21752,-24,-12,0,
46470828,22331,21760,-24,-12,0,
46470833,22331,21760,-24,-13,0,
46470838,22331,21770,-24,-13,0,
46470843,22331,21770,-24,-13,0,
46470848,22331,21770,-24,-13,0,
46470853,22331,21770,-24,-13,0,
46470858,22331,21770,-24,-13,0,
46470863,22317,21770,-25,-15,0,
46470868,22309,21770,-25,-15,0,
46470873,22300,21770,-25,-15,0,
46470878,22291,21770,-25,-15,0,
46470883,22280,21781,-25,-15,0,
46470888,22280,21789,-24,-15,0,
46470893,22268,21796,-24,-15,0,
46470898,22268,21805,-24,-15,0,
46470903,22268,21814,-24,-15,0,
46470908,22258,21822,-24,-15,0,
46470913,22249,21832,-23,-17,0,
46470918,22240,21841,-23,-17,0,
46470923,22232,21851,-21,-17,0,
46470928,22232,21858,-21,-17,0,
46470933,22232,21858,-21,-17,0,
46470938,22232,21858,-21,-17,0,
46470943,22232,21858,-21,-17,0,
46470948,22232,21858,-21,-17,0,
46470953,22232,21847,-21,-17,0,
46470958,22244,21838,-21,-17,0,
46470963,22258,21827,-22,-19,0,
46470968,22275,21813,-22,-19,0,
46470973,22293,21799,-22,-19,0,
46470978,22311,21787,-21,-17,0,
46470983,22328,21776,-21,-17,0,
46470988,22343,21767,-21,-17,0,
46470993,22356,21758,-21,-17,0,
46470998,22356,21751,-21,-17,0,
46471003,22367,21751,-21,-17,0,
46471008,22367,21751,-21,-17,0,
46471013,22374,21751,-21,-17,0,
46471018,22374,21751,-21,-17,0,
46471023,22374,21751,-21,-17,0,
46471028,22374,21751,-21,-17,0,
46471033,22374,21759,-21,-17,0,
46471038,22374,21759,-21,-17,0,
46471046,22374,21759,-23,-17,19,
46471051,22382,21769,-23,-17,48,
46471056,22382,21769,-25,-17,71,
46471061,22382,21776,-25,-17,94,
46471066,22382,21776,-25,-17,119,
46471071,22382,21776,-25,-17,148,
46471076,22382,21776,-25,-17,180,
46471081,22382,21776,-23,-17,213,
46471086,22382,21776,-23,-17,243,
46471091,22382,21776,-21,-17,269,
46471096,22374,21776,-21,-17,292,
46471101,22374,21776,-21,-17,312,
46471106,22374,21767,-21,-17,328,
46471111,22374,21767,-21,-17,343,
46471116,22374,21756,-21,-17,355,
46471121,22374,21756,-21,-17,367,
46471126,22374,21747,-21,-17,379,
46471131,22374,21747,-21,-17,393,
46471136,22374,21740,-21,-17,410,
46471141,22374,21733,-21,-17,429,
46471146,22374,21733,-21,-17,447,
46471151,22374,21721,-21,-17,464,
46471156,22374,21710,-21,-17,486,
46471161,22374,21694,-21,-17,501,
46471166,22374,21671,-21,-17,512,
46471171,22374,21647,-21,-17,526,
46471176,22374,21621,-21,-17,549,
46471181,22374,21596,-21,-17,558,
46471186,22374,21571,-21,-17,563,
46471191,22374,21546,-21,-17,569,
46471196,22374,21521,-21,-17,578,
46471201,22374,21496,-21,-17,594,
46471206,22374,21470,-22,-19,599,
46471211,22374,21445,-22,-19,600,
46471216,22365,21419,-22,-19,611,
46471221,22365,21392,-21,-19,631,
46471226,22365,21363,-21,-19,639,
46471231,22365,21333,-21,-19,641,
46471236,22365,21303,-21,-21,653,
46471241,22365,21274,-21,-21,664,
46471246,22365,21246,-21,-21,673,
46471251,22365,21215,-21,-23,684,
46471256,22365,21186,-21,-23,688,
46471261,22372,21154,-20,-24,692,
46471266,22372,21120,-20,-24,698,
46471271,22379,21083,-20,-24,703,
46471276,22379,21044,-20,-24,702,
46471281,22390,21007,-20,-24,709,
46471286,22390,20970,-20,-24,718,
46471291,22398,20932,-20,-24,720,
46471296,22398,20893,-21,-23,714,
46471301,22398,20849,-21,-23,716,
46471306,22408,20804,-21,-23,725,
46471311,22408,20759,-21,-23,728,
46471316,22408,20716,-21,-23,727,
46471321,22408,20675,-21,-21,729,
46471326,22408,20636,-21,-21,734,
46471331,22408,20598,-21,-21,743,
46471336,22408,20560,-21,-21,743,
46471341,22408,20520,-21,-19,744,
46471346,22418,20483,-21,-19,744,
46471351,22418,20447,-21,-19,756,
46471356,22418,20409,-21,-19,768,
46471361,22418,20372,-21,-19,766,
46471366,22418,20328,-21,-19,766,
46471371,22418,20280,-22,-19,767,
46471376,22425,20232,-22,-19,775,
46471381,22425,20184,-22,-19,777,
46471386,22425,20140,-22,-19,778,
46471391,22432,20098,-21,-17,778,
46471396,22432,20059,-21,-17,778,
46471401,22432,20018,-21,-17,780,
46471406,22421,19972,-21,-17,780,
46471411,22421,19926,-22,-16,786,
46471416,22412,19879,-22,-16,789,
46471421,22412,19833,-22,-16,796,
46471426,22412,19794,-21,-14,804,
46471431,22412,19758,-21,-14,807,
46471436,22412,19726,-21,-14,813,
46471441,22412,19692,-22,-13,823,
46471446,22412,19656,-22,-13,828,
46471451,22412,19616,-22,-13,828,
46471456,22412,19573,-21,-12,837,
46471461,22412,19535,-21,-12,840,
46471466,22419,19495,-21,-12,842,
46471471,22419,19452,-21,-12,842,
46471476,22419,19410,-21,-12,840,
46471481,22426,19364,-21,-12,841,
46471486,22426,19321,-21,-12,845,
46471491,22426,19281,-21,-12,848,
46471496,22426,19245,-22,-13,846,
46471501,22426,19211,-22,-13,847,
46471506,22437,19177,-21,-14,848,
46471511,22437,19143,-21,-14,849,
46471516,22437,19109,-21,-14,845,
46471521,22446,19073,-22,-16,848,
46471526,22446,19037,-22,-16,859,
46471531,22446,19002,-21,-17,857,
46471536,22454,18962,-21,-17,856,
46471541,22454,18919,-21,-17,856,
46471546,22463,18877,-22,-19,858,
46471551,22463,18834,-22,-19,859,
46471556,22477,18789,-22,-19,859,
46471561,22486,18744,-22,-19,859,
46471566,22496,18695,-21,-17,868,
46471571,22503,18647,-21,-17,866,
46471576,22503,18606,-21,-17,866,
46471581,22512,18570,-21,-17,866,
46471586,22512,18535,-22,-16,865,
46471591,22526,18501,-22,-16,863,
46471596,22526,18468,-22,-16,865,
46471601,22538,18431,-22,-16,865,
46471606,22538,18396,-21,-14,864,
46471611,22538,18362,-21,-14,865,
46471616,22548,18326,-21,-14,867,
46471621,22548,18293,-21,-14,865,
46471626,22560,18260,-22,-13,865,
46471631,22560,18224,-22,-13,866,
46471636,22572,18188,-22,-13,868,
46471641,22572,18145,-22,-13,871,
46471646,22584,18102,-22,-13,876,
46471651,22591,18063,-22,-13,886,
46471656,22591,18026,-21,-12,893,
46471661,22600,17995,-21,-12,890,
46471666,22600,17964,-21,-12,888,
46471671,22600,17932,-21,-12,892,
46471676,22600,17902,-21,-12,898,
46471681,22600,17871,-22,-10,897,
46471686,22600,17839,-22,-10,894,
46471691,22600,17807,-22,-10,895,
46471696,22600,17772,-22,-10,897,
46471701,22600,17735,-21,-9,896,
46471706,22609,17697,-21,-9,897,
46471711,22609,17655,-21,-9,902,
46471716,22616,17616,-22,-8,903,
46471721,22616,17583,-22,-8,907,
46471726,22616,17553,-22,-8,911,
46471731,22616,17531,-22,-6,912,
46471736,22627,17507,-22,-6,910,
46471741,22627,17473,-22,-6,911,
46471746,22636,17435,-21,-5,910,
46471751,22636,17394,-21,-5,913,
46471756,22646,17357,-21,-5,913,
46471761,22646,17327,-21,-5,912,
46471766,22659,17300,-22,-6,911,
46471771,22659,17276,-22,-6,910,
46471776,22667,17254,-22,-8,911,
46471781,22667,17228,-22,-8,911,
46471786,22678,17201,-22,-8,911,
46471791,22688,17173,-21,-9,910,
46471796,22700,17147,-21,-9,915,
46471801,22710,17124,-22,-10,920,
46471806,22718,17103,-22,-10,915,
46471811,22718,17084,-21,-12,915,
46471816,22729,17063,-21,-12,917,
46471821,22736,17041,-22,-13,915,
46471826,22743,17021,-22,-13,914,
46471831,22743,17001,-22,-13,916,
46471836,22751,16978,-21,-14,914,
46471841,22751,16954,-22,-13,913,
46471846,22759,16928,-22,-13,917,
46471851,22766,16901,-22,-13,916,
46471856,22774,16876,-24,-13,914,
46471861,22774,16850,-24,-12,917,
46471866,22781,16827,-24,-12,917,
46471871,22781,16804,-24,-12,918,
46471876,22788,16780,-24,-12,917,
46471881,22796,16752,-24,-10,912,
46471886,22804,16721,-24,-10,911,
46471891,22811,16691,-24,-10,917,
46471896,22811,16666,-24,-9,920,
46471901,22822,16648,-24,-9,916,
46471906,22822,16634,-24,-9,911,
46471911,22833,16618,-24,-9,912,
46471916,22833,16602,-23,-8,914,
46471921,22833,16585,-23,-8,915,
46471926,22833,16569,-22,-8,915,
46471931,22833,16552,-22,-8,914,
46471936,22840,16528,-22,-8,914,
46471941,22840,16502,-22,-8,915,
46471946,22840,16477,-22,-8,918,
46471951,22840,16456,-22,-6,918,
46471956,22840,16444,-24,-6,917,
46471961,22847,16434,-24,-6,915,
46471966,22847,16423,-25,-6,915,
46471971,22847,16411,-25,-6,916,
46471976,22856,16394,-25,-6,915,
46471981,22856,16380,-25,-6,916,
46471986,22856,16369,-25,-6,917,
46471991,22856,16358,-25,-6,917,
46471996,22864,16346,-24,-5,916,
46472001,22864,16332,-24,-5,916,
46472006,22864,16317,-24,-5,917,
46472011,22864,16304,-24,-5,919,
46472016,22872,16293,-24,-5,920,
46472021,22872,16279,-24,-5,920,
46472026,22872,16259,-24,-5,917,
46472031,22879,16240,-24,-5,917,
46472036,22879,16221,-24,-5,920,
46472041,22886,16204,-24,-5,919,
46472046,22893,16189,-24,-5,916,
46472051,22900,16171,-24,-5,916,
46472056,22900,16155,-24,-3,919,
46472061,22909,16142,-24,-3,919,
46472066,22909,16131,-24,-3,920,
46472071,22909,16121,-24,-3,919,
46472076,22909,16110,-24,-3,919,
46472081,22909,16098,-24,-3,920,
46472086,22916,16087,-24,-3,919,
46472091,22916,16080,-24,-3,919,
46472096,22916,16080,-24,-3,918,
46472101,22916,16070,-24,-3,917,
46472106,22916,16063,-24,-3,915,
46472111,22924,16054,-24,-3,908,
46472116,22924,16042,-24,-3,897,
46472121,22931,16028,-24,-2,878,
46472126,22931,16012,-24,-2,862,
46472131,22931,15993,-24,-2,846,
46472136,22939,15975,-24,-2,813,
46472141,22939,15956,-24,-2,761,
46472146,22949,15938,-24,-2,698,
46472151,22949,15922,-24,-2,615,
46472156,22949,15906,-24,-2,484,
46472161,22949,15888,-24,-2,285,
46472166,22949,15864,-24,-2,36,
46472171,22949,15864,-24,-1,0,
46472176,22956,15799,-26,-1,0,
46472181,22964,15770,-26,-1,0,
46472186,22981,15748,-27,-1,0,
46472191,23007,15739,-27,0,0,
46472196,23041,15739,-27,0,0,
46472201,23076,15739,-29,0,0,
46472206,23112,15739,-30,0,0,
46472211,23148,15739,-31,0,0,
46472216,23181,15739,-34,1,0,
46472221,23212,15747,-37,2,0,
46472226,23245,15747,-40,3,0,
46472231,23269,15747,-44,6,0,
46472236,23284,15756,-48,7,0,
46472241,23284,15768,-53,8,0,
46472246,23284,15781,-57,10,0,
46472251,23276,15799,-62,11,0,
46472256,23268,15817,-68,10,0,
46472261,23250,15838,-73,13,0,
46472266,23231,15868,-79,12,0,
46472271,23210,15896,-82,13,0,
46472276,23184,15931,-82,13,0,
46472281,23184,15931,-82,13,0,
