2283717,16106,21949,66,-6,0,
2283722,16106,21949,64,-7,0,
2283722,16106,21949,64,-7,38,
2283727,16091,21968,63,-8,56,
2283732,16083,21979,63,-8,90,
2283737,16083,21991,63,-9,128,
2283742,16083,22003,63,-9,160,
2283747,16075,22013,63,-9,185,
2283752,16075,22022,63,-9,204,
2283757,16075,22031,62,-11,230,
2283762,16075,22031,62,-11,255,
2283767,16075,22041,62,-11,283,
2283772,16075,22041,62,-11,310,
2283777,16075,22048,62,-11,337,
2283782,16075,22048,62,-11,365,
2283787,16075,22048,62,-12,394,
2283792,16075,22048,62,-12,421,
2283797,16075,22048,62,-12,445,
2283802,16075,22048,62,-12,465,
2283807,16075,22048,62,-12,477,
2283812,16075,22048,62,-12,486,
2283817,16075,22048,62,-12,493,
2283822,16075,22048,62,-12,498,
2283827,16075,22048,62,-12,503,
2283832,16075,22048,62,-12,510,
2283837,16075,22038,62,-12,515,
2283842,16075,22038,62,-12,521,
2283847,16075,22026,62,-12,525,
2283852,16075,22026,62,-12,531,
2283857,16075,22012,62,-12,539,
2283862,16084,22004,62,-12,544,
2283867,16084,21993,62,-12,547,
2283872,16095,21981,62,-12,556,
2283877,16095,21967,62,-12,575,
2283882,16102,21954,62,-12,576,
2283887,16102,21941,62,-11,577,
2283892,16110,21925,62,-11,587,
2283897,16110,21906,62,-11,594,
2283902,16120,21879,62,-11,602,
2283907,16120,21850,62,-11,604,
2283912,16120,21815,62,-11,610,
2283917,16129,21782,62,-11,613,
2283922,16129,21745,62,-11,619,
2283927,16137,21704,63,-9,628,
2283932,16137,21670,63,-9,632,
2283937,16137,21638,63,-9,643,
2283942,16137,21601,63,-9,641,
2283947,16137,21554,63,-8,647,
2283952,16137,21499,63,-8,666,
2283957,16145,21445,63,-8,664,
2283962,16145,21400,63,-8,664,
2283967,16153,21365,63,-7,668,
2283972,16153,21330,63,-7,668,
2283977,16153,21290,63,-7,669,
2283982,16153,21244,63,-6,673,
2283987,16153,21196,63,-6,673,
2283992,16161,21152,63,-6,680,
2283997,16161,21107,63,-5,685,
2284002,16161,21063,63,-5,697,
2284007,16161,21016,63,-5,699,
2284012,16161,20966,63,-4,704,
2284017,16170,20919,63,-4,712,
2284022,16170,20875,63,-4,711,
2284027,16180,20835,63,-3,720,
2284032,16180,20786,63,-3,727,
2284037,16187,20730,63,-3,737,
2284042,16187,20668,63,-2,743,
2284047,16187,20611,63,-2,746,
2284052,16187,20569,63,-2,749,
2284057,16187,20534,63,-2,749,
2284062,16187,20493,63,-1,755,
2284067,16187,20445,63,-1,769,
2284072,16187,20388,63,-1,780,
2284077,16194,20327,63,-1,778,
2284082,16194,20275,63,-1,778,
2284087,16194,20229,63,0,784,
2284092,16194,20189,62,0,781,
2284097,16194,20152,62,0,785,
2284102,16194,20108,61,0,785,
2284107,16194,20066,61,0,793,
2284112,16194,20029,61,0,799,
2284117,16194,20003,61,0,793,
2284122,16194,19978,61,0,793,
2284127,16194,19941,61,0,804,
2284132,16194,19888,61,0,817,
2284137,16194,19824,61,0,817,
2284142,16194,19768,61,0,816,
2284147,16202,19724,61,0,814,
2284152,16202,19686,61,1,818,
2284157,16202,19648,61,1,825,
2284162,16202,19611,61,1,833,
2284167,16202,19577,61,1,829,
2284172,16202,19534,61,1,832,
2284177,16202,19483,61,2,842,
2284182,16202,19421,61,2,837,
2284187,16192,19360,61,2,850,
2284192,16192,19316,61,3,851,
2284197,16192,19283,61,3,845,
2284202,16192,19238,61,3,843,
2284207,16192,19189,61,3,865,
2284212,16192,19135,61,3,864,
2284217,16185,19081,61,3,861,
2284222,16185,19039,61,3,863,
2284227,16185,18995,61,3,869,
2284232,16185,18954,61,3,868,
2284237,16185,18915,61,3,868,
2284242,16185,18883,61,3,865,
2284247,16185,18850,60,4,867,
2284252,16185,18804,60,4,866,
2284257,16185,18749,60,4,888,
2284262,16185,18697,60,4,888,
2284267,16185,18639,60,4,887,
2284272,16176,18581,60,4,887,
2284277,16176,18527,60,4,915,
2284282,16176,18479,60,4,905,
2284287,16176,18431,60,5,902,
2284292,16176,18379,60,5,903,
2284297,16176,18321,60,5,909,
2284302,16176,18251,60,5,908,
2284307,16176,18188,60,6,910,
2284312,16165,18138,60,6,909,
2284317,16165,18096,60,6,907,
2284322,16165,18054,60,6,902,
2284327,16165,18009,60,6,908,
2284332,16165,17962,60,6,906,
2284337,16165,17916,60,6,906,
2284342,16165,17859,60,7,899,
2284347,16158,17798,62,7,907,
2284352,16158,17741,62,7,909,
2284357,16158,17683,63,7,908,
2284362,16158,17644,63,7,907,
2284367,16158,17621,63,7,905,
2284372,16158,17581,63,7,904,
2284377,16158,17528,63,7,907,
2284382,16158,17466,63,8,909,
2284387,16158,17402,63,8,909,
2284392,16158,17360,63,8,910,
2284397,16165,17331,63,9,906,
2284402,16165,17295,63,9,906,
2284407,16165,17257,63,9,917,
2284412,16165,17214,63,9,915,
2284417,16165,17170,62,11,910,
2284422,16165,17132,62,11,913,
2284427,16165,17089,62,11,913,
2284432,16165,17040,62,11,911,
2284437,16158,16986,62,11,911,
2284442,16158,16930,62,11,913,
2284447,16150,16876,62,11,921,
2284452,16150,16825,62,12,922,
2284457,16150,16771,62,12,906,
2284462,16150,16715,62,12,925,
2284467,16150,16666,62,12,925,
2284472,16143,16619,62,12,928,
2284477,16143,16582,62,12,922,
2284482,16143,16552,62,12,923,
2284487,16150,16511,62,12,917,
2284492,16150,16459,62,12,925,
2284497,16141,16412,62,13,938,
2284502,16141,16378,62,13,931,
2284507,16141,16350,61,12,928,
2284512,16150,16318,61,12,916,
2284517,16150,16266,60,14,920,
2284522,16150,16200,60,14,926,
2284527,16150,16136,60,14,922,
2284532,16150,16087,60,14,926,
2284538,16150,16040,60,14,919,
2284543,16150,15990,60,14,933,
2284548,16150,15940,60,14,923,
2284553,16150,15883,60,14,922,
2284558,16150,15830,60,14,922,
2284563,16150,15774,60,15,926,
2284568,16150,15712,60,15,924,
2284573,16157,15641,60,15,927,
2284578,16157,15573,60,15,947,
2284583,16157,15516,60,15,942,
2284588,16157,15467,60,15,938,
2284593,16157,15429,60,15,940,
2284598,16157,15393,60,15,937,
2284603,16157,15346,60,17,934,
2284608,16157,15297,60,17,936,
2284613,16157,15247,60,17,920,
2284618,16157,15192,59,18,927,
2284623,16157,15138,59,18,931,
2284628,16165,15086,59,18,927,
2284633,16165,15029,59,18,930,
2284638,16165,14986,59,18,934,
2284643,16165,14957,59,19,925,
2284648,16165,14921,59,19,921,
2284653,16165,14881,58,18,921,
2284658,16165,14829,58,18,929,
2284663,16175,14772,57,19,925,
2284668,16175,14721,57,19,923,
2284673,16185,14677,57,19,932,
2284678,16185,14641,57,20,928,
2284683,16185,14595,57,20,924,
2284688,16192,14542,57,19,931,
2284693,16192,14486,57,19,929,
2284698,16200,14431,57,19,932,
2284703,16200,14386,57,19,928,
2284708,16208,14345,57,20,927,
2284713,16208,14307,57,20,928,
2284718,16208,14270,57,20,928,
2284723,16208,14235,55,22,930,
2284728,16208,14209,55,22,929,
2284733,16208,14188,54,21,928,
2284738,16208,14158,54,21,928,
2284743,16208,14123,54,21,928,
2284748,16208,14080,54,21,925,
2284753,16215,14028,53,22,935,
2284758,16215,13984,53,22,941,
2284763,16224,13946,53,22,938,
2284768,16224,13910,53,22,937,
2284773,16224,13875,53,22,936,
2284778,16224,13831,53,22,938,
2284783,16224,13779,53,22,945,
2284788,16224,13736,53,22,944,
2284793,16224,13699,53,22,935,
2284798,16224,13666,53,22,942,
2284803,16224,13635,53,22,942,
2284808,16224,13602,53,22,940,
2284813,16224,13571,53,22,939,
2284818,16224,13541,53,22,931,
2284823,16224,13503,53,22,935,
2284828,16216,13461,53,22,940,
2284833,16216,13422,53,22,937,
2284838,16216,13386,54,25,930,
2284843,16216,13353,54,25,943,
2284848,16216,13323,54,25,941,
2284853,16216,13290,54,25,942,
2284858,16208,13266,54,25,943,
2284863,16208,13251,54,25,940,
2284868,16199,13231,54,25,935,
2284873,16199,13204,53,26,943,
2284878,16199,13179,53,26,942,
2284883,16199,13155,53,27,942,
2284888,16199,13143,53,27,942,
2284893,16199,13143,53,28,943,
2284898,16199,13143,53,28,942,
2284903,16199,13143,53,29,942,
2284908,16192,13143,53,29,943,
2284913,16192,13143,52,30,944,
2284918,16192,13136,52,30,947,
2284923,16192,13136,52,30,949,
2284928,16192,13136,52,31,953,
2284933,16192,13136,52,31,954,
2284938,16192,13136,52,31,956,
2284943,16192,13136,52,31,957,
2284948,16192,13136,53,33,959,
2284953,16192,13136,52,31,962,
2284958,16192,13136,52,31,965,
2284963,16192,13136,52,31,965,
2284968,16192,13136,52,30,967,
2284973,16192,13136,53,29,968,
2284978,16192,13129,53,29,970,
2284983,16192,13129,53,28,971,
2284988,16192,13129,53,28,973,
2284993,16192,13138,53,27,974,
2284998,16192,13138,53,27,977,
2285003,16192,13138,53,27,977,
2285008,16192,13138,53,26,976,
2285013,16192,13138,53,26,976,
2285018,16192,13138,53,26,976,
2285023,16192,13138,53,26,974,
2285028,16192,13138,53,26,973,
2285033,16192,13138,53,26,971,
2285038,16192,13138,53,26,968,
2285043,16192,13138,53,26,966,
2285048,16192,13138,53,26,965,
2285053,16192,13138,53,26,959,
2285058,16192,13138,53,26,953,
2285063,16192,13138,53,27,945,
2285068,16192,13138,53,27,939,
2285073,16192,13138,53,28,932,
2285078,16192,13138,53,28,925,
2285083,16192,13138,53,28,921,
2285088,16201,13138,53,28,917,
2285093,16201,13138,53,28,911,
2285098,16201,13138,53,27,904,
2285103,16201,13138,53,27,898,
2285108,16201,13138,53,27,891,
2285113,16201,13138,53,27,885,
2285118,16208,13138,53,27,881,
2285123,16208,13138,53,27,876,
2285128,16208,13138,53,26,872,
2285133,16217,13138,53,26,867,
2285138,16217,13131,53,26,864,
2285143,16217,13131,54,25,862,
2285148,16226,13131,54,25,859,
2285153,16226,13138,53,22,856,
2285158,16226,13138,53,22,855,
2285163,16239,13138,54,21,856,
2285168,16248,13138,54,21,859,
2285173,16261,13130,54,21,859,
2285178,16283,13130,54,21,865,
2285183,16307,13130,54,21,862,
2285188,16332,13130,54,21,859,
2285193,16355,13122,54,21,856,
2285198,16373,13122,53,22,851,
2285203,16389,13115,53,22,844,
2285208,16409,13115,53,22,845,
2285213,16431,13105,53,22,836,
2285218,16456,13105,53,22,837,
2285223,16486,13098,53,22,842,
2285228,16512,13098,53,22,843,
2285233,16538,13098,53,22,837,
2285238,16565,13098,53,22,836,
2285243,16592,13098,53,22,839,
2285248,16623,13087,53,22,842,
2285253,16656,13087,53,22,839,
2285258,16687,13087,53,23,833,
2285263,16718,13087,53,23,836,
2285268,16752,13087,51,24,842,
2285273,16787,13087,51,24,836,
2285278,16824,13087,51,24,829,
2285283,16862,13080,51,24,831,
2285288,16900,13080,51,24,842,
2285293,16939,13080,51,24,835,
2285298,16978,13071,51,24,833,
2285303,17018,13071,51,24,834,
2285308,17054,13071,51,24,833,
2285313,17089,13064,51,24,837,
2285318,17124,13064,51,24,835,
2285323,17157,13064,53,23,830,
2285328,17189,13064,53,23,830,
2285333,17216,13064,53,22,822,
2285338,17241,13057,53,22,825,
2285343,17270,13057,53,22,836,
2285348,17300,13057,53,22,833,
2285353,17331,13050,54,23,828,
2285358,17362,13050,54,23,830,
2285363,17392,13050,56,22,828,
2285368,17425,13050,56,22,827,
2285373,17458,13050,56,22,831,
2285378,17493,13041,56,22,829,
2285383,17527,13041,56,22,826,
2285388,17561,13041,56,22,825,
2285393,17600,13041,56,22,828,
2285398,17641,13033,54,23,825,
2285403,17683,13033,54,23,816,
2285408,17729,13033,53,22,826,
2285413,17775,13025,54,25,825,
2285418,17826,13025,54,25,830,
2285423,17884,13025,54,25,834,
2285428,17944,13025,54,25,831,
2285433,18007,13016,54,25,835,
2285438,18068,13008,54,25,826,
2285443,18120,13001,54,25,813,
2285448,18172,13001,54,25,817,
2285453,18226,12991,54,25,828,
2285458,18283,12991,54,25,825,
2285463,18344,12991,54,25,825,
2285468,18403,12991,54,25,822,
2285473,18457,12991,54,25,820,
2285478,18511,12991,54,25,822,
2285483,18569,12991,52,24,831,
2285488,18628,12991,52,24,817,
2285493,18691,12991,51,24,821,
2285498,18753,12991,51,24,819,
2285503,18815,12991,51,24,825,
2285508,18878,12983,51,24,827,
2285513,18939,12983,51,24,824,
2285518,19000,12983,51,24,804,
2285523,19062,12983,51,24,821,
2285528,19122,12983,51,24,819,
2285533,19186,12983,51,24,821,
2285538,19250,12983,51,24,824,
2285543,19309,12983,51,24,823,
2285548,19371,12995,51,24,821,
2285553,19428,13003,51,24,811,
2285558,19485,13003,51,24,804,
2285563,19547,13003,51,24,810,
2285568,19609,13003,51,24,810,
2285573,19670,13003,51,24,804,
2285578,19731,13012,51,24,798,
2285583,19793,13012,51,24,810,
2285588,19858,13022,52,24,813,
2285593,19927,13022,52,24,812,
2285598,19993,13033,54,25,806,
2285603,20058,13042,54,25,815,
2285608,20122,13051,54,25,810,
2285613,20189,13061,54,25,805,
2285618,20259,13061,54,25,804,
2285623,20327,13069,54,25,810,
2285628,20392,13069,53,22,804,
2285633,20457,13081,53,22,807,
2285638,20524,13091,53,23,805,
2285643,20590,13100,53,23,804,
2285648,20661,13107,51,24,810,
2285653,20732,13116,51,24,805,
2285658,20796,13123,51,24,778,
2285663,20861,13123,51,24,793,
2285668,20923,13139,51,24,790,
2285673,20986,13146,51,24,787,
2285678,21052,13154,51,24,784,
2285683,21119,13154,50,25,793,
2285688,21183,13165,50,25,790,
2285693,21245,13172,50,25,790,
2285698,21311,13179,51,28,792,
2285703,21378,13188,51,28,799,
2285708,21446,13197,51,28,791,
2285713,21511,13205,50,29,786,
2285718,21574,13205,50,29,797,
2285723,21632,13216,50,29,786,
2285728,21695,13216,50,30,802,
2285733,21765,13225,50,30,796,
2285738,21832,13234,50,30,790,
2285743,21902,13234,50,31,781,
2285748,21975,13244,50,31,807,
2285753,22048,13253,50,31,802,
2285758,22123,13262,51,30,796,
2285763,22200,13277,51,29,798,
2285768,22276,13292,53,29,802,
2285773,22351,13301,51,29,798,
2285778,22428,13301,51,29,796,
2285783,22505,13308,50,30,801,
2285788,22577,13308,50,29,793,
2285793,22651,13308,50,29,796,
2285798,22725,13318,50,29,788,
2285803,22798,13318,50,29,793,
2285808,22871,13327,50,29,791,
2285813,22948,13327,50,29,804,
2285818,23025,13327,50,29,796,
2285823,23101,13327,50,29,795,
2285828,23181,13327,49,27,796,
2285833,23252,13320,49,27,793,
2285838,23320,13320,49,27,793,
2285843,23385,13320,49,27,788,
2285848,23447,13320,51,28,802,
2285853,23511,13320,51,28,801,
2285858,23578,13320,51,28,802,
2285863,23648,13320,51,28,803,
2285868,23715,13320,51,28,794,
2285873,23781,13320,51,28,805,
2285878,23847,13320,51,28,784,
2285883,23919,13320,51,28,819,
2285888,23997,13320,51,28,799,
2285893,24075,13310,51,28,800,
2285898,24155,13310,51,27,799,
2285903,24233,13310,52,28,798,
2285908,24306,13303,53,28,799,
2285913,24385,13303,53,28,802,
2285918,24467,13291,53,27,810,
2285923,24547,13291,53,27,790,
2285928,24629,13282,53,27,777,
2285933,24713,13282,53,27,792,
2285938,24791,13273,53,28,798,
2285943,24874,13273,52,28,796,
2285948,24960,13265,52,28,796,
2285953,25047,13265,50,29,807,
2285958,25138,13251,50,29,804,
2285963,25223,13241,50,29,775,
2285968,25301,13234,50,29,785,
2285973,25377,13234,50,29,777,
2285978,25451,13225,50,29,798,
2285983,25530,13225,50,29,797,
2285988,25609,13209,50,29,807,
2285993,25679,13200,50,29,786,
2285998,25742,13200,50,29,790,
2286003,25802,13190,50,29,788,
2286008,25868,13183,50,29,801,
2286013,25939,13183,51,29,805,
2286018,26009,13172,51,29,799,
2286023,26074,13172,53,29,792,
2286028,26138,13172,53,29,804,
2286033,26204,13164,53,29,807,
2286038,26270,13164,53,29,804,
2286043,26334,13164,52,30,795,
2286048,26392,13155,52,30,804,
2286053,26444,13155,52,30,796,
2286058,26496,13155,52,30,802,
2286063,26543,13147,52,30,791,
2286068,26589,13147,52,30,794,
2286073,26632,13139,52,30,797,
2286078,26669,13139,52,30,796,
2286083,26702,13139,52,30,791,
2286088,26723,13139,52,30,792,
2286093,26737,13139,52,31,793,
2286098,26746,13139,52,30,794,
2286103,26746,13139,52,30,797,
2286108,26755,13139,52,30,802,
2286113,26755,13139,52,30,810,
2286118,26755,13139,52,30,824,
2286123,26755,13139,52,30,836,
2286128,26755,13139,52,30,849,
2286133,26755,13139,51,30,859,
2286138,26755,13139,51,29,868,
2286143,26762,13139,50,30,874,
2286148,26762,13139,50,30,878,
2286153,26762,13139,50,29,882,
2286158,26755,13139,50,29,883,
2286163,26755,13139,50,29,884,
2286168,26755,13139,50,29,884,
2286173,26755,13139,50,29,885,
2286178,26755,13139,50,29,885,
2286183,26755,13146,50,29,884,
2286188,26755,13146,50,29,883,
2286193,26755,13146,50,29,883,
2286198,26755,13146,50,29,882,
2286203,26755,13146,50,29,882,
2286208,26755,13146,50,29,881,
2286213,26755,13146,50,29,879,
2286218,26755,13146,50,30,878,
2286223,26755,13146,50,30,876,
2286228,26755,13146,50,31,874,
2286233,26755,13146,50,31,873,
2286238,26755,13146,50,31,870,
2286243,26755,13146,50,32,867,
2286248,26755,13146,50,32,864,
2286253,26755,13146,50,32,859,
2286258,26755,13146,50,32,855,
2286263,26755,13139,50,32,850,
2286268,26755,13139,50,32,848,
2286273,26755,13139,50,32,845,
2286278,26755,13146,50,32,842,
2286283,26755,13146,50,32,838,
2286288,26755,13146,50,32,833,
2286293,26755,13146,50,32,826,
2286298,26755,13153,50,32,817,
2286303,26755,13153,50,32,807,
2286308,26755,13153,50,32,802,
2286313,26755,13153,50,32,795,
2286318,26755,13153,50,32,790,
2286323,26755,13161,50,31,784,
2286328,26755,13161,50,31,780,
2286333,26755,13171,50,31,776,
2286338,26755,13179,50,31,778,
2286343,26755,13195,50,31,786,
2286348,26755,13219,50,31,786,
2286353,26769,13254,50,31,790,
2286358,26780,13301,50,30,790,
2286363,26789,13354,50,30,800,
2286368,26802,13413,50,30,812,
2286373,26815,13473,50,29,811,
2286378,26825,13537,50,29,812,
2286383,26838,13608,50,29,808,
2286388,26846,13684,51,28,814,
2286393,26846,13773,51,28,810,
2286398,26853,13874,51,28,819,
2286403,26853,13973,50,25,813,
2286408,26853,14058,50,25,801,
2286413,26868,14121,50,25,806,
2286418,26875,14165,51,24,821,
2286423,26882,14207,51,24,832,
2286428,26882,14264,51,24,833,
2286433,26882,14335,51,24,835,
2286438,26882,14404,51,24,839,
2286443,26882,14472,51,24,859,
2286448,26882,14533,51,24,839,
2286453,26882,14587,51,24,848,
2286458,26882,14650,51,24,848,
2286463,26882,14711,51,24,839,
2286468,26874,14769,50,22,844,
2286473,26874,14842,50,22,853,
2286478,26864,14913,50,22,839,
2286483,26864,14978,50,22,839,
2286488,26864,15051,50,22,848,
2286493,26864,15117,51,21,855,
2286498,26864,15187,51,21,852,
2286503,26864,15275,51,21,857,
2286508,26873,15358,51,21,854,
2286513,26873,15436,51,21,845,
2286518,26883,15503,51,19,855,
2286523,26891,15558,51,19,850,
2286528,26898,15613,51,19,859,
2286533,26908,15673,51,19,871,
2286538,26917,15742,51,19,863,
2286543,26925,15821,52,19,865,
2286548,26934,15905,52,19,864,
2286553,26944,15995,52,19,874,
2286558,26954,16086,52,19,864,
2286563,26968,16170,52,19,868,
2286568,26984,16254,52,19,871,
2286573,26996,16332,52,19,871,
2286578,27009,16416,52,19,874,
2286583,27024,16516,52,18,874,
2286588,27037,16616,52,18,868,
2286593,27056,16710,52,18,863,
2286598,27069,16793,52,18,870,
2286603,27079,16866,52,18,874,
2286608,27086,16929,51,16,862,
2286613,27086,16982,51,16,869,
2286618,27099,17036,51,16,878,
2286623,27099,17085,51,16,879,
2286628,27110,17152,51,16,890,
2286633,27110,17241,52,14,887,
2286638,27119,17337,52,14,896,
2286643,27119,17431,52,14,888,
2286648,27132,17503,52,14,888,
2286653,27139,17567,52,14,903,
2286658,27148,17633,52,14,897,
2286663,27148,17704,52,14,888,
2286668,27155,17779,52,14,892,
2286673,27155,17858,52,14,901,
2286678,27165,17935,52,14,902,
2286683,27177,18023,52,14,899,
2286688,27177,18112,52,13,885,
2286693,27194,18189,52,13,887,
2286698,27204,18268,52,13,897,
2286703,27213,18333,52,13,893,
2286708,27228,18411,52,13,894,
2286713,27235,18494,52,13,882,
2286718,27248,18561,52,13,886,
2286723,27260,18637,52,12,898,
2286728,27272,18714,52,12,899,
2286733,27289,18799,52,12,894,
2286738,27296,18892,52,12,877,
2286743,27310,18961,52,12,871,
2286748,27319,19013,53,10,882,
2286753,27328,19058,53,10,900,
2286758,27343,19115,53,10,902,
2286763,27351,19198,53,10,896,
2286768,27360,19287,53,10,897,
2286773,27372,19372,51,10,899,
2286778,27381,19459,50,9,902,
2286783,27394,19533,50,9,902,
2286788,27406,19619,50,9,900,
2286793,27416,19705,51,9,899,
2286798,27425,19776,53,9,901,
2286803,27439,19859,54,9,906,
2286808,27456,19942,56,7,902,
2286813,27471,20031,56,7,901,
2286818,27489,20125,57,8,896,
2286823,27504,20211,59,8,905,
2286828,27517,20292,59,8,893,
2286833,27531,20369,60,6,894,
2286838,27546,20445,60,6,896,
2286843,27559,20521,62,6,905,
2286848,27574,20605,62,6,897,
2286853,27590,20691,63,6,901,
2286858,27604,20774,63,6,898,
2286863,27619,20857,64,6,899,
2286868,27634,20933,64,6,891,
2286873,27645,21004,65,5,892,
2286878,27659,21091,63,5,898,
2286883,27674,21175,63,5,891,
2286888,27689,21253,63,5,896,
2286893,27704,21346,63,4,898,
2286898,27720,21430,63,4,897,
2286903,27720,21513,63,4,891,
2286908,27735,21605,62,4,891,
2286913,27746,21688,62,4,894,
2286918,27755,21759,61,3,897,
2286923,27769,21831,61,3,894,
2286928,27779,21893,61,3,893,
2286933,27779,21950,61,3,893,
2286938,27790,22016,61,2,898,
2286943,27790,22083,61,2,897,
2286948,27803,22151,61,2,894,
2286953,27810,22222,61,2,896,
2286958,27818,22283,61,2,896,
2286963,27818,22337,61,1,896,
2286968,27827,22387,61,1,897,
2286973,27827,22442,61,1,898,
2286978,27834,22502,61,1,896,
2286983,27834,22560,61,1,894,
2286988,27834,22612,61,1,896,
2286993,27842,22661,61,1,897,
2286998,27842,22700,61,1,894,
2287003,27849,22735,62,1,896,
2287008,27849,22771,62,1,899,
2287013,27856,22791,63,1,900,
2287018,27856,22804,63,1,899,
2287023,27856,22804,63,1,902,
2287028,27856,22813,63,1,903,
2287033,27856,22813,63,1,904,
2287039,27856,22825,63,1,903,
2287044,27856,22833,63,1,902,
2287049,27856,22843,63,1,902,
2287054,27846,22864,63,1,903,
2287059,27846,22896,63,2,901,
2287064,27846,22929,63,2,900,
2287069,27846,22953,63,2,902,
2287074,27846,22960,63,2,904,
2287079,27846,22960,63,2,902,
2287084,27846,22950,63,2,903,
2287089,27846,22950,63,2,904,
2287094,27846,22950,63,2,905,
2287099,27846,22960,63,2,905,
2287104,27846,22960,63,2,907,
2287109,27846,22968,63,2,908,
2287114,27846,22968,63,2,911,
2287119,27846,22968,63,2,912,
2287124,27846,22975,63,2,913,
2287129,27839,22975,63,2,913,
2287134,27839,22975,63,2,913,
2287139,27839,22975,63,2,914,
2287144,27839,22975,63,2,914,
2287149,27839,22975,63,2,915,
2287154,27839,22975,63,2,915,
2287159,27839,22975,63,2,916,
2287164,27839,22975,63,2,916,
2287169,27839,22975,63,2,917,
2287174,27839,22975,63,2,917,
2287179,27839,22968,63,2,918,
2287184,27839,22968,63,2,920,
2287189,27839,22968,63,2,921,
2287194,27839,22976,63,2,922,
2287199,27839,22976,63,2,925,
2287204,27839,22976,63,2,930,
2287209,27832,22976,63,2,934,
2287214,27832,22976,63,2,937,
2287219,27824,22976,63,2,937,
2287224,27817,22987,63,2,940,
2287229,27817,22987,63,2,940,
2287234,27803,22995,63,2,934,
2287239,27792,22995,63,2,940,
2287244,27779,23007,63,2,943,
2287249,27765,23016,63,2,941,
2287254,27750,23023,63,2,941,
2287259,27738,23030,63,2,941,
2287264,27725,23037,63,2,942,
2287269,27711,23044,63,2,942,
2287274,27694,23052,63,2,940,
2287279,27673,23061,63,2,937,
2287284,27650,23073,63,2,940,
2287289,27626,23073,63,2,943,
2287294,27604,23084,63,2,942,
2287299,27581,23084,63,2,951,
2287304,27558,23084,63,2,968,
2287309,27529,23084,63,2,955,
2287314,27495,23084,63,2,951,
2287319,27456,23084,63,2,948,
2287324,27412,23084,63,2,948,
2287329,27366,23084,63,2,951,
2287334,27318,23092,63,2,953,
2287339,27264,23092,62,2,954,
2287344,27209,23102,62,2,948,
2287349,27152,23102,61,2,949,
2287354,27094,23102,61,2,972,
2287359,27036,23091,61,2,971,
2287364,26974,23084,59,3,943,
2287369,26909,23084,59,3,960,
2287374,26842,23072,58,3,960,
2287379,26775,23063,58,3,960,
2287384,26706,23063,58,3,948,
2287389,26637,23050,58,3,951,
2287394,26565,23050,56,2,966,
2287399,26492,23039,56,2,967,
2287404,26416,23039,55,3,963,
2287409,26335,23030,55,3,953,
2287414,26255,23030,55,3,983,
2287419,26173,23022,55,3,982,
2287424,26092,23022,55,3,984,
2287429,26013,23022,56,2,975,
2287434,25928,23030,56,2,963,
2287439,25845,23037,58,3,990,
2287444,25762,23045,58,3,977,
2287449,25680,23054,58,3,980,
2287454,25600,23061,58,3,977,
2287459,25512,23061,58,3,960,
2287464,25420,23061,59,3,1016,
2287469,25320,23046,59,3,998,
2287474,25217,23035,61,3,980,
2287479,25116,23035,61,3,989,
2287484,25016,23019,59,4,1001,
2287489,24918,23010,59,4,998,
2287494,24818,23002,58,4,1000,
2287499,24721,22995,58,4,977,
2287504,24627,22985,58,4,1009,
2287509,24533,22973,58,4,984,
2287514,24442,22959,58,4,1000,
2287519,24351,22945,58,4,999,
2287524,24258,22932,58,4,1004,
2287529,24168,22918,58,4,1023,
2287534,24080,22902,58,4,1010,
2287539,23992,22887,56,5,1011,
2287544,23906,22878,56,5,1010,
2287549,23819,22878,55,5,1012,
2287554,23736,22878,55,5,1008,
2287559,23654,22878,56,5,1009,
2287564,23571,22878,56,5,1016,
2287569,23493,22878,58,6,1023,
2287574,23410,22878,58,6,1009,
2287579,23326,22878,58,6,1012,
2287584,23240,22870,59,6,1014,
2287589,23147,22863,59,6,1013,
2287594,23055,22853,59,6,1021,
2287599,22963,22844,57,7,1020,
2287604,22868,22837,57,7,993,
2287609,22777,22837,57,7,1023,
2287614,22681,22823,57,7,1023,
2287619,22586,22823,57,7,1023,
2287624,22493,22813,57,7,1017,
2287629,22401,22813,57,7,1023,
2287634,22311,22804,57,7,1017,
2287639,22220,22804,57,7,1023,
2287644,22125,22804,57,7,1018,
2287649,22030,22804,57,7,1020,
2287654,21936,22804,56,6,1023,
2287659,21842,22817,56,6,1023,
2287664,21753,22817,55,6,1023,
2287669,21667,22817,55,6,1023,
2287674,21580,22817,56,6,1023,
2287679,21498,22817,56,6,1023,
2287684,21412,22828,57,7,1023,
2287689,21321,22838,57,7,1023,
2287694,21230,22849,57,7,1023,
2287699,21137,22849,57,7,1023,
2287704,21039,22849,57,7,1023,
2287709,20940,22849,57,7,1023,
2287714,20840,22834,57,7,1017,
2287719,20738,22834,57,7,1023,
2287724,20642,22834,57,7,1023,
2287729,20552,22834,57,7,1023,
2287734,20463,22834,57,7,1023,
2287739,20374,22834,57,7,1023,
2287744,20286,22834,57,7,1020,
2287749,20198,22834,57,7,1023,
2287754,20108,22834,57,7,1017,
2287759,20022,22834,56,6,1023,
2287764,19933,22834,56,7,1023,
2287769,19847,22834,55,7,1023,
2287774,19764,22843,55,7,1023,
2287779,19684,22843,55,7,1023,
2287784,19607,22843,55,7,1023,
2287789,19532,22834,55,7,1023,
2287794,19459,22834,55,7,1023,
2287799,19385,22844,56,7,1021,
2287804,19311,22844,56,7,1023,
2287809,19236,22844,57,8,1023,
2287814,19155,22844,57,8,1023,
2287819,19070,22844,57,8,1023,
2287824,18986,22844,57,8,1023,
2287829,18898,22844,57,8,1023,
2287834,18812,22844,57,8,1021,
2287839,18729,22837,57,8,1023,
2287844,18649,22830,57,8,1023,
2287849,18571,22821,57,8,1023,
2287854,18489,22813,57,8,1013,
2287859,18410,22813,57,8,1023,
2287864,18331,22805,57,8,1021,
2287869,18253,22796,57,8,1023,
2287874,18183,22787,57,8,1023,
2287879,18113,22774,56,7,1023,
2287884,18040,22774,56,7,1023,
2287889,17968,22774,55,7,1021,
2287894,17903,22774,55,7,1023,
2287899,17840,22782,55,7,1023,
2287904,17782,22782,55,7,1023,
2287909,17725,22773,55,7,1020,
2287914,17661,22773,55,7,1010,
2287919,17600,22765,56,7,1023,
2287924,17538,22765,56,7,1020,
2287929,17484,22765,57,8,1017,
2287934,17433,22765,57,8,1023,
2287939,17382,22755,57,8,1023,
2287944,17336,22744,57,8,1001,
2287949,17287,22744,57,8,1020,
2287954,17240,22736,59,8,1020,
2287959,17195,22736,59,8,1018,
2287964,17152,22736,60,7,1018,
2287969,17106,22736,60,7,1014,
2287974,17059,22736,60,7,1006,
2287979,17011,22728,60,7,1010,
2287984,16966,22728,60,7,1012,
2287989,16923,22716,60,7,1004,
2287994,16885,22709,60,8,1009,
2287999,16848,22709,60,8,1010,
2288004,16811,22701,58,9,1010,
2288009,16776,22701,58,9,1010,
2288014,16740,22701,57,9,1003,
2288019,16705,22692,57,9,1003,
2288024,16673,22682,57,9,1002,
2288029,16641,22674,56,8,1002,
2288034,16610,22667,56,8,1000,
2288039,16580,22667,54,9,1009,
2288044,16553,22667,54,9,1012,
2288049,16532,22660,54,9,1009,
2288054,16515,22660,53,9,1006,
2288059,16500,22652,53,9,1002,
2288064,16483,22652,51,9,1002,
2288069,16466,22652,51,9,1002,
2288074,16445,22652,53,9,999,
2288079,16426,22652,53,9,997,
2288084,16409,22643,54,9,997,
2288089,16394,22643,54,9,997,
2288094,16382,22632,54,9,996,
2288099,16368,22632,54,9,994,
2288104,16353,22632,54,9,992,
2288109,16338,22632,54,9,988,
2288114,16324,22632,56,8,981,
2288119,16313,22632,56,8,973,
2288124,16301,22632,57,9,972,
2288129,16290,22632,57,9,971,
2288134,16277,22632,57,9,973,
2288139,16265,22632,57,9,973,
2288144,16256,22632,57,9,973,
2288149,16248,22632,57,9,973,
2288154,16241,22632,57,9,971,
2288159,16230,22632,57,9,971,
2288164,16216,22622,57,9,968,
2288169,16200,22622,57,9,965,
2288174,16185,22614,57,9,964,
2288179,16169,22614,57,9,965,
2288184,16155,22606,58,9,965,
2288189,16141,22606,58,9,968,
2288194,16127,22606,60,8,967,
2288199,16114,22606,60,8,966,
2288204,16101,22606,60,8,965,
2288209,16088,22606,60,8,966,
2288214,16074,22606,60,8,965,
2288219,16057,22606,60,8,963,
2288224,16039,22606,60,8,960,
2288229,16021,22606,60,8,963,
2288234,16009,22606,60,8,966,
2288239,16002,22606,60,8,966,
2288244,16002,22606,60,8,965,
2288249,16002,22599,60,8,964,
2288254,15994,22599,60,8,961,
2288259,15994,22599,60,8,957,
2288264,15987,22599,60,8,954,
2288269,15987,22599,60,8,951,
2288274,15980,22599,60,8,947,
2288279,15980,22599,61,8,943,
2288284,15973,22599,61,8,942,
2288289,15973,22599,63,8,940,
2288294,15966,22599,63,8,940,
2288299,15966,22599,63,8,940,
2288304,15966,22599,63,8,940,
2288309,15966,22590,63,8,942,
2288314,15966,22590,63,8,942,
2288319,15959,22590,61,8,944,
2288324,15959,22590,61,8,945,
2288329,15959,22583,60,8,946,
2288334,15959,22583,60,8,946,
2288339,15959,22583,60,8,946,
2288344,15959,22583,60,8,946,
2288349,15948,22583,60,8,945,
2288354,15939,22583,60,8,943,
2288359,15939,22583,60,8,942,
2288364,15923,22583,60,8,939,
2288369,15910,22583,60,8,934,
2288374,15895,22574,60,8,932,
2288379,15877,22574,60,8,928,
2288384,15862,22574,60,8,928,
2288389,15847,22574,60,8,928,
2288394,15835,22574,60,8,927,
2288399,15828,22574,60,8,928,
2288404,15820,22574,60,8,929,
2288409,15820,22574,60,8,928,
2288414,15820,22574,60,8,928,
2288419,15813,22574,60,8,928,
2288424,15813,22574,60,8,926,
2288429,15813,22574,60,8,925,
2288434,15813,22574,60,8,923,
2288439,15813,22574,60,8,922,
2288444,15813,22574,60,8,922,
2288449,15813,22574,60,8,922,
2288454,15806,22574,60,8,922,
2288459,15806,22574,60,8,922,
2288464,15806,22574,60,8,923,
2288469,15806,22574,60,8,924,
2288474,15806,22574,60,8,925,
2288479,15806,22567,60,8,925,
2288484,15798,22567,60,8,927,
2288489,15798,22567,60,8,928,
2288494,15798,22567,60,8,927,
2288499,15789,22567,60,8,927,
2288504,15789,22567,60,8,927,
2288509,15782,22567,60,8,927,
2288514,15782,22567,60,8,926,
2288519,15782,22567,60,8,926,
2288524,15772,22567,61,8,925,
2288529,15765,22567,61,8,925,
2288534,15765,22567,63,8,925,
2288539,15756,22567,63,8,924,
2288544,15756,22567,63,8,923,
2288549,15756,22559,63,8,923,
2288554,15746,22559,63,8,922,
2288559,15739,22559,63,8,920,
2288564,15727,22559,63,8,916,
2288569,15718,22559,63,8,910,
2288574,15709,22559,63,8,905,
2288579,15698,22551,63,8,901,
2288584,15689,22551,63,8,897,
2288589,15677,22543,63,8,891,
2288594,15666,22543,63,8,888,
2288599,15657,22543,63,8,885,
2288604,15650,22543,63,8,883,
2288609,15650,22543,63,8,879,
2288614,15650,22543,63,8,876,
2288619,15650,22543,63,8,871,
2288624,15650,22543,63,8,866,
2288629,15641,22543,63,8,859,
2288634,15641,22543,63,8,853,
2288639,15641,22543,63,8,848,
2288644,15641,22543,63,8,844,
2288649,15641,22543,63,8,839,
2288654,15641,22536,63,8,835,
2288659,15641,22536,63,8,828,
2288664,15641,22536,63,8,822,
2288669,15641,22536,63,8,813,
2288674,15641,22536,63,8,803,
2288679,15641,22536,63,8,793,
2288684,15641,22536,63,8,783,
2288689,15641,22536,63,8,772,
2288694,15641,22536,63,8,763,
2288699,15641,22536,63,8,754,
2288704,15648,22528,63,8,747,
2288709,15648,22528,63,8,742,
2288714,15648,22520,63,8,739,
2288719,15648,22520,63,8,737,
2288724,15648,22502,63,8,737,
2288729,15659,22484,63,8,739,
2288734,15670,22457,63,7,739,
2288739,15683,22428,63,7,741,
2288744,15696,22397,63,7,741,
2288749,15706,22363,63,7,742,
2288754,15715,22336,63,7,742,
2288759,15725,22314,63,7,740,
2288764,15733,22291,63,7,739,
2288769,15742,22259,63,7,742,
2288774,15750,22215,63,7,736,
2288779,15757,22162,63,7,743,
2288784,15757,22111,63,7,742,
2288789,15764,22072,63,7,743,
2288794,15764,22044,63,7,743,
2288799,15764,22021,63,7,743,
2288804,15764,22003,63,7,742,
2288809,15771,21976,63,7,742,
2288814,15771,21938,63,7,743,
2288819,15783,21893,63,7,745,
2288824,15783,21839,63,7,745,
2288829,15783,21795,63,7,746,
2288834,15783,21760,63,8,746,
2288839,15783,21732,63,8,746,
2288844,15783,21704,63,8,745,
2288849,15793,21671,63,8,745,
2288854,15793,21637,63,8,746,
2288859,15793,21608,63,8,746,
2288864,15793,21584,63,9,745,
2288869,15793,21559,61,9,741,
2288874,15793,21520,61,9,741,
2288879,15793,21473,60,9,746,
2288884,15800,21430,60,10,745,
2288889,15800,21397,60,10,742,
2288894,15800,21378,60,10,742,
2288899,15808,21362,61,11,737,
2288904,15808,21343,61,11,717,
2288909,15808,21311,61,11,669,
2288914,15819,21275,61,11,632,
2288919,15827,21233,61,11,602,
2288924,15827,21189,61,12,547,
2288929,15837,21150,61,12,457,
2288934,15847,21115,61,12,356,
2288939,15859,21086,60,14,248,
2288944,15881,21056,60,14,96,
2288949,15881,21056,60,14,0,
2288954,15908,21027,60,14,0,
2288959,15901,21035,61,15,0,
2288964,15872,21065,61,15,0,
2288969,15820,21112,63,15,0,
2288974,15754,21173,63,15,0,
2288979,15675,21255,64,14,0,
2288984,15591,21357,66,15,0,
2288989,15509,21492,67,14,0,
2288994,15433,21648,70,13,0,
2288999,15371,21825,73,14,0,
2289004,15319,22018,76,14,0,
2289009,15276,22214,79,15,0,
2289014,15236,22421,81,15,0,
2289019,15207,22643,81,15,0,
2289024,15207,22643,81,15,0,
2290015,21645,25211,81,-23,0,
2290020,21634,25173,81,-21,0,
2290025,21609,25096,81,-21,0,
2290030,21567,24965,82,-20,0,
2290035,21503,24767,82,-20,0,
2290040,21434,24522,82,-17,0,
2290045,21354,24240,81,-15,0,
2290050,21270,23936,82,-14,0,
2290055,21181,23645,82,-13,0,
2290060,21083,23391,82,-11,0,
2290065,20983,23171,82,-10,0,
2290070,20884,22992,82,-8,0,
2290075,20793,22830,83,-7,0,
2290080,20704,22686,81,-5,0,
2290085,20621,22559,79,-2,0,
2290090,20540,22441,76,-1,0,
2290095,20449,22344,73,1,0,
2290100,20352,22265,70,3,0,
2290105,20250,22202,67,5,0,
2290110,20136,22160,64,9,0,
2290115,20015,22140,62,12,0,
2290120,19877,22140,60,14,0,
2290125,19723,22164,57,15,0,
2290130,19556,22199,55,17,0,
2290135,19377,22234,55,18,0,
2290140,19186,22272,53,20,0,
2290145,18993,22308,50,22,0,
2290150,18798,22343,51,24,0,
2290155,18609,22378,51,24,0,
2290160,18438,22405,52,24,0,
2290165,18275,22428,52,24,0,
2290170,18121,22452,54,25,0,
2290175,17975,22475,53,22,0,
2290180,17832,22496,54,23,0,
2290185,17696,22517,56,22,0,
2290190,17564,22535,58,21,0,
2290195,17436,22556,60,21,0,
2290200,17315,22579,60,19,0,
2290205,17195,22596,62,19,0,
2290210,17076,22610,62,17,0,
2290215,16957,22627,62,17,0,
2290220,16837,22649,61,17,0,
2290225,16722,22673,59,18,0,
2290230,16619,22697,59,18,0,
2290235,16529,22720,60,17,0,
2290240,16450,22740,60,17,0,
2290245,16386,22755,60,17,0,
2290250,16327,22776,60,15,0,
2290255,16273,22791,60,15,0,
2290260,16231,22803,59,15,0,
2290265,16193,22818,59,14,0,
2290270,16159,22836,57,14,0,
2290275,16136,22856,56,14,0,
2290280,16119,22878,55,13,0,
2290285,16119,22893,53,14,0,
2290290,16119,22911,52,13,0,
2290295,16134,22925,51,12,0,
2290300,16152,22940,52,12,0,
2290305,16171,22961,54,11,0,
2290310,16193,22974,54,11,0,
2290315,16221,22989,54,10,0,
2290320,16253,23003,54,10,0,
2290325,16283,23020,54,9,0,
2290330,16315,23035,56,8,0,
2290335,16343,23050,56,8,0,
2290340,16366,23066,56,7,0,
2290345,16388,23078,56,7,0,
2290350,16405,23086,55,7,0,
2290355,16420,23086,55,7,0,
2290360,16431,23086,55,6,0,
2290365,16431,23086,53,6,0,
2290370,16431,23075,53,6,0,
2290375,16431,23063,52,7,0,
2290380,16431,23046,52,7,0,
2290385,16431,23027,52,7,0,
2290390,16423,23007,52,7,0,
2290395,16423,22988,52,7,0,
2290400,16407,22966,52,7,0,
2290405,16396,22944,50,7,0,
2290410,16385,22922,50,7,0,
2290415,16374,22901,49,8,0,
2290420,16360,22888,49,8,0,
2290425,16340,22876,49,8,0,
2290430,16318,22865,50,9,0,
2290435,16294,22852,50,9,0,
2290440,16271,22837,50,9,0,
2290445,16251,22819,50,10,0,
2290450,16228,22806,50,10,0,
2290455,16202,22797,50,10,0,
2290460,16178,22789,51,11,0,
2290465,16157,22789,51,11,0,
2290470,16144,22777,52,12,0,
2290475,16144,22777,52,12,0,
2290480,16134,22777,52,13,0,
2290485,16134,22770,52,13,0,
2290490,16122,22770,52,13,0,
2290495,16114,22770,52,13,0,
2290500,16114,22770,52,13,0,
2290505,16106,22770,52,13,0,
2290510,16106,22778,52,13,0,
2290515,16106,22778,54,12,0,
2290520,16097,22778,54,12,0,
2290525,16090,22778,55,12,0,
2290530,16082,22767,55,12,0,
2290535,16071,22760,55,12,0,
2290540,16059,22760,55,12,0,
2290545,16047,22749,55,12,0,
2290550,16040,22737,55,12,0,
2290555,16032,22725,55,12,0,
2290560,16032,22712,55,12,0,
2290565,16021,22704,55,13,0,
2290570,16021,22704,55,13,0,
2290575,16021,22693,55,13,0,
2290580,16013,22685,55,13,0,
2290585,16013,22678,55,13,0,
2290590,16013,22678,55,13,0,
2290595,16013,22669,55,13,0,
2290600,16013,22669,55,13,0,
2290605,16006,22669,55,13,0,
2290610,15999,22676,55,13,0,
2290615,15989,22685,55,13,0,
2290620,15979,22696,55,13,0,
2290625,15967,22706,55,13,0,
2290631,15967,22706,55,13,0,
2290636,15955,22706,55,13,0,
2290641,15955,22706,55,13,0,
2290646,15940,22706,55,13,0,
2290651,15929,22706,55,13,0,
2290656,15920,22706,55,13,0,
2290661,15920,22697,55,13,0,
2290666,15920,22690,55,13,0,
2290671,15920,22690,55,13,0,
2290676,15913,22690,55,13,0,
2290681,15913,22690,55,13,0,
2290686,15906,22690,55,13,0,
2290691,15906,22678,55,13,0,
2290696,15906,22668,55,13,0,
2290701,15914,22658,55,13,0,
2290706,15914,22658,55,13,0,
2290711,15914,22658,55,13,0,
2290716,15914,22658,55,13,0,
2290721,15914,22665,55,13,0,
2290726,15914,22665,55,13,0,
2290731,15914,22665,55,13,0,
2290736,15914,22665,55,13,0,
2290741,15914,22665,55,13,0,
2290746,15914,22665,55,13,0,
2290751,15914,22665,55,13,0,
2290756,15914,22665,55,13,0,
2290761,15914,22665,55,13,0,
2290766,15914,22665,55,13,0,
2290771,15914,22665,55,13,0,
2290776,15914,22665,55,13,0,
2290781,15914,22665,53,14,0,
2290786,15923,22665,53,14,0,
2290791,15923,22665,52,14,0,
2290796,15933,22665,52,14,0,
2290801,15933,22665,52,14,0,
2290806,15945,22665,52,14,0,
2290811,15953,22656,52,14,0,
2290810,15953,22656,52,14,24,
2290815,15962,22656,52,14,101,
2290820,15970,22647,52,14,124,
2290825,15970,22647,52,14,146,
2290830,15970,22637,52,14,188,
2290835,15970,22630,52,14,226,
2290840,15978,22630,52,13,257,
2290845,15978,22623,52,13,279,
2290850,15978,22623,52,13,297,
2290855,15978,22623,52,13,310,
2290860,15978,22623,52,13,322,
2290865,15987,22623,52,13,331,
2290870,15987,22623,52,13,341,
2290875,15987,22632,52,13,351,
2290880,15995,22632,52,13,365,
2290885,15995,22632,52,13,385,
2290890,16002,22632,52,13,407,
2290895,16010,22642,52,13,424,
2290900,16010,22642,52,13,435,
2290905,16023,22658,52,13,448,
2290910,16023,22672,52,13,460,
2290915,16023,22688,52,13,474,
2290920,16023,22703,52,13,491,
2290925,16031,22716,52,13,510,
2290930,16031,22727,52,13,520,
2290935,16046,22737,52,13,526,
2290940,16046,22755,52,13,542,
2290945,16055,22778,52,13,556,
2290950,16055,22803,52,13,562,
2290955,16067,22830,52,13,560,
2290960,16077,22851,52,13,556,
2290965,16089,22874,52,12,558,
2290970,16101,22903,52,12,577,
2290975,16113,22938,52,12,591,
2290980,16129,22978,51,11,588,
2290985,16148,23022,51,11,592,
2290990,16172,23066,50,10,599,
2290995,16195,23111,50,10,609,
2291000,16216,23160,50,10,609,
2291005,16236,23205,50,10,610,
2291010,16251,23247,50,10,617,
2291015,16271,23287,50,9,628,
2291020,16296,23325,50,9,647,
2291025,16318,23367,50,9,659,
2291030,16342,23415,50,9,655,
2291035,16362,23464,49,8,670,
2291040,16379,23514,49,8,670,
2291045,16397,23561,49,8,682,
2291050,16419,23603,49,8,682,
2291055,16446,23648,49,8,682,
2291060,16473,23697,49,8,694,
2291065,16503,23748,49,8,706,
2291070,16533,23803,49,6,706,
2291075,16561,23856,49,6,706,
2291080,16594,23910,48,7,706,
2291085,16633,23965,48,7,723,
2291090,16671,24026,46,7,723,
2291095,16712,24089,46,7,721,
2291100,16751,24151,46,7,720,
2291105,16790,24210,46,7,722,
2291110,16831,24268,46,7,723,
2291115,16873,24326,46,5,725,
2291120,16917,24388,45,6,732,
2291125,16958,24456,45,6,740,
2291130,16999,24530,44,6,739,
2291135,17037,24603,44,6,741,
2291140,17077,24677,44,4,746,
2291145,17118,24748,45,4,761,
2291150,17156,24813,45,4,764,
2291155,17196,24873,46,4,763,
2291160,17232,24931,46,4,770,
2291165,17264,24993,46,4,770,
2291170,17297,25061,48,5,780,
2291175,17329,25134,48,3,784,
2291180,17359,25209,49,3,778,
2291185,17390,25281,49,3,781,
2291190,17421,25347,49,3,787,
2291195,17455,25418,49,2,805,
2291200,17495,25488,51,2,805,
2291205,17533,25557,51,2,802,
2291210,17573,25629,52,0,804,
2291215,17611,25700,52,0,806,
2291220,17645,25768,52,0,804,
2291225,17685,25830,52,0,803,
2291230,17718,25894,52,0,805,
2291235,17749,25954,52,0,807,
2291240,17783,26014,52,0,807,
2291245,17812,26080,52,0,820,
2291250,17843,26142,51,0,821,
2291255,17879,26204,51,0,824,
2291260,17914,26272,50,0,825,
2291265,17951,26337,50,0,826,
2291270,17987,26394,50,0,824,
2291275,18023,26449,50,0,824,
2291280,18058,26506,50,0,829,
2291285,18089,26563,50,0,827,
2291290,18124,26628,50,0,828,
2291295,18156,26697,50,0,830,
2291300,18187,26762,50,0,832,
2291305,18222,26826,50,0,829,
2291310,18258,26890,50,0,836,
2291315,18293,26953,50,0,833,
2291320,18331,27011,49,0,828,
2291325,18369,27068,49,0,833,
2291330,18404,27118,48,0,832,
2291335,18442,27161,48,0,831,
2291340,18480,27210,47,-2,836,
2291345,18520,27263,47,-2,848,
2291350,18560,27320,47,-2,843,
2291355,18601,27376,47,-2,841,
2291360,18642,27428,47,-3,842,
2291365,18678,27475,47,-3,840,
2291370,18716,27522,47,-3,845,
2291375,18746,27577,45,-4,841,
2291380,18771,27625,45,-4,840,
2291385,18802,27672,44,-6,848,
2291390,18834,27719,44,-6,849,
2291395,18867,27763,44,-6,848,
2291400,18906,27812,43,-7,848,
2291405,18937,27858,43,-7,850,
2291410,18966,27900,43,-7,851,
2291415,18999,27946,43,-9,848,
2291420,19030,28000,43,-9,851,
2291425,19063,28056,42,-8,850,
2291430,19093,28111,42,-8,854,
2291435,19125,28156,42,-8,853,
2291440,19156,28191,41,-10,856,
2291445,19186,28223,41,-10,858,
2291450,19213,28260,43,-9,858,
2291455,19238,28301,43,-9,856,
2291460,19262,28343,44,-10,865,
2291465,19282,28386,44,-11,865,
2291470,19302,28417,44,-11,861,
2291475,19322,28445,44,-11,867,
2291480,19340,28475,44,-11,871,
2291485,19361,28509,44,-11,870,
2291490,19385,28551,44,-12,874,
2291495,19408,28595,44,-12,874,
2291500,19433,28637,44,-12,874,
2291505,19458,28677,43,-13,874,
2291510,19479,28709,45,-13,873,
2291515,19499,28740,45,-13,876,
2291520,19513,28767,44,-14,881,
2291525,19526,28789,44,-14,882,
2291530,19537,28809,43,-14,886,
2291535,19545,28825,43,-14,892,
2291541,19552,28838,44,-16,896,
2291546,19560,28848,44,-16,899,
2291551,19560,28857,44,-16,902,
2291556,19571,28864,44,-16,905,
2291561,19579,28872,44,-16,906,
2291566,19587,28882,44,-16,909,
2291571,19597,28898,44,-16,913,
2291576,19610,28918,43,-17,913,
2291581,19626,28943,43,-17,912,
2291586,19641,28972,43,-17,914,
2291591,19657,28998,43,-17,911,
2291596,19675,29024,43,-17,911,
2291601,19689,29049,43,-17,911,
2291606,19704,29073,43,-17,912,
2291611,19716,29099,43,-17,914,
2291616,19727,29120,43,-17,918,
2291621,19737,29137,43,-17,919,
2291626,19747,29149,43,-17,921,
2291631,19747,29156,43,-17,925,
2291636,19755,29164,43,-17,931,
2291641,19755,29164,43,-17,935,
2291646,19755,29164,43,-17,940,
2291651,19755,29164,43,-17,945,
2291656,19755,29164,43,-17,951,
2291661,19755,29164,43,-17,953,
2291666,19755,29164,43,-17,951,
2291671,19755,29164,43,-17,951,
2291676,19755,29164,43,-17,950,
2291681,19755,29164,43,-17,950,
2291686,19755,29164,43,-17,951,
2291691,19755,29164,43,-17,953,
2291696,19755,29164,43,-17,952,
2291701,19755,29164,44,-16,951,
2291706,19755,29164,44,-16,948,
2291711,19755,29164,44,-16,946,
2291716,19755,29164,44,-16,945,
2291721,19755,29164,44,-16,942,
2291726,19762,29164,44,-16,943,
2291731,19762,29164,44,-16,941,
2291736,19762,29172,43,-14,940,
2291741,19762,29172,43,-14,937,
2291746,19762,29172,43,-14,936,
2291751,19771,29172,43,-14,936,
2291756,19771,29163,43,-14,936,
2291761,19771,29163,43,-14,934,
2291766,19771,29163,43,-13,931,
2291771,19771,29163,43,-13,924,
2291776,19771,29163,43,-13,917,
2291781,19771,29163,43,-13,909,
2291786,19771,29163,45,-13,900,
2291791,19771,29156,45,-13,892,
2291796,19771,29156,46,-12,885,
2291801,19779,29156,46,-12,878,
2291806,19779,29156,46,-12,874,
2291811,19791,29156,46,-12,869,
2291816,19791,29156,46,-12,868,
2291821,19791,29156,46,-12,866,
2291826,19798,29165,47,-10,865,
2291831,19798,29165,47,-10,865,
2291836,19798,29165,47,-10,864,
2291841,19810,29165,47,-10,864,
2291846,19810,29165,47,-10,865,
2291851,19824,29165,47,-10,865,
2291856,19831,29165,47,-10,865,
2291861,19842,29165,47,-10,865,
2291866,19855,29165,47,-10,864,
2291871,19870,29165,47,-10,862,
2291876,19882,29173,47,-10,860,
2291881,19892,29173,47,-10,859,
2291886,19904,29173,47,-10,859,
2291891,19919,29173,47,-10,861,
2291896,19943,29173,47,-10,864,
2291901,19972,29173,47,-10,866,
2291906,20003,29173,47,-10,865,
2291911,20034,29173,47,-10,864,
2291916,20065,29173,47,-10,868,
2291921,20096,29173,47,-10,878,
2291926,20128,29165,47,-10,874,
2291931,20161,29165,47,-10,875,
2291936,20191,29156,47,-10,874,
2291941,20223,29156,47,-10,881,
2291946,20255,29156,47,-10,881,
2291951,20293,29156,47,-10,886,
2291956,20337,29149,47,-10,885,
2291961,20381,29149,47,-10,888,
2291966,20428,29149,47,-10,887,
2291971,20470,29149,47,-10,888,
2291976,20511,29140,47,-10,885,
2291981,20554,29129,47,-10,885,
2291986,20601,29120,47,-10,888,
2291991,20652,29120,47,-10,891,
2291996,20706,29111,47,-10,893,
2292001,20760,29111,47,-10,890,
2292006,20811,29111,47,-10,888,
2292011,20861,29111,46,-9,885,
2292016,20914,29111,46,-9,888,
2292021,20973,29118,44,-10,895,
2292026,21033,29118,44,-10,892,
2292031,21092,29118,44,-10,894,
2292036,21153,29118,44,-10,900,
2292041,21210,29098,44,-10,900,
2292046,21268,29086,44,-10,902,
2292051,21328,29077,44,-10,905,
2292056,21383,29069,44,-10,910,
2292061,21440,29069,44,-10,911,
2292066,21495,29069,44,-10,908,
2292071,21557,29054,44,-10,912,
2292076,21620,29041,44,-10,911,
2292081,21683,29028,44,-10,913,
2292086,21750,29018,44,-10,913,
2292091,21813,29011,44,-10,914,
2292096,21876,29011,44,-10,914,
2292101,21940,29011,44,-10,915,
2292106,22003,29003,46,-9,910,
2292111,22064,29003,46,-9,912,
2292116,22126,28992,47,-10,908,
2292121,22191,28984,47,-10,915,
2292126,22256,28984,47,-10,912,
2292131,22319,28977,47,-10,906,
2292136,22390,28969,47,-10,926,
2292141,22462,28952,47,-10,922,
2292146,22540,28934,47,-10,924,
2292151,22621,28919,47,-10,921,
2292156,22694,28919,47,-10,917,
2292161,22769,28919,47,-10,921,
2292166,22845,28919,47,-10,919,
2292171,22927,28919,47,-10,922,
2292176,23017,28902,47,-10,921,
2292181,23107,28885,45,-11,919,
2292186,23195,28868,45,-11,919,
2292191,23283,28847,44,-11,920,
2292196,23370,28826,44,-11,921,
2292201,23452,28811,44,-11,914,
2292206,23536,28801,44,-11,920,
2292211,23620,28793,44,-11,923,
2292216,23706,28793,44,-11,921,
2292221,23793,28781,44,-11,914,
2292226,23885,28766,44,-11,919,
2292231,23981,28753,44,-11,924,
2292236,24077,28739,44,-11,919,
2292241,24175,28724,45,-11,916,
2292246,24272,28711,45,-12,919,
2292251,24366,28698,46,-12,920,
2292256,24463,28682,46,-12,923,
2292261,24559,28667,46,-12,918,
2292266,24655,28657,46,-12,920,
2292271,24753,28647,46,-12,922,
2292276,24850,28637,46,-12,918,
2292281,24947,28637,46,-12,914,
2292286,25047,28621,46,-12,919,
2292291,25145,28608,46,-12,919,
2292296,25242,28608,46,-12,919,
2292301,25344,28593,46,-12,919,
2292306,25441,28583,46,-12,918,
2292311,25532,28583,46,-12,916,
2292316,25624,28573,46,-12,921,
2292321,25712,28564,46,-12,917,
2292326,25801,28557,46,-12,916,
2292331,25892,28549,46,-12,917,
2292336,25980,28541,46,-12,920,
2292341,26071,28534,46,-12,917,
2292346,26161,28534,46,-12,920,
2292351,26252,28524,46,-12,923,
2292356,26343,28524,46,-12,919,
2292361,26425,28524,46,-12,912,
2292366,26504,28524,46,-12,918,
2292371,26581,28524,48,-12,919,
2292376,26659,28524,48,-12,919,
2292381,26738,28524,49,-12,914,
2292386,26818,28524,49,-12,916,
2292391,26893,28511,49,-12,915,
2292396,26966,28502,48,-12,913,
2292401,27037,28495,48,-12,915,
2292406,27109,28495,46,-12,914,
2292411,27175,28495,46,-12,910,
2292416,27245,28495,46,-12,917,
2292421,27313,28495,46,-12,915,
2292426,27382,28495,46,-12,916,
2292431,27449,28486,46,-12,914,
2292436,27511,28486,46,-12,915,
2292441,27567,28486,46,-12,914,
2292446,27615,28486,46,-12,908,
2292451,27658,28479,46,-12,908,
2292456,27698,28479,46,-13,909,
2292461,27739,28472,46,-13,912,
2292466,27782,28464,46,-13,911,
2292471,27824,28455,46,-13,908,
2292476,27862,28446,46,-13,908,
2292481,27898,28439,46,-13,909,
2292486,27931,28439,46,-13,908,
2292491,27966,28439,46,-13,910,
2292496,28002,28429,48,-13,909,
2292501,28044,28429,48,-13,915,
2292506,28088,28419,49,-13,914,
2292511,28131,28419,49,-13,911,
2292516,28173,28419,49,-13,909,
2292521,28208,28427,49,-13,903,
2292526,28242,28427,49,-13,905,
2292531,28277,28427,49,-13,904,
2292536,28315,28420,49,-13,905,
2292541,28355,28420,49,-13,903,
2292546,28392,28420,49,-13,897,
2292551,28424,28420,49,-13,893,
2292556,28457,28420,49,-13,898,
2292561,28490,28420,49,-13,896,
2292566,28525,28430,49,-13,896,
2292571,28559,28430,49,-13,885,
2292576,28588,28430,49,-13,874,
2292581,28611,28430,49,-13,871,
2292586,28633,28430,49,-13,870,
2292591,28660,28430,49,-13,873,
2292596,28694,28430,49,-13,877,
2292601,28732,28430,49,-13,874,
2292606,28771,28430,49,-13,872,
2292611,28808,28430,48,-13,871,
2292616,28841,28430,48,-13,871,
2292621,28877,28430,46,-13,873,
2292626,28916,28437,46,-13,873,
2292631,28961,28437,46,-13,874,
2292636,29007,28445,46,-13,876,
2292641,29054,28445,46,-13,878,
2292646,29103,28454,46,-13,874,
2292651,29151,28461,46,-13,878,
2292656,29201,28471,46,-13,873,
2292661,29250,28482,46,-13,873,
2292666,29298,28495,46,-13,872,
2292671,29342,28503,45,-13,873,
2292676,29387,28503,45,-13,873,
2292681,29432,28511,43,-13,873,
2292686,29476,28511,43,-13,870,
2292691,29516,28520,43,-13,853,
2292696,29555,28520,43,-13,857,
2292701,29595,28527,43,-13,862,
2292706,29637,28527,43,-13,862,
2292711,29683,28527,43,-13,864,
2292716,29727,28535,43,-13,863,
2292721,29765,28535,45,-13,854,
2292726,29801,28546,45,-13,854,
2292731,29832,28546,46,-13,852,
2292736,29860,28553,46,-13,854,
2292741,29895,28553,46,-13,861,
2292746,29931,28553,46,-13,863,
2292751,29968,28563,46,-13,862,
2292756,30006,28571,46,-13,862,
2292761,30037,28581,48,-13,867,
2292766,30064,28581,48,-13,865,
2292771,30090,28588,49,-13,865,
2292776,30110,28588,49,-13,865,
2292781,30125,28588,49,-13,865,
2292786,30132,28597,49,-13,866,
2292791,30132,28597,48,-13,869,
2292796,30132,28597,48,-13,871,
2292801,30132,28597,46,-14,874,
2292806,30132,28597,46,-14,877,
2292811,30132,28590,46,-14,880,
2292816,30132,28590,46,-14,881,
2292821,30132,28590,46,-14,870,
2292826,30132,28598,46,-14,840,
2292831,30132,28598,46,-14,792,
2292836,30132,28598,46,-14,726,
2292841,30132,28598,46,-14,638,
2292846,30132,28591,46,-14,517,
2292851,30132,28591,46,-14,352,
2292856,30132,28591,46,-13,111,
2292861,30132,28591,46,-13,0,
2292866,30115,28591,46,-13,0,
2292871,30091,28566,46,-13,0,
2292876,30050,28535,48,-13,0,
2292881,29997,28501,48,-13,0,
2292886,29935,28468,49,-12,0,
2292891,29871,28434,49,-12,0,
2292896,29811,28395,51,-11,0,
2292901,29747,28342,52,-12,0,
2292906,29676,28270,54,-11,0,
2292911,29595,28177,57,-11,0,
2292916,29501,28068,58,-11,0,
2292921,29405,27938,59,-11,0,
2292926,29305,27784,59,-12,0,
2292931,29204,27615,58,-13,0,
2292936,29111,27425,57,-14,0,
2292941,29018,27220,57,-15,0,
2292946,28934,27004,57,-17,0,
2292951,28859,26773,57,-17,0,
2292956,28790,26536,56,-18,0,
2292961,28726,26292,57,-17,0,
2292966,28668,26039,57,-17,0,
2292971,28613,25791,57,-17,0,
2292976,28560,25552,57,-15,0,
2292981,28518,25324,56,-16,0,
2292986,28482,25121,56,-16,0,
2292991,28454,24939,54,-16,0,
2292996,28430,24769,53,-16,0,
2293001,28409,24615,53,-15,0,
2293006,28391,24473,55,-12,0,
2293011,28374,24344,56,-9,0,
2293016,28362,24236,56,-7,0,
2293021,28362,24145,58,-6,0,
2293026,28351,24074,58,-3,0,
2293031,28351,24009,59,-1,0,
2293036,28358,23953,59,0,0,
2293041,28358,23908,61,0,0,
2293046,28373,23871,59,0,0,
2293051,28382,23847,59,0,0,
2293056,28382,23831,58,1,0,
2293061,28382,23816,58,2,0,
2293066,28382,23799,58,4,0,
2293071,28375,23775,58,6,0,
2293076,28368,23751,57,7,0,
2293081,28353,23731,57,8,0,
2293086,28334,23707,56,8,0,
2293091,28309,23679,56,8,0,
2293096,28277,23643,54,9,0,
2293101,28243,23603,54,10,0,
2293106,28205,23558,54,9,0,
2293111,28162,23517,54,9,0,
2293116,28118,23478,55,7,0,
2293121,28076,23436,56,6,0,
2293126,28035,23399,56,6,0,
2293131,27998,23363,58,6,0,
2293136,27964,23326,58,4,0,
2293141,27931,23289,58,4,0,
2293146,27900,23251,58,3,0,
2293151,27870,23210,58,3,0,
2293156,27844,23171,59,2,0,
2293161,27823,23134,59,1,0,
2293166,27807,23099,61,1,0,
2293171,27794,23066,61,0,0,
2293176,27786,23036,61,0,0,
2293181,27778,23012,61,0,0,
2293186,27771,22993,61,0,0,
2293191,27764,22978,61,0,0,
2293196,27764,22966,61,1,0,
2293201,27755,22952,61,1,0,
2293206,27755,22938,61,2,0,
2293211,27747,22923,61,2,0,
2293216,27747,22905,61,2,0,
2293221,27740,22884,61,3,0,
2293226,27740,22860,61,3,0,
2293231,27740,22837,61,3,0,
2293236,27740,22816,60,4,0,
2293241,27740,22800,60,4,0,
2293246,27740,22786,60,4,0,
2293251,27731,22770,60,5,0,
2293256,27731,22758,60,5,0,
2293261,27720,22746,60,5,0,
2293266,27720,22738,60,5,0,
2293271,27707,22738,60,6,0,
2293276,27707,22723,60,6,0,
2293281,27695,22713,60,6,0,
2293286,27695,22702,60,6,0,
2293291,27688,22689,60,6,0,
2293296,27688,22679,60,7,0,
2293301,27677,22670,59,8,0,
2293306,27669,22662,59,8,0,
2293311,27662,22654,57,8,0,
2293316,27662,22646,57,8,0,
2293321,27662,22637,57,8,0,
2293326,27662,22628,57,9,0,
2293334,27662,22628,57,9,20,
2293339,27662,22619,57,9,36,
2293344,27662,22619,57,9,36,
2293349,27662,22619,56,8,55,
2293354,27662,22627,56,8,83,
2293359,27662,22636,54,9,124,
2293364,27662,22645,54,9,155,
2293369,27672,22654,54,9,178,
2293374,27672,22664,54,9,216,
2293379,27683,22672,54,9,252,
2293384,27690,22679,54,9,283,
2293389,27690,22688,54,9,317,
2293394,27702,22705,54,9,365,
2293399,27710,22728,54,9,392,
2293404,27718,22758,54,9,405,
2293409,27729,22793,54,9,417,
2293414,27742,22829,54,9,436,
2293419,27756,22873,54,9,456,
2293424,27768,22924,55,7,473,
2293429,27779,22976,53,8,468,
2293434,27791,23027,53,8,467,
2293439,27801,23068,52,8,466,
2293444,27815,23099,52,8,488,
2293449,27834,23133,52,7,544,
2293454,27854,23178,52,7,561,
2293459,27874,23234,52,7,563,
2293464,27894,23300,52,5,572,
2293469,27914,23363,52,5,586,
2293474,27936,23426,52,5,590,
2293479,27959,23486,52,4,596,
2293484,27983,23550,52,4,604,
2293489,28003,23618,52,4,617,
2293494,28025,23682,52,4,621,
2293499,28052,23752,52,4,646,
2293504,28080,23822,52,4,656,
2293509,28114,23893,52,3,656,
2293514,28147,23967,52,3,663,
2293519,28175,24041,52,3,667,
2293524,28207,24113,52,2,680,
2293529,28237,24185,52,2,687,
2293534,28269,24252,52,2,690,
2293539,28301,24314,52,2,691,
2293544,28330,24378,52,2,702,
2293549,28357,24442,51,2,714,
2293554,28384,24506,51,0,716,
2293559,28409,24571,49,0,716,
2293564,28436,24633,49,0,726,
2293569,28466,24696,49,0,728,
2293574,28492,24764,49,0,733,
2293579,28518,24834,50,0,733,
2293584,28541,24896,50,0,730,
2293589,28564,24958,50,0,732,
2293594,28589,25015,50,0,739,
2293599,28615,25073,50,0,743,
2293604,28645,25136,50,0,764,
2293609,28675,25201,50,0,763,
2293614,28704,25269,50,0,763,
2293619,28734,25338,50,0,762,
2293624,28762,25409,50,0,772,
2293629,28793,25477,50,0,770,
2293634,28823,25541,49,0,772,
2293639,28855,25606,49,0,775,
2293644,28883,25672,49,0,777,
2293649,28913,25741,49,-2,781,
2293654,28943,25813,49,-2,780,
2293659,28973,25878,48,-2,784,
2293664,29005,25931,48,-2,783,
2293669,29033,25976,47,-2,787,
2293674,29058,26019,47,-3,787,
2293679,29081,26062,47,-3,797,
2293684,29104,26108,47,-3,805,
2293689,29129,26156,47,-3,810,
2293694,29155,26204,47,-3,808,
2293699,29181,26251,46,-4,810,
2293704,29204,26297,45,-4,810,
2293709,29225,26340,45,-4,808,
2293714,29246,26378,44,-4,807,
2293719,29264,26414,44,-4,808,
2293724,29283,26448,44,-4,808,
2293729,29298,26486,44,-6,809,
2293734,29314,26527,44,-6,810,
2293739,29332,26571,44,-6,815,
2293744,29354,26621,43,-7,822,
2293749,29380,26670,43,-7,824,
2293754,29408,26718,43,-8,823,
2293759,29436,26765,43,-9,822,
2293764,29460,26813,43,-9,824,
2293769,29484,26862,41,-10,827,
2293774,29508,26910,41,-10,824,
2293779,29531,26954,41,-10,823,
2293784,29556,26995,43,-9,826,
2293789,29580,27037,42,-11,827,
2293794,29604,27080,44,-11,825,
2293799,29626,27124,44,-11,825,
2293804,29646,27170,45,-11,827,
2293809,29665,27208,45,-12,827,
2293814,29679,27245,46,-12,825,
2293819,29695,27282,46,-12,828,
2293824,29711,27313,46,-12,827,
2293829,29726,27348,48,-13,825,
2293834,29743,27387,48,-13,827,
2293839,29762,27428,49,-13,829,
2293844,29781,27468,51,-12,830,
2293849,29801,27507,50,-14,826,
2293854,29822,27540,52,-14,827,
2293859,29839,27570,52,-14,828,
2293864,29856,27599,52,-14,827,
2293869,29872,27626,52,-14,825,
2293874,29889,27654,51,-16,828,
2293879,29906,27685,51,-16,830,
2293884,29925,27716,52,-18,827,
2293889,29942,27748,52,-18,828,
2293894,29958,27780,52,-18,830,
2293899,29974,27808,52,-18,831,
2293904,29989,27838,52,-18,828,
2293909,30003,27872,50,-16,826,
2293914,30016,27910,50,-16,825,
2293919,30024,27943,49,-17,822,
2293924,30032,27974,48,-15,824,
2293929,30043,28002,48,-15,825,
2293934,30055,28027,49,-14,825,
2293939,30070,28063,49,-14,822,
2293944,30084,28103,49,-14,820,
2293949,30096,28137,49,-13,818,
2293954,30105,28170,48,-13,818,
2293959,30115,28194,48,-13,816,
2293964,30125,28212,46,-12,816,
2293969,30137,28233,46,-12,820,
2293974,30149,28254,46,-12,822,
2293979,30162,28273,46,-12,819,
2293984,30173,28294,46,-12,817,
2293989,30183,28313,46,-13,819,
2293994,30193,28326,46,-13,817,
2293999,30202,28340,46,-13,810,
2294004,30209,28352,46,-14,803,
2294009,30209,28359,46,-14,800,
2294014,30219,28359,46,-14,793,
2294019,30219,28369,45,-15,781,
2294024,30229,28369,45,-15,763,
2294029,30229,28385,45,-15,735,
2294034,30236,28399,45,-15,700,
2294039,30236,28410,46,-17,656,
2294044,30236,28419,46,-17,598,
2294049,30236,28426,46,-17,518,
2294054,30236,28426,46,-17,407,
2294059,30229,28426,46,-17,261,
2294064,30229,28426,46,-17,42,
2294069,30229,28426,46,-17,0,
2294074,30187,28426,46,-17,0,
2294079,30158,28409,46,-17,0,
2294084,30128,28398,46,-17,0,
2294089,30106,28390,47,-15,0,
2294094,30098,28390,47,-15,0,
2294099,30098,28403,48,-15,0,
2294104,30116,28421,48,-15,0,
2294109,30138,28444,50,-15,0,
2294114,30165,28469,50,-14,0,
2294119,30192,28495,52,-14,0,
2294124,30219,28522,53,-14,0,
2294129,30242,28549,53,-14,0,
2294134,30260,28570,55,-12,0,
2294139,30276,28584,55,-12,0,
2294144,30285,28595,56,-13,0,
2294149,30294,28595,56,-13,0,
2294154,30294,28604,58,-12,0,
2294160,30294,28604,59,-12,0,
2294165,30302,28604,59,-11,0,
2294170,30302,28597,60,-10,0,
2294175,30302,28597,60,-10,0,
2294180,30310,28590,60,-10,0,
2294185,30310,28590,60,-10,0,
2294190,30319,28590,60,-10,0,
2294195,30329,28590,60,-10,0,
2294200,30344,28590,60,-10,0,
2294205,30368,28590,59,-11,0,
2294210,30391,28599,59,-11,0,
2294215,30415,28606,58,-11,0,
2294220,30436,28606,58,-11,0,
2294225,30455,28617,57,-11,0,
2294230,30473,28625,57,-11,0,
2294235,30489,28625,55,-11,0,
2294240,30502,28639,55,-12,0,
2294245,30511,28650,54,-12,0,
2294250,30518,28660,54,-12,0,
2294255,30518,28671,52,-13,0,
2294260,30526,28681,52,-14,0,
2294265,30526,28681,52,-14,0,
2294270,30526,28681,50,-14,0,
2294275,30513,28681,50,-14,0,
2294280,30495,28665,49,-14,0,
2294285,30472,28643,48,-15,0,
2294290,30449,28614,48,-15,0,
2294295,30426,28583,48,-15,0,
2294300,30401,28552,49,-14,0,
2294305,30376,28527,50,-14,0,
2294310,30346,28501,50,-14,0,
2294315,30316,28474,52,-14,0,
2294320,30290,28450,52,-14,0,
2294325,30268,28426,52,-13,0,
2294330,30249,28409,52,-13,0,
2294335,30232,28401,52,-13,0,
2294340,30216,28401,52,-13,0,
2294345,30205,28401,52,-13,0,
2294350,30205,28414,52,-13,0,
2294355,30205,28426,52,-13,0,
2294360,30205,28443,52,-13,0,
2294365,30214,28464,52,-13,0,
2294370,30224,28485,52,-13,0,
2294375,30237,28504,52,-13,0,
2294380,30251,28520,52,-13,0,
2294385,30264,28535,52,-13,0,
2294390,30275,28555,52,-13,0,
2294395,30284,28579,52,-13,0,
2294400,30284,28598,52,-13,0,
2294405,30294,28612,52,-14,0,
2294410,30294,28622,52,-14,0,
2294415,30305,28629,52,-14,0,
2294420,30305,28640,52,-14,0,
2294425,30305,28652,52,-14,0,
2294430,30305,28665,52,-14,0,
2294435,30305,28673,52,-14,0,
2294440,30305,28673,52,-14,0,
2294445,30305,28665,52,-14,0,
2294450,30305,28665,52,-14,67,
2294455,30290,28650,52,-14,90,
2294460,30280,28650,51,-16,136,
2294465,30272,28639,50,-16,176,
2294470,30272,28624,50,-16,188,
2294475,30272,28607,49,-17,216,
2294480,30272,28590,49,-17,243,
2294485,30281,28575,49,-17,266,
2294490,30291,28559,49,-17,277,
2294495,30303,28535,49,-17,300,
2294500,30317,28504,49,-17,330,
2294505,30334,28470,49,-17,354,
2294510,30351,28439,49,-17,376,
2294515,30368,28409,49,-17,412,
2294520,30383,28378,49,-17,418,
2294525,30396,28347,49,-17,453,
2294530,30412,28308,49,-17,490,
2294535,30427,28269,48,-15,516,
2294540,30443,28231,48,-15,537,
2294545,30460,28190,48,-15,567,
2294550,30475,28149,49,-14,579,
2294555,30490,28110,49,-14,604,
2294560,30507,28067,49,-14,617,
2294565,30527,28019,49,-13,642,
2294570,30548,27975,49,-13,653,
2294575,30566,27927,49,-12,663,
2294580,30583,27878,49,-12,680,
2294585,30598,27830,50,-10,691,
2294590,30614,27781,50,-10,709,
2294595,30637,27732,50,-10,725,
2294600,30661,27692,49,-12,737,
2294605,30688,27650,49,-12,745,
2294610,30712,27604,49,-12,744,
2294615,30732,27553,48,-12,756,
2294620,30756,27489,48,-13,778,
2294625,30777,27430,46,-13,772,
2294630,30796,27383,46,-13,769,
2294635,30815,27336,46,-13,788,
2294640,30832,27294,46,-13,787,
2294645,30852,27252,46,-13,802,
2294650,30878,27195,46,-14,810,
2294655,30906,27141,46,-14,814,
2294660,30931,27092,46,-14,811,
2294665,30956,27036,45,-15,819,
2294670,30983,26977,46,-14,829,
2294675,31008,26916,46,-14,830,
2294680,31034,26858,46,-14,830,
2294685,31060,26800,46,-13,835,
2294690,31086,26744,46,-13,841,
2294695,31116,26683,45,-12,840,
2294700,31145,26614,45,-12,845,
2294705,31178,26543,44,-12,854,
2294710,31209,26471,44,-11,857,
2294715,31240,26404,44,-11,858,
2294720,31271,26336,44,-11,859,
2294725,31303,26262,44,-10,871,
2294730,31333,26195,44,-10,875,
2294735,31359,26133,44,-10,877,
2294740,31389,26068,43,-8,888,
2294745,31421,26000,43,-9,886,
2294750,31453,25933,43,-9,889,
2294755,31490,25856,41,-7,891,
2294760,31524,25781,41,-7,890,
2294765,31552,25710,41,-7,891,
2294770,31584,25629,41,-7,897,
2294775,31616,25548,42,-7,896,
2294780,31647,25465,42,-7,899,
2294785,31678,25387,43,-7,901,
2294790,31709,25306,43,-7,903,
2294795,31737,25230,45,-7,907,
2294800,31763,25154,45,-7,908,
2294805,31795,25065,46,-7,908,
2294810,31820,24980,46,-7,910,
2294815,31843,24894,48,-7,911,
2294820,31872,24804,48,-7,914,
2294825,31896,24727,49,-6,913,
2294830,31924,24642,49,-6,913,
2294835,31955,24551,50,-7,913,
2294840,31980,24473,50,-7,907,
2294845,32006,24386,52,-7,914,
2294850,32034,24305,52,-7,911,
2294855,32062,24226,52,-5,912,
2294860,32091,24138,52,-5,914,
2294865,32120,24049,52,-5,908,
2294870,32148,23958,51,-4,911,
2294875,32174,23868,51,-4,913,
2294880,32201,23770,49,-3,915,
2294885,32228,23670,49,-3,914,
2294890,32252,23574,49,-3,911,
2294895,32277,23473,49,-3,912,
2294900,32302,23380,49,-3,907,
2294905,32324,23296,49,-3,908,
2294910,32348,23210,49,-3,911,
2294915,32370,23128,49,-3,910,
2294920,32387,23045,49,-3,912,
2294925,32413,22954,49,-3,910,
2294930,32438,22860,49,-2,908,
2294935,32462,22766,49,-2,911,
2294940,32487,22678,49,-2,909,
2294945,32507,22594,49,-2,908,
2294950,32525,22513,49,-2,911,
2294955,32543,22436,48,-2,908,
2294960,32563,22351,48,-3,916,
2294965,32583,22264,47,-3,915,
2294970,32604,22182,47,-3,913,
2294975,32619,22098,47,-3,919,
2294980,32638,22013,47,-2,920,
2294985,32654,21932,47,-2,923,
2294990,32672,21846,47,-2,920,
2294995,32696,21756,47,0,919,
2295000,32716,21669,47,0,919,
2295005,32729,21597,47,0,918,
2295010,32741,21525,47,0,914,
2295015,32759,21457,47,0,919,
2295020,32775,21397,47,0,912,
2295025,32793,21332,47,0,913,
2295030,32814,21274,47,0,910,
2295035,32829,21220,47,0,914,
2295040,32848,21171,47,0,913,
2295045,32867,21125,47,0,910,
2295050,32884,21087,47,0,912,
2295055,32902,21055,47,0,911,
2295060,32915,21029,47,0,911,
2295065,32925,21008,47,0,902,
2295070,32932,20994,47,0,894,
2295075,32932,20994,47,0,894,
2295080,32932,20986,47,0,894,
2295085,32940,20986,45,-1,894,
2295090,32940,20986,45,-1,894,
2295095,32940,20986,44,-1,895,
2295100,32940,20986,44,-1,896,
2295105,32940,20986,44,-1,896,
2295110,32940,20986,44,-1,894,
2295115,32940,20986,44,-1,889,
2295120,32940,20986,44,-1,879,
2295125,32940,20986,44,-1,864,
2295130,32940,20986,44,-1,840,
2295135,32940,20986,44,-1,807,
2295140,32940,20986,44,-1,757,
2295145,32940,20986,44,-1,683,
2295150,32940,20986,44,-1,574,
2295155,32940,20986,44,-1,420,
2295160,32929,20986,44,-1,201,
2295165,32929,20986,44,-1,0,
2295170,32899,20986,44,-1,0,
2295175,32870,20999,44,-1,0,
2295180,32834,21028,44,-1,0,
2295185,32791,21073,45,-1,0,
2295190,32748,21140,45,-1,0,
2295195,32707,21224,47,0,0,
2295200,32673,21323,47,0,0,
2295205,32649,21446,48,-2,0,
2295210,32634,21577,49,-2,0,
2295215,32634,21709,51,0,0,
2295220,32634,21840,52,0,0,
2295225,32634,21949,54,0,0,
2295231,32654,22044,55,0,0,
2295236,32677,22122,56,0,0,
2295241,32694,22184,58,2,0,
2295246,32707,22235,59,2,0,
2295251,32715,22277,61,2,0,
2295256,32715,22314,63,3,0,
2295261,32715,22337,65,3,0,
2295266,32706,22352,66,3,0,
2295271,32696,22363,67,3,0,
2295276,32682,22363,67,3,0,
2295281,32665,22363,69,3,0,
2295286,32650,22363,70,4,0,
2295291,32631,22349,70,4,0,
2295296,32607,22349,72,3,0,
2295301,32573,22349,72,2,0,
2295306,32523,22349,72,2,0,
2295311,32461,22359,70,1,0,
2295316,32391,22374,70,0,0,
2295321,32312,22399,69,0,0,
2295326,32229,22437,69,0,0,
2295331,32138,22486,69,0,0,
2295336,32042,22546,69,-1,0,
2295341,31943,22612,70,-2,0,
2295346,31847,22680,70,-2,0,
2295351,31752,22747,72,-2,0,
2295356,31659,22819,72,-3,0,
2295361,31563,22902,73,-5,0,
2295366,31473,22996,73,-6,0,
2295371,31388,23108,73,-6,0,
2295376,31319,23237,73,-6,0,
2295381,31268,23383,71,-8,0,
2295386,31226,23546,70,-9,0,
2295391,31200,23727,68,-9,0,
2295396,31186,23923,65,-11,0,
2295401,31179,24134,64,-11,0,
2295406,31179,24354,62,-12,0,
2295411,31193,24575,61,-12,0,
2295416,31209,24797,59,-13,0,
2295421,31229,25013,57,-14,0,
2295426,31253,25227,55,-14,0,
2295431,31273,25446,53,-16,0,
2295436,31291,25663,50,-16,0,
2295441,31306,25870,48,-17,0,
2295446,31314,26066,45,-17,0,
2295451,31314,26243,43,-17,0,
2295456,31314,26404,42,-17,0,
2295461,31314,26554,42,-17,0,
2295466,31305,26695,40,-17,0,
2295471,31290,26830,40,-17,0,
2295476,31276,26959,40,-18,0,
2295481,31265,27086,41,-20,0,
2295486,31265,27208,40,-21,0,
2295491,31265,27325,40,-21,0,
2295496,31265,27439,41,-22,0,
2295501,31284,27549,41,-22,0,
2295506,31300,27659,41,-22,0,
2295511,31318,27764,41,-22,0,
2295516,31335,27863,41,-22,0,
2295521,31344,27950,41,-22,0,
2295526,31344,28017,42,-21,0,
2295531,31337,28071,42,-21,0,
2295536,31320,28115,43,-21,0,
2295541,31300,28153,44,-20,0,
2295546,31279,28186,43,-18,0,
2295551,31257,28209,43,-18,0,
2295556,31234,28223,43,-17,0,
2295561,31207,28223,44,-16,0,
2295566,31175,28237,43,-14,0,
2295571,31139,28244,43,-13,0,
2295576,31101,28244,43,-13,0,
2295581,31058,28237,44,-12,0,
2295586,31012,28221,44,-11,0,
2295591,30966,28208,45,-11,0,
2295596,30922,28208,45,-11,0,
2295601,30882,28195,47,-10,0,
2295606,30843,28195,47,-10,0,
2295611,30802,28195,47,-10,0,
2295616,30759,28195,46,-12,0,
2295621,30714,28195,48,-12,0,
2295626,30671,28195,48,-12,0,
2295631,30629,28185,49,-12,0,
2295636,30589,28175,49,-13,0,
2295641,30548,28168,49,-13,0,
2295646,30504,28168,51,-12,0,
2295651,30461,28176,51,-12,0,
2295656,30415,28186,52,-13,0,
2295661,30374,28198,52,-14,0,
2295666,30332,28205,52,-14,0,
2295671,30293,28205,52,-14,0,
2295676,30257,28205,53,-14,0,
2295681,30221,28212,53,-14,0,
2295686,30192,28212,55,-13,0,
2295691,30165,28220,55,-13,0,
2295696,30143,28231,55,-13,0,
2295701,30124,28239,55,-13,0,
2295706,30108,28246,55,-13,0,
2295711,30098,28246,55,-13,0,
2295716,30098,28256,55,-13,0,
2295721,30098,28265,55,-13,0,
2295726,30105,28280,55,-14,0,
2295731,30120,28302,55,-14,0,
2295734,30120,28302,55,-14,53,
2295739,30144,28342,53,-15,64,
2295744,30157,28356,53,-15,55,
2295749,30173,28369,52,-14,73,
2295754,30197,28385,51,-16,115,
2295759,30226,28402,51,-16,114,
2295764,30260,28418,52,-18,148,
2295769,30291,28429,52,-18,201,
2295774,30320,28429,52,-18,207,
2295779,30347,28429,52,-19,228,
2295784,30369,28416,50,-19,291,
2295789,30389,28403,50,-19,328,
2295794,30404,28388,48,-20,352,
2295799,30416,28368,48,-20,390,
2295804,30425,28344,48,-20,435,
2295809,30436,28311,48,-20,456,
2295814,30445,28270,48,-20,477,
2295819,30445,28220,48,-20,501,
2295824,30460,28164,48,-20,547,
2295829,30468,28114,48,-20,566,
2295834,30480,28066,48,-19,592,
2295839,30496,28017,48,-19,602,
2295844,30514,27967,48,-19,632,
2295849,30531,27906,49,-18,633,
2295854,30548,27835,49,-18,639,
2295859,30560,27765,49,-18,636,
2295864,30568,27695,49,-18,654,
2295869,30577,27616,49,-18,668,
2295874,30587,27534,49,-18,685,
2295879,30595,27446,48,-19,686,
2295884,30595,27348,48,-19,694,
2295889,30603,27248,48,-19,708,
2295894,30603,27141,48,-19,741,
2295899,30603,27026,48,-19,737,
2295904,30613,26903,48,-19,746,
2295909,30613,26773,48,-19,778,
2295914,30613,26636,48,-19,787,
2295919,30620,26497,48,-19,816,
2295924,30620,26357,48,-19,815,
2295929,30620,26211,49,-18,818,
2295934,30632,26066,49,-18,831,
2295939,30632,25918,49,-18,851,
2295944,30646,25778,49,-17,862,
2295949,30654,25645,48,-15,868,
2295954,30670,25510,48,-15,879,
2295959,30692,25376,49,-14,881,
2295964,30716,25235,49,-14,893,
2295969,30739,25097,49,-13,899,
2295974,30760,24956,49,-13,903,
2295979,30781,24812,49,-12,920,
2295984,30798,24681,49,-12,918,
2295989,30816,24544,50,-10,919,
2295994,30835,24401,50,-10,922,
2295999,30852,24264,50,-9,937,
2296004,30871,24115,50,-9,940,
2296009,30889,23975,50,-9,945,
2296014,30901,23842,49,-8,943,
2296019,30920,23702,47,-8,957,
2296024,30936,23559,47,-8,963,
2296029,30955,23419,46,-7,960,
2296034,30975,23285,46,-7,962,
2296039,30989,23155,46,-7,973,
2296044,31009,23027,46,-5,980,
2296049,31031,22902,46,-5,980,
2296054,31053,22782,46,-5,982,
2296059,31077,22665,46,-5,981,
2296064,31097,22557,46,-4,984,
2296069,31117,22447,46,-4,989,
2296074,31142,22336,46,-4,994,
2296079,31166,22230,46,-4,992,
2296084,31192,22126,47,-3,996,
2296089,31218,22021,47,-3,1000,
2296094,31241,21919,47,-3,1000,
2296099,31262,21822,45,-3,1005,
2296104,31285,21725,45,-2,1000,
2296109,31304,21630,44,-2,1005,
2296114,31324,21538,44,-2,1009,
2296119,31346,21441,44,-2,1009,
2296124,31367,21345,44,-2,1012,
2296129,31387,21249,44,-2,1018,
2296134,31403,21151,44,-2,1020,
2296139,31422,21046,44,-1,1021,
2296144,31437,20952,44,-1,1023,
2296149,31455,20856,44,-1,1023,
2296154,31475,20757,43,-1,1023,
2296159,31486,20667,43,-1,1023,
2296164,31496,20570,41,0,1023,
2296169,31496,20468,41,0,1023,
2296174,31509,20362,41,0,1023,
2296179,31517,20265,41,0,1023,
2296184,31528,20165,41,0,1023,
2296189,31542,20071,41,0,1023,
2296194,31553,19997,41,0,1023,
2296199,31563,19906,41,0,1023,
2296204,31577,19809,41,0,1023,
2296209,31585,19710,41,0,1023,
2296214,31585,19614,41,0,1023,
2296219,31598,19519,43,1,1023,
2296224,31608,19424,43,1,1023,
2296229,31618,19333,44,1,1023,
2296234,31633,19230,45,2,1023,
2296239,31640,19131,45,2,1023,
2296244,31640,19054,47,2,1023,
2296249,31648,18972,47,2,1023,
2296254,31648,18882,48,2,1023,
2296259,31666,18791,48,2,1023,
2296264,31677,18689,49,2,1023,
2296269,31677,18588,51,2,1023,
2296274,31691,18491,51,2,1023,
2296279,31699,18405,52,2,1023,
2296284,31699,18321,52,2,1023,
2296289,31709,18237,52,2,1023,
2296294,31709,18157,52,2,1023,
2296299,31709,18068,52,0,1023,
2296304,31717,17984,52,0,1023,
2296309,31717,17904,52,0,1023,
2296314,31725,17820,52,0,1023,
2296319,31732,17735,52,2,1023,
2296324,31739,17653,52,2,1023,
2296329,31748,17576,52,3,1023,
2296334,31748,17503,52,3,1023,
2296339,31748,17425,51,3,1023,
2296344,31756,17329,51,4,1023,
2296349,31756,17234,49,4,1023,
2296355,31763,17150,49,4,1023,
2296360,31763,17075,49,4,1023,
2296365,31770,17003,49,4,1023,
2296370,31770,16926,49,4,1023,
2296375,31777,16845,49,4,1023,
2296380,31777,16770,49,4,1023,
2296385,31777,16708,49,4,1023,
2296390,31777,16642,49,4,1023,
2296395,31788,16574,49,4,1023,
2296400,31788,16513,49,4,1023,
2296405,31796,16456,49,4,1023,
2296410,31796,16413,49,4,1023,
2296415,31796,16377,49,4,1023,
2296420,31796,16333,49,4,1023,
2296425,31796,16289,49,4,1023,
2296430,31804,16239,49,4,1023,
2296435,31804,16190,49,4,1023,
2296440,31814,16149,49,4,1023,
2296445,31814,16115,49,6,1023,
2296450,31825,16085,49,6,1023,
2296455,31825,16058,49,6,1023,
2296460,31825,16023,49,6,1023,
2296465,31825,15974,49,6,1023,
2296470,31825,15921,49,6,1023,
2296475,31825,15872,49,6,1023,
2296480,31825,15829,49,6,1023,
2296485,31815,15791,49,6,1023,
2296490,31815,15755,49,6,1023,
2296495,31805,15718,49,6,1023,
2296500,31805,15684,49,6,1023,
2296505,31805,15657,49,6,1023,
2296510,31805,15632,49,6,1023,
2296515,31805,15608,49,8,1023,
2296520,31805,15583,49,8,1023,
2296525,31805,15564,49,8,1023,
2296530,31805,15550,49,8,1023,
2296535,31805,15541,50,9,1011,
2296540,31805,15541,50,9,1003,
2296545,31805,15533,50,9,991,
2296550,31805,15533,50,9,974,
2296555,31805,15533,50,9,954,
2296560,31798,15533,50,10,925,
2296565,31798,15533,50,10,888,
2296570,31798,15533,50,10,834,
2296575,31798,15533,50,10,767,
2296580,31798,15533,50,10,685,
2296585,31798,15533,49,12,583,
2296590,31798,15533,49,12,442,
2296595,31798,15533,49,12,270,
2296600,31798,15544,49,12,49,
2296605,31798,15544,49,12,0,
2296610,31787,15581,51,12,0,
2296615,31766,15613,51,12,0,
2296620,31727,15654,52,13,0,
2296625,31678,15698,52,14,0,
2296630,31625,15749,53,14,0,
2296635,31569,15809,53,15,0,
2296640,31518,15876,53,15,0,
2296645,31466,15957,53,16,0,
2296650,31418,16040,51,16,0,
2296655,31372,16122,51,16,0,
2296660,31330,16202,50,18,0,
2296665,31295,16268,50,18,0,
2296670,31263,16326,49,18,0,
2296675,31237,16368,49,18,0,
2296680,31208,16393,49,18,0,
2296685,31178,16405,49,18,0,
2296690,31142,16393,48,17,0,
2296695,31098,16365,48,17,0,
2296700,31046,16320,46,17,0,
2296705,30983,16254,46,17,0,
2296710,30910,16172,45,17,0,
2296715,30827,16066,45,17,0,
2296720,30737,15944,46,17,0,
2296725,30640,15804,46,17,0,
2296730,30533,15646,49,17,0,
2296735,30413,15480,50,18,0,
2296740,30282,15308,53,18,0,
2296745,30138,15137,55,18,0,
2296750,29986,14971,58,16,0,
2296755,29828,14812,63,15,0,
2296760,29656,14663,66,14,0,
2296765,29476,14520,69,13,0,
2296770,29290,14394,69,13,0,
2296775,29101,14280,71,12,0,
2296780,28926,14170,71,12,0,
2296785,28764,14070,71,12,0,
2296790,28615,13968,71,12,0,
2296795,28483,13871,71,12,0,
2296800,28358,13782,71,12,0,
2296805,28241,13697,72,12,0,
2296810,28132,13619,72,11,0,
2296815,28023,13544,74,11,0,
2296820,27917,13469,74,11,0,
2296825,27810,13399,73,13,0,
2296830,27700,13338,74,14,0,
2296835,27584,13276,74,17,0,
2296840,27467,13222,74,18,0,
2296845,27348,13178,73,19,0,
2296850,27236,13142,73,21,0,
2296855,27136,13129,73,19,0,
2296860,27052,13129,74,18,0,
2296865,26986,13129,73,16,0,
2296870,26937,13137,73,14,0,
2296875,26906,13147,72,14,0,
2296880,26890,13165,70,13,0,
2296885,26878,13186,69,13,0,
2296890,26878,13202,67,14,0,
2296895,26878,13220,66,15,0,
2296900,26878,13238,63,14,0,
2296905,26878,13253,62,14,0,
2296910,26889,13273,57,14,0,
2296915,26889,13293,55,13,0,
2296920,26889,13313,50,14,0,
2296925,26889,13332,47,14,0,
2296930,26875,13340,46,14,0,
2296935,26862,13347,46,17,0,
2296940,26846,13347,46,19,0,
2296945,26829,13355,46,20,0,
2296950,26811,13365,47,23,0,
2296955,26797,13365,48,24,0,
2296960,26787,13372,47,25,0,
2296965,26787,13372,47,25,0,
2296970,26774,13372,48,24,0,
2296975,26765,13384,48,24,0,
2296980,26756,13395,49,22,0,
2296985,26748,13404,49,22,0,
2296990,26741,13404,49,22,0,
2296995,26741,13404,49,22,0,
2297000,26728,13404,50,20,0,
2297005,26718,13404,50,20,0,
2297010,26704,13404,52,19,0,
2297015,26687,13394,52,19,0,
2297020,26668,13387,52,19,0,
2297025,26649,13379,52,18,0,
2297030,26633,13369,52,18,0,
2297035,26619,13359,52,18,0,
2297040,26608,13348,51,16,0,
2297045,26600,13338,51,16,0,
2297050,26600,13329,51,16,0,
2297055,26600,13329,51,16,0,
2297060,26600,13317,51,16,0,
2297065,26610,13317,52,14,0,
2297070,26620,13317,52,14,0,
2297075,26632,13317,52,14,0,
2297080,26646,13327,52,14,0,
2297085,26661,13334,52,14,0,
2297090,26675,13342,52,14,0,
2297095,26688,13342,52,14,0,
2297100,26701,13353,52,14,0,
2297106,26701,13353,52,13,33,
2297111,26720,13361,52,13,153,
2297116,26727,13361,52,13,174,
2297121,26727,13361,52,13,184,
2297126,26739,13361,52,12,226,
2297131,26749,13370,52,12,271,
2297136,26762,13370,52,12,299,
2297141,26778,13370,51,10,306,
2297146,26795,13378,51,10,302,
2297151,26810,13378,50,10,302,
2297156,26826,13378,50,9,319,
2297161,26845,13378,50,9,350,
2297166,26872,13378,50,9,399,
2297171,26906,13387,50,9,415,
2297176,26946,13387,50,9,432,
2297181,26990,13394,50,9,442,
2297186,27031,13401,50,9,448,
2297191,27072,13408,50,9,477,
2297196,27118,13415,50,9,485,
2297201,27167,13423,50,9,516,
2297206,27221,13432,49,8,519,
2297211,27278,13441,47,8,522,
2297216,27333,13456,47,8,544,
2297221,27387,13476,46,8,561,
2297226,27444,13494,46,8,581,
2297231,27501,13514,46,8,575,
2297236,27559,13533,46,8,580,
2297241,27618,13549,46,8,587,
2297246,27674,13566,46,8,594,
2297251,27727,13587,47,8,602,
2297256,27782,13609,47,8,609,
2297261,27836,13633,49,8,612,
2297266,27896,13661,49,8,639,
2297271,27958,13684,49,8,643,
2297276,28018,13709,49,8,639,
2297281,28078,13735,49,8,639,
2297286,28134,13761,49,8,654,
2297291,28192,13787,49,8,663,
2297296,28251,13811,49,8,662,
2297301,28308,13836,50,7,666,
2297306,28361,13855,50,7,664,
2297311,28411,13872,50,7,676,
2297316,28460,13887,50,7,688,
2297321,28512,13897,49,6,698,
2297326,28566,13913,49,6,708,
2297331,28618,13933,49,6,714,
2297336,28669,13953,49,6,711,
2297341,28717,13975,49,6,713,
2297346,28763,13994,49,6,712,
2297351,28809,14009,48,7,711,
2297356,28854,14022,48,7,716,
2297361,28898,14031,46,7,714,
2297366,28942,14041,46,7,717,
2297371,28985,14057,46,7,720,
2297376,29028,14079,46,7,726,
2297381,29073,14104,46,7,726,
2297386,29121,14130,46,7,728,
2297391,29174,14150,45,7,733,
2297396,29231,14169,45,7,735,
2297401,29287,14188,43,7,736,
2297406,29340,14212,43,7,735,
2297411,29390,14243,43,7,737,
2297416,29443,14273,42,7,746,
2297421,29496,14302,42,5,743,
2297426,29552,14328,42,5,746,
2297431,29606,14353,42,5,743,
2297436,29658,14378,44,6,751,
2297441,29710,14404,44,6,753,
2297446,29760,14426,44,6,749,
2297451,29812,14448,44,6,749,
2297456,29859,14470,44,6,752,
2297461,29904,14488,44,6,751,
2297466,29948,14507,45,6,751,
2297471,29991,14523,45,6,755,
2297476,30035,14534,46,5,751,
2297481,30077,14543,46,5,749,
2297486,30117,14543,46,5,753,
2297491,30150,14553,46,5,749,
2297496,30180,14560,46,5,751,
2297501,30211,14567,46,5,751,
2297506,30240,14574,46,5,752,
2297511,30277,14574,46,5,766,
2297516,30314,14574,46,5,765,
2297521,30350,14584,46,5,764,
2297526,30387,14584,46,4,769,
2297531,30421,14600,46,4,772,
2297536,30459,14615,46,4,775,
2297541,30498,14628,46,4,778,
2297546,30538,14639,45,4,780,
2297551,30577,14648,45,6,787,
2297556,30612,14656,44,6,784,
2297561,30644,14665,44,6,784,
2297566,30672,14672,44,6,784,
2297571,30699,14679,44,6,784,
2297576,30728,14686,44,6,786,
2297581,30757,14693,44,6,787,
2297586,30784,14703,44,6,788,
2297591,30812,14713,44,6,796,
2297596,30840,14723,44,6,801,
2297601,30871,14732,44,6,800,
2297606,30904,14742,44,6,802,
2297611,30937,14754,44,6,803,
2297616,30972,14769,42,5,803,
2297621,31005,14787,42,5,804,
2297626,31041,14802,41,5,802,
2297631,31079,14817,41,5,802,
2297636,31119,14831,41,5,809,
2297641,31157,14844,41,5,803,
2297646,31191,14860,41,5,804,
2297651,31224,14874,41,5,806,
2297656,31257,14890,41,5,807,
2297661,31290,14903,39,4,803,
2297666,31323,14912,39,4,802,
2297671,31354,14920,38,4,805,
2297676,31382,14928,38,4,812,
2297681,31409,14938,38,4,807,
2297686,31434,14952,38,4,803,
2297691,31459,14967,38,4,804,
2297696,31483,14979,38,4,804,
2297701,31507,14987,37,3,804,
2297706,31529,14999,37,3,805,
2297711,31551,15008,35,3,805,
2297716,31571,15018,35,3,804,
2297721,31587,15029,35,3,802,
2297726,31605,15029,35,3,804,
2297731,31620,15039,35,3,804,
2297736,31633,15039,37,2,803,
2297741,31647,15049,37,2,799,
2297746,31657,15056,38,2,799,
2297751,31666,15056,38,2,799,
2297756,31673,15063,40,2,799,
2297761,31673,15063,40,2,799,
2297766,31673,15063,41,2,799,
2297771,31684,15063,42,2,799,
2297776,31684,15070,42,2,800,
2297781,31698,15070,44,2,800,
2297786,31707,15070,45,2,800,
2297791,31716,15081,45,2,799,
2297796,31727,15088,47,0,799,
2297801,31735,15097,48,0,799,
2297806,31744,15106,48,0,799,
2297811,31756,15106,49,0,799,
2297816,31765,15115,49,0,799,
2297822,31775,15115,49,0,798,
2297827,31783,15115,49,0,798,
2297832,31783,15115,49,0,797,
2297837,31791,15115,48,0,796,
2297842,31791,15115,48,0,796,
2297847,31800,15115,47,0,795,
2297852,31800,15115,47,0,793,
2297857,31800,15115,47,0,792,
2297862,31800,15122,47,0,791,
2297867,31800,15122,47,0,790,
2297872,31800,15122,47,0,789,
2297877,31808,15122,47,0,785,
2297882,31808,15122,47,0,780,
2297887,31808,15122,47,0,775,
2297892,31815,15122,47,0,766,
2297897,31815,15122,47,0,761,
2297902,31827,15122,47,0,756,
2297907,31836,15122,47,0,756,
2297912,31849,15122,47,0,758,
2297917,31866,15132,47,2,760,
2297922,31886,15132,47,2,755,
2297927,31908,15146,47,2,738,
2297932,31929,15146,47,0,736,
2297937,31949,15158,47,0,731,
2297942,31964,15165,47,0,714,
2297947,31978,15165,47,0,711,
2297952,31992,15172,47,0,712,
2297957,32007,15180,47,0,714,
2297962,32025,15187,47,0,700,
2297967,32044,15187,47,0,691,
2297972,32059,15197,47,0,683,
2297977,32069,15197,47,0,677,
2297982,32077,15206,47,0,670,
2297987,32077,15206,47,0,662,
2297992,32087,15220,47,0,641,
2297997,32087,15220,47,0,620,
2298002,32094,15220,47,0,601,
2298007,32094,15220,47,0,568,
2298012,32094,15220,47,0,499,
2298017,32083,15220,47,0,391,
2298022,32071,15220,45,1,235,
2298027,32052,15213,45,1,27,
2298032,32052,15213,45,1,0,
2298037,31980,15189,45,1,0,
2298042,31926,15165,45,1,0,
2298047,31865,15138,47,0,0,
2298052,31803,15113,47,0,0,
2298057,31739,15089,47,0,0,
2298062,31674,15074,48,0,0,
2298067,31613,15074,51,0,0,
2298072,31558,15074,52,0,0,
2298077,31516,15092,52,0,0,
2298082,31489,15129,52,0,0,
2298087,31470,15184,51,0,0,
2298092,31457,15258,51,0,0,
2298097,31443,15352,49,0,0,
2298102,31430,15451,48,2,0,
2298107,31415,15554,48,5,0,
2298112,31397,15667,46,7,0,
2298117,31376,15775,46,9,0,
2298122,31350,15886,45,12,0,
2298127,31316,15997,43,13,0,
2298132,31271,16096,43,14,0,
2298137,31219,16202,42,16,0,
2298142,31158,16314,40,17,0,
2298147,31095,16436,37,17,0,
2298152,31034,16560,37,17,0,
2298157,30967,16686,37,17,0,
2298162,30903,16803,37,17,0,
2298167,30836,16912,41,16,0,
2298172,30766,17023,43,13,0,
2298177,30693,17129,47,10,0,
2298182,30613,17250,49,6,0,
2298187,30534,17376,54,1,0,
2298192,30448,17512,56,0,0,
2298197,30351,17660,61,0,0,
2298202,30247,17804,65,0,0,
2298207,30135,17951,70,0,0,
2298212,30013,18086,75,0,0,
2298217,29896,18213,79,0,0,
2298222,29770,18331,83,0,0,
2298227,29628,18436,83,0,0,
2298232,29489,18549,83,0,0,
2298237,29356,18643,83,0,0,
2298242,29236,18729,83,0,0,
2298247,29128,18814,83,0,0,
2298252,29030,18898,83,0,0,
2298257,28934,19005,83,0,0,
2298262,28850,19098,83,1,0,
2298267,28777,19189,83,0,0,
2298272,28719,19259,83,-1,0,
2298277,28668,19322,83,-2,0,
2298282,28600,19470,83,-5,0,
2298287,28527,19688,83,-7,0,
2298292,28447,19977,83,-7,0,
2298297,28447,19977,83,-7,0,
2298859,19816,17328,76,45,0,
2298864,19830,17262,75,43,0,
2298869,19861,17139,77,41,0,
2298874,19903,16972,77,39,0,
2298879,19957,16764,78,35,0,
2298884,20013,16587,79,33,0,
2298889,20063,16443,80,30,0,
2298894,20114,16318,79,28,0,
2298899,20166,16216,80,26,0,
2298904,20219,16121,80,26,0,
2298909,20277,16027,81,24,0,
2298914,20343,15929,81,23,0,
2298919,20415,15818,81,23,0,
2298924,20499,15702,81,23,0,
2298929,20582,15591,81,23,0,
2298934,20671,15493,81,23,0,
2298939,20771,15404,81,23,0,
2298944,20875,15318,80,26,0,
2298949,20993,15227,80,27,0,
2298954,21125,15149,80,30,0,
2298959,21248,15091,79,32,0,
2298964,21367,15035,79,33,0,
2298969,21485,14996,79,32,0,
2298974,21591,14938,80,30,0,
2298979,21707,14885,80,30,0,
2298984,21810,14859,80,27,0,
2298989,21909,14840,80,26,0,
2298994,22002,14856,81,24,0,
2298999,22087,14885,81,23,0,
2299004,22175,14943,82,20,0,
2299009,22259,15018,82,17,0,
2299014,22344,15092,82,14,0,
2299019,22421,15174,82,11,0,
2299024,22507,15229,82,11,0,
2299029,22598,15281,82,10,0,
2299034,22689,15327,82,11,0,
2299039,22784,15385,82,13,0,
2299044,22868,15463,81,15,0,
2299049,22947,15544,82,17,0,
2299054,22947,15544,82,17,0,
