2324295,12731,16968,42,-31,0,
2324300,12731,17019,42,-31,0,
2324305,12731,17103,42,-31,0,
2324310,12724,17245,42,-29,0,
2324315,12724,17439,42,-28,0,
2324320,12724,17617,43,-27,0,
2324325,12724,17753,43,-25,0,
2324330,12724,17833,43,-24,0,
2324335,12739,17841,43,-21,0,
2324340,12760,17800,43,-18,0,
2324345,12790,17736,43,-17,0,
2324350,12827,17654,43,-13,0,
2324355,12861,17595,47,-10,0,
2324360,12899,17554,49,-6,0,
2324365,12925,17580,53,-4,0,
2324370,12953,17653,59,-2,0,
2324375,12969,17768,63,0,0,
2324380,12969,17926,68,1,0,
2324385,12969,18091,72,2,0,
2324390,12957,18265,76,2,0,
2324395,12937,18432,80,4,0,
2324400,12919,18564,83,2,0,
2324405,12903,18666,83,1,0,
2324410,12881,18735,83,1,0,
2324415,12860,18756,83,0,0,
2324420,12826,18765,83,-1,0,
2324425,12785,18754,83,-1,0,
2324430,12743,18740,83,-2,0,
2324435,12696,18740,83,-4,0,
2324440,12657,18732,83,-5,0,
2324445,12621,18742,83,-7,0,
2324450,12590,18742,82,-8,0,
2324455,12565,18754,82,-10,0,
2324460,12550,18765,82,-11,0,
2324465,12550,18765,79,-12,0,
2324470,12550,18765,75,-13,0,
2324475,12566,18749,72,-15,0,
2324480,12584,18736,67,-15,0,
2324485,12611,18721,63,-15,0,
2324490,12632,18728,59,-15,0,
2324495,12655,18741,54,-16,0,
2324500,12685,18767,50,-15,0,
2324505,12709,18803,45,-15,0,
2324510,12741,18841,45,-16,0,
2324515,12762,18894,44,-16,0,
2324520,12780,18945,44,-16,0,
2324525,12798,19008,44,-16,0,
2324530,12813,19076,43,-17,0,
2324535,12829,19147,45,-17,0,
2324540,12844,19227,48,-17,0,
2324545,12860,19305,50,-18,0,
2324550,12876,19388,53,-18,0,
2324555,12901,19467,55,-18,0,
2324560,12929,19550,58,-17,0,
2324565,12963,19628,61,-16,0,
2324570,12992,19700,64,-14,0,
2324575,13016,19772,68,-13,0,
2324580,13039,19836,69,-13,0,
2324585,13055,19902,72,-11,0,
2324590,13075,19961,75,-10,0,
2324595,13092,20017,78,-9,0,
2324600,13109,20072,81,-8,0,
2324605,13126,20119,83,-7,0,
2324610,13136,20177,83,-7,0,
2324615,13147,20231,83,-5,0,
2324620,13155,20288,83,-5,0,
2324625,13155,20346,83,-4,0,
2324630,13162,20396,83,-4,0,
2324635,13162,20453,83,-4,0,
2324640,13162,20504,83,-4,0,
2324645,13147,20561,83,-4,0,
2324650,13140,20620,83,-4,0,
2324655,13131,20670,83,-5,0,
2324660,13119,20725,83,-7,0,
2324665,13109,20770,83,-7,0,
2324670,13097,20819,82,-8,0,
2324675,13084,20865,82,-8,0,
2324680,13076,20907,82,-10,0,
2324685,13069,20951,82,-11,0,
2324690,13069,20984,82,-11,0,
2324695,13059,21022,82,-11,0,
2324700,13059,21058,82,-13,0,
2324705,13052,21089,82,-13,0,
2324710,13052,21122,82,-13,0,
2324715,13052,21150,82,-14,0,
2324720,13052,21170,82,-14,0,
2324725,13060,21193,81,-15,0,
2324730,13060,21214,80,-15,0,
2324735,13075,21228,80,-15,0,
2324740,13082,21243,80,-17,0,
2324745,13094,21243,78,-18,0,
2324750,13104,21243,78,-18,0,
2324755,13117,21243,77,-17,0,
2324760,13128,21243,75,-18,0,
2324765,13128,21243,74,-17,0,
2324762,13128,21243,72,-18,121,
2324767,13116,21231,71,-17,100,
2324772,13104,21214,68,-17,110,
2324777,13092,21207,67,-17,147,
2324782,13092,21207,66,-16,182,
2324787,13084,21193,64,-17,213,
2324792,13084,21193,63,-16,246,
2324797,13084,21186,61,-16,276,
2324802,13084,21186,61,-16,300,
2324807,13091,21174,60,-15,319,
2324812,13091,21165,59,-15,328,
2324817,13091,21154,59,-15,347,
2324822,13102,21137,57,-15,377,
2324827,13110,21116,57,-15,393,
2324832,13110,21083,57,-15,418,
2324837,13120,21040,57,-15,418,
2324842,13120,20995,57,-15,442,
2324847,13120,20940,57,-14,473,
2324852,13112,20888,57,-14,477,
2324857,13112,20835,57,-14,494,
2324862,13112,20765,57,-14,522,
2324867,13112,20689,57,-14,539,
2324872,13112,20600,57,-14,560,
2324877,13100,20510,58,-13,566,
2324882,13100,20427,58,-13,581,
2324887,13100,20344,58,-13,587,
2324892,13100,20262,58,-12,597,
2324897,13100,20169,58,-12,612,
2324902,13100,20071,58,-12,628,
2324907,13084,19981,58,-11,630,
2324912,13084,19890,58,-11,648,
2324917,13084,19810,58,-11,644,
2324922,13084,19735,57,-10,654,
2324927,13102,19650,57,-10,664,
2324932,13102,19557,57,-9,664,
2324937,13110,19456,57,-9,672,
2324942,13110,19349,57,-8,698,
2324947,13110,19254,57,-8,691,
2324952,13110,19158,57,-8,699,
2324957,13110,19056,57,-7,700,
2324962,13110,18956,57,-7,720,
2324967,13097,18845,57,-7,712,
2324972,13097,18732,58,-6,722,
2324977,13085,18630,58,-6,722,
2324982,13085,18518,58,-6,724,
2324987,13085,18395,58,-6,726,
2324992,13076,18276,58,-6,720,
2324997,13067,18145,58,-4,747,
2325002,13058,18024,58,-4,752,
2325007,13049,17908,58,-4,738,
2325012,13049,17788,58,-4,756,
2325017,13032,17674,58,-3,755,
2325022,13024,17553,58,-3,763,
2325027,13015,17429,58,-2,775,
2325032,13007,17301,58,-2,784,
2325037,13007,17172,58,-2,784,
2325042,12993,17044,58,-1,791,
2325047,12993,16921,58,-1,796,
2325052,12978,16798,58,-1,783,
2325057,12971,16676,58,-1,783,
2325062,12971,16554,58,-1,790,
2325067,12957,16429,58,0,803,
2325072,12957,16310,58,0,792,
2325077,12957,16184,58,0,786,
2325082,12946,16062,58,0,800,
2325087,12946,15941,58,0,798,
2325092,12946,15818,58,0,798,
2325097,12938,15701,58,0,798,
2325102,12938,15588,58,0,791,
2325107,12938,15474,58,0,794,
2325112,12938,15369,58,0,796,
2325117,12938,15270,58,0,789,
2325122,12938,15166,58,0,790,
2325127,12938,15064,58,1,804,
2325132,12946,14963,58,1,799,
2325137,12946,14855,58,1,788,
2325142,12946,14746,58,1,813,
2325147,12946,14641,58,1,812,
2325152,12936,14544,58,2,803,
2325157,12936,14448,58,2,796,
2325162,12927,14359,58,2,808,
2325167,12927,14265,58,2,810,
2325172,12920,14158,58,2,797,
2325177,12920,14047,58,3,802,
2325182,12904,13942,58,3,819,
2325187,12893,13842,58,3,809,
2325192,12893,13755,58,3,811,
2325197,12893,13668,58,3,815,
2325202,12893,13575,58,3,822,
2325207,12893,13485,58,3,797,
2325212,12893,13391,58,3,822,
2325217,12893,13317,58,4,816,
2325222,12893,13242,58,4,797,
2325227,12901,13157,58,4,819,
2325232,12901,13078,59,5,814,
2325237,12894,12999,59,5,801,
2325242,12894,12935,60,5,800,
2325247,12894,12888,60,5,807,
2325252,12894,12838,60,5,796,
2325257,12902,12774,60,5,797,
2325262,12902,12706,60,5,826,
2325267,12902,12639,60,5,816,
2325272,12902,12583,60,5,804,
2325277,12902,12538,60,5,806,
2325282,12902,12497,60,5,801,
2325287,12902,12444,59,5,807,
2325292,12902,12384,59,5,807,
2325297,12902,12333,58,6,809,
2325302,12902,12294,58,6,807,
2325307,12892,12266,58,6,807,
2325312,12892,12247,58,6,810,
2325317,12892,12221,58,6,805,
2325322,12892,12184,58,6,807,
2325327,12892,12147,58,6,810,
2325332,12892,12115,58,6,807,
2325337,12892,12096,58,6,803,
2325342,12892,12084,58,6,805,
2325347,12892,12084,58,6,805,
2325352,12892,12073,58,6,805,
2325357,12892,12073,58,6,804,
2325362,12892,12073,58,6,805,
2325367,12892,12073,58,6,804,
2325372,12892,12073,58,6,804,
2325377,12892,12073,58,6,805,
2325382,12892,12073,58,6,804,
2325387,12892,12065,58,6,805,
2325392,12892,12065,58,6,805,
2325397,12892,12065,58,6,805,
2325402,12892,12065,58,6,805,
2325407,12892,12065,58,6,804,
2325412,12892,12065,58,6,804,
2325417,12892,12065,58,6,803,
2325422,12892,12065,58,6,803,
2325427,12892,12065,58,6,802,
2325432,12892,12072,58,6,802,
2325437,12892,12072,58,6,801,
2325442,12892,12072,59,5,799,
2325447,12892,12072,59,5,799,
2325452,12892,12072,60,5,798,
2325457,12892,12072,60,5,797,
2325462,12892,12072,59,5,796,
2325467,12892,12080,59,5,794,
2325472,12892,12080,58,6,793,
2325477,12892,12080,58,6,790,
2325482,12892,12080,58,6,787,
2325487,12892,12080,58,6,785,
2325492,12892,12080,58,6,781,
2325497,12892,12080,58,6,778,
2325502,12892,12080,58,6,771,
2325507,12899,12080,57,7,762,
2325512,12899,12080,57,7,755,
2325517,12899,12080,57,7,748,
2325522,12899,12080,57,7,741,
2325527,12899,12080,57,7,735,
2325532,12906,12080,57,7,730,
2325537,12906,12080,57,7,723,
2325542,12906,12080,57,7,717,
2325547,12906,12080,57,7,714,
2325552,12918,12080,57,7,711,
2325557,12925,12080,57,7,712,
2325562,12933,12080,57,7,711,
2325567,12945,12080,57,7,712,
2325572,12954,12080,57,7,709,
2325577,12965,12080,57,7,707,
2325582,12977,12080,57,7,706,
2325587,12991,12080,57,7,708,
2325592,13011,12080,57,7,712,
2325597,13033,12080,57,7,711,
2325603,13056,12080,57,7,709,
2325608,13076,12080,56,6,706,
2325613,13097,12080,56,6,709,
2325618,13117,12080,55,6,709,
2325623,13141,12080,55,6,709,
2325628,13171,12080,55,6,709,
2325633,13202,12080,55,6,712,
2325638,13235,12080,55,6,710,
2325643,13266,12080,55,6,710,
2325648,13298,12089,55,6,709,
2325653,13328,12097,53,6,706,
2325658,13360,12097,53,6,706,
2325663,13394,12097,52,7,709,
2325668,13431,12097,52,8,706,
2325673,13466,12105,52,8,705,
2325678,13504,12105,52,8,706,
2325683,13541,12113,52,8,706,
2325688,13580,12120,52,8,703,
2325693,13625,12120,52,8,707,
2325698,13669,12120,52,8,705,
2325703,13715,12128,52,8,709,
2325708,13761,12128,52,8,706,
2325713,13809,12139,52,8,707,
2325718,13856,12150,52,8,705,
2325723,13906,12150,52,8,709,
2325728,13956,12150,52,8,705,
2325733,14002,12150,52,8,703,
2325738,14051,12157,52,8,703,
2325743,14100,12165,52,8,705,
2325748,14152,12173,52,8,708,
2325753,14211,12180,50,8,702,
2325758,14270,12180,50,8,702,
2325763,14328,12180,49,8,706,
2325768,14387,12187,49,8,703,
2325773,14447,12195,49,8,703,
2325778,14510,12208,49,8,706,
2325783,14578,12218,49,8,703,
2325788,14650,12234,49,8,706,
2325793,14727,12248,49,8,702,
2325798,14800,12266,49,8,700,
2325803,14875,12281,49,8,705,
2325808,14955,12292,49,8,706,
2325813,15034,12306,50,9,708,
2325818,15114,12306,50,9,700,
2325823,15189,12318,50,9,701,
2325828,15258,12327,50,9,701,
2325833,15327,12336,50,9,709,
2325838,15401,12345,50,9,706,
2325843,15478,12352,50,9,703,
2325848,15557,12352,50,9,703,
2325853,15635,12352,50,9,704,
2325858,15711,12360,50,9,703,
2325863,15791,12360,50,9,704,
2325868,15871,12360,51,9,704,
2325873,15955,12371,51,9,708,
2325878,16035,12371,52,8,704,
2325883,16114,12386,52,8,705,
2325888,16188,12394,52,8,705,
2325893,16265,12401,52,8,703,
2325898,16344,12411,52,8,705,
2325903,16426,12411,52,8,704,
2325908,16513,12411,52,8,703,
2325913,16597,12423,50,8,704,
2325918,16677,12423,50,8,700,
2325923,16757,12438,49,8,706,
2325928,16840,12447,49,8,705,
2325933,16924,12460,49,8,705,
2325938,17011,12467,49,8,703,
2325943,17096,12467,49,8,705,
2325948,17175,12467,49,8,698,
2325953,17249,12467,49,8,705,
2325958,17325,12479,49,8,706,
2325963,17400,12490,49,8,705,
2325968,17477,12507,49,8,697,
2325973,17558,12515,49,8,708,
2325978,17634,12523,49,8,701,
2325983,17708,12523,50,8,707,
2325988,17787,12533,50,8,705,
2325993,17872,12542,52,8,706,
2325998,17957,12549,52,8,703,
2326003,18038,12556,52,8,700,
2326008,18119,12556,52,8,703,
2326013,18190,12566,52,8,703,
2326018,18265,12566,52,8,702,
2326023,18344,12577,52,8,708,
2326028,18426,12588,52,8,705,
2326033,18514,12588,52,7,710,
2326038,18598,12604,52,7,707,
2326043,18681,12613,52,7,703,
2326048,18760,12613,50,7,704,
2326053,18838,12625,50,7,706,
2326058,18915,12625,49,6,704,
2326063,18998,12639,49,6,704,
2326068,19079,12647,49,6,705,
2326073,19161,12647,49,6,706,
2326078,19247,12647,49,6,706,
2326083,19326,12647,49,6,705,
2326088,19405,12647,49,6,705,
2326093,19484,12656,49,6,703,
2326098,19560,12671,49,6,706,
2326103,19642,12684,49,6,704,
2326108,19725,12684,49,6,706,
2326113,19808,12697,50,7,705,
2326118,19899,12697,50,7,708,
2326123,19987,12708,52,7,703,
2326128,20074,12718,52,7,706,
2326133,20160,12725,52,7,698,
2326138,20241,12735,52,7,703,
2326143,20326,12744,52,7,706,
2326148,20415,12744,52,7,703,
2326153,20501,12756,52,7,703,
2326158,20588,12756,52,5,706,
2326163,20674,12756,52,5,703,
2326168,20752,12763,51,6,706,
2326173,20835,12763,51,6,706,
2326178,20917,12763,49,6,702,
2326183,20997,12763,49,6,706,
2326188,21082,12754,49,6,706,
2326193,21159,12754,49,6,705,
2326198,21236,12754,49,6,704,
2326203,21309,12754,49,6,707,
2326208,21376,12754,49,6,702,
2326213,21442,12754,49,6,711,
2326218,21509,12754,49,6,709,
2326223,21572,12745,49,6,701,
2326228,21636,12745,49,6,705,
2326233,21698,12745,49,6,703,
2326238,21758,12737,49,6,705,
2326243,21815,12737,49,6,705,
2326248,21866,12737,49,6,700,
2326253,21914,12737,51,6,705,
2326258,21959,12737,51,6,706,
2326263,22001,12744,52,5,705,
2326268,22038,12744,52,5,703,
2326273,22072,12744,52,5,702,
2326278,22097,12744,52,5,704,
2326283,22118,12744,52,5,706,
2326288,22134,12744,52,5,707,
2326293,22146,12744,52,5,708,
2326298,22154,12744,52,5,711,
2326303,22161,12744,52,5,713,
2326308,22161,12744,51,6,724,
2326313,22168,12744,51,6,734,
2326318,22168,12744,49,6,746,
2326323,22168,12744,49,6,755,
2326328,22168,12752,49,6,758,
2326333,22168,12752,49,6,760,
2326338,22168,12752,49,6,759,
2326343,22168,12752,49,6,758,
2326348,22168,12752,49,6,755,
2326353,22168,12752,49,6,751,
2326358,22168,12752,49,6,748,
2326363,22168,12752,49,6,745,
2326368,22168,12752,49,6,741,
2326373,22168,12752,49,6,740,
2326378,22168,12752,49,6,737,
2326383,22168,12752,49,6,734,
2326388,22168,12752,49,6,733,
2326393,22168,12752,49,6,732,
2326398,22168,12752,49,6,730,
2326403,22168,12752,49,6,728,
2326408,22168,12752,49,6,725,
2326413,22168,12752,49,6,722,
2326418,22168,12752,49,6,720,
2326423,22168,12752,49,6,717,
2326428,22168,12752,49,6,716,
2326433,22168,12752,49,6,715,
2326438,22168,12752,49,6,714,
2326443,22168,12752,49,6,715,
2326448,22168,12752,49,6,716,
2326453,22168,12752,49,6,717,
2326458,22168,12752,49,6,720,
2326463,22175,12752,49,6,724,
2326468,22175,12752,49,6,730,
2326473,22175,12752,49,6,734,
2326478,22168,12752,49,6,739,
2326483,22168,12752,49,6,743,
2326488,22168,12752,49,6,745,
2326493,22168,12752,49,6,746,
2326498,22168,12752,49,6,746,
2326503,22168,12752,49,6,746,
2326508,22168,12752,49,6,746,
2326513,22168,12762,49,6,746,
2326518,22168,12762,49,6,746,
2326523,22168,12762,49,6,745,
2326528,22168,12762,49,6,745,
2326533,22168,12771,49,6,745,
2326538,22168,12771,49,6,744,
2326543,22168,12781,49,6,745,
2326548,22168,12792,49,6,746,
2326553,22168,12800,49,6,749,
2326558,22177,12821,49,6,757,
2326563,22177,12847,49,6,759,
2326568,22187,12884,49,6,763,
2326573,22195,12932,49,6,765,
2326578,22195,12974,49,6,762,
2326583,22210,13014,49,6,764,
2326588,22219,13051,49,6,762,
2326593,22226,13093,49,6,761,
2326598,22234,13148,49,6,764,
2326603,22234,13211,49,6,769,
2326608,22247,13280,49,6,769,
2326613,22254,13338,49,6,774,
2326618,22265,13385,49,6,781,
2326623,22265,13432,49,6,783,
2326628,22278,13478,49,6,798,
2326633,22278,13540,49,6,798,
2326638,22278,13607,49,6,796,
2326643,22286,13673,49,6,806,
2326648,22286,13732,49,6,805,
2326653,22277,13794,49,6,807,
2326658,22270,13866,49,6,805,
2326663,22270,13951,49,6,807,
2326668,22256,14048,49,6,815,
2326673,22256,14135,49,6,810,
2326678,22256,14220,49,6,826,
2326683,22241,14300,49,6,823,
2326688,22231,14380,49,6,812,
2326693,22217,14473,49,6,821,
2326698,22201,14570,49,6,822,
2326703,22191,14660,49,6,827,
2326708,22183,14751,49,6,828,
2326713,22175,14840,49,6,833,
2326718,22164,14928,49,6,830,
2326723,22143,15021,49,6,828,
2326728,22124,15112,49,6,835,
2326733,22105,15196,49,6,833,
2326738,22083,15271,49,4,838,
2326743,22061,15354,49,4,837,
2326748,22038,15441,49,4,848,
2326753,22019,15526,49,4,849,
2326758,22004,15619,49,4,855,
2326763,21990,15712,49,4,848,
2326768,21972,15794,49,4,848,
2326773,21953,15883,51,4,853,
2326778,21935,15982,51,4,852,
2326783,21924,16075,52,4,855,
2326788,21914,16174,52,4,851,
2326793,21899,16275,52,4,854,
2326798,21878,16372,52,4,853,
2326803,21858,16473,52,4,852,
2326808,21843,16571,52,4,862,
2326813,21832,16662,52,4,863,
2326818,21824,16745,52,4,863,
2326823,21815,16831,52,4,868,
2326828,21804,16928,52,3,868,
2326833,21792,17027,52,3,876,
2326838,21783,17124,52,3,870,
2326843,21772,17218,52,3,876,
2326848,21763,17308,52,3,875,
2326853,21763,17404,52,3,876,
2326858,21751,17503,52,3,873,
2326863,21751,17601,52,3,873,
2326868,21732,17699,52,3,872,
2326873,21720,17788,52,2,876,
2326878,21713,17873,52,2,877,
2326883,21706,17962,52,2,880,
2326888,21706,18045,52,2,874,
2326893,21693,18124,52,2,878,
2326898,21684,18214,52,2,880,
2326903,21671,18300,52,0,884,
2326908,21660,18379,52,0,888,
2326913,21660,18472,52,0,892,
2326918,21645,18553,52,0,896,
2326923,21645,18620,52,0,896,
2326928,21634,18702,52,0,899,
2326933,21624,18788,52,0,898,
2326938,21624,18877,52,0,899,
2326943,21615,18972,52,0,899,
2326948,21615,19063,52,0,895,
2326953,21606,19151,52,0,896,
2326958,21606,19241,52,0,894,
2326963,21593,19334,52,0,894,
2326968,21593,19418,52,0,895,
2326973,21586,19504,52,0,898,
2326978,21586,19587,52,0,900,
2326983,21593,19671,52,0,897,
2326988,21593,19761,52,0,899,
2326993,21593,19845,52,0,897,
2326998,21593,19929,52,0,896,
2327003,21593,20011,52,0,896,
2327008,21593,20097,52,0,898,
2327013,21601,20182,52,0,896,
2327018,21601,20266,52,0,899,
2327023,21601,20352,52,0,902,
2327028,21601,20433,52,0,899,
2327033,21601,20514,52,0,898,
2327038,21601,20591,52,0,900,
2327043,21601,20665,52,0,901,
2327048,21594,20731,52,0,905,
2327053,21594,20791,52,0,905,
2327058,21579,20859,52,0,904,
2327063,21569,20935,52,0,897,
2327068,21557,21023,52,0,897,
2327073,21550,21104,52,0,908,
2327078,21543,21173,52,0,908,
2327083,21532,21246,52,0,908,
2327088,21523,21311,52,-2,909,
2327093,21515,21379,52,-2,912,
2327098,21515,21451,52,-2,908,
2327103,21505,21518,52,-3,913,
2327108,21505,21577,52,-3,915,
2327113,21491,21649,52,-3,909,
2327118,21481,21724,52,-3,914,
2327123,21481,21785,52,-3,914,
2327128,21467,21847,52,-3,917,
2327133,21467,21906,54,-3,910,
2327138,21455,21964,53,-4,909,
2327143,21444,22023,55,-4,911,
2327148,21431,22090,55,-4,914,
2327153,21424,22141,55,-4,915,
2327158,21414,22181,55,-4,909,
2327163,21404,22222,55,-4,911,
2327168,21394,22265,55,-4,914,
2327173,21380,22309,55,-4,914,
2327178,21371,22350,55,-4,920,
2327183,21360,22381,55,-4,920,
2327188,21343,22409,55,-4,912,
2327193,21328,22448,55,-5,917,
2327198,21310,22487,55,-5,919,
2327203,21297,22535,55,-5,917,
2327208,21297,22577,55,-5,922,
2327213,21285,22602,55,-5,927,
2327218,21285,22623,55,-5,930,
2327223,21274,22636,55,-5,927,
2327228,21267,22654,55,-5,928,
2327233,21257,22674,55,-5,930,
2327238,21247,22694,56,-5,929,
2327243,21233,22718,56,-5,908,
2327248,21219,22740,58,-6,914,
2327253,21207,22761,58,-6,923,
2327258,21200,22776,58,-6,925,
2327263,21200,22789,58,-6,924,
2327268,21200,22796,58,-6,924,
2327273,21191,22796,58,-6,927,
2327278,21183,22808,58,-4,930,
2327283,21183,22808,58,-4,931,
2327288,21183,22816,58,-4,931,
2327293,21183,22816,58,-4,931,
2327298,21176,22816,58,-6,931,
2327303,21176,22816,58,-6,929,
2327308,21176,22816,58,-6,928,
2327313,21165,22816,58,-6,927,
2327318,21165,22816,58,-6,927,
2327323,21165,22816,58,-6,927,
2327328,21165,22816,58,-6,927,
2327333,21165,22816,58,-6,927,
2327338,21165,22816,56,-5,927,
2327343,21156,22816,56,-5,927,
2327348,21156,22816,55,-5,928,
2327353,21156,22816,53,-5,927,
2327358,21148,22816,53,-5,925,
2327363,21138,22809,52,-5,919,
2327368,21124,22809,51,-6,916,
2327373,21106,22809,51,-6,916,
2327378,21089,22800,49,-6,916,
2327383,21074,22800,48,-5,917,
2327388,21058,22800,48,-5,917,
2327393,21037,22800,46,-5,919,
2327398,21016,22800,45,-6,919,
2327403,20994,22791,45,-6,921,
2327408,20971,22791,44,-6,927,
2327413,20953,22791,44,-6,923,
2327418,20930,22791,44,-6,926,
2327423,20906,22783,44,-6,928,
2327428,20876,22774,44,-6,912,
2327433,20841,22765,44,-6,909,
2327438,20810,22749,44,-6,924,
2327443,20778,22734,44,-6,924,
2327448,20747,22724,45,-6,920,
2327453,20715,22712,45,-6,923,
2327458,20678,22702,46,-5,925,
2327463,20640,22687,46,-5,927,
2327468,20603,22674,46,-5,931,
2327473,20566,22664,46,-5,932,
2327478,20530,22654,46,-5,934,
2327483,20489,22654,46,-5,925,
2327488,20440,22644,46,-5,928,
2327493,20396,22631,48,-5,951,
2327498,20348,22622,48,-5,948,
2327503,20303,22606,49,-6,931,
2327508,20260,22593,49,-6,957,
2327513,20211,22585,49,-6,948,
2327518,20161,22576,49,-6,947,
2327523,20110,22576,49,-6,952,
2327528,20061,22565,49,-6,957,
2327533,20007,22558,49,-6,953,
2327538,19950,22550,49,-6,943,
2327543,19891,22550,49,-6,958,
2327548,19828,22541,49,-6,956,
2327553,19767,22541,49,-6,963,
2327558,19710,22541,51,-6,961,
2327563,19654,22529,51,-6,963,
2327568,19596,22529,52,-5,961,
2327573,19537,22516,52,-5,966,
2327578,19471,22516,52,-5,954,
2327583,19405,22516,52,-5,957,
2327588,19345,22507,52,-5,992,
2327593,19284,22507,52,-5,973,
2327598,19223,22507,52,-5,983,
2327603,19159,22507,52,-5,985,
2327608,19087,22507,52,-5,980,
2327613,19013,22507,52,-5,979,
2327618,18938,22498,52,-5,980,
2327623,18863,22498,52,-5,983,
2327628,18787,22488,52,-5,983,
2327633,18713,22488,52,-5,983,
2327638,18639,22488,52,-5,986,
2327643,18564,22488,52,-5,996,
2327648,18489,22496,52,-5,974,
2327653,18415,22507,52,-5,1012,
2327658,18342,22507,51,-6,989,
2327663,18265,22514,51,-6,979,
2327668,18190,22514,49,-6,1000,
2327673,18114,22503,49,-6,1001,
2327678,18035,22503,49,-6,994,
2327683,17961,22503,49,-6,980,
2327688,17889,22503,49,-6,1009,
2327693,17816,22512,49,-6,1004,
2327698,17746,22512,49,-6,1002,
2327703,17673,22512,49,-6,996,
2327708,17598,22522,49,-4,1000,
2327713,17529,22522,51,-4,1009,
2327718,17455,22522,51,-4,991,
2327723,17384,22522,52,-4,999,
2327728,17320,22522,52,-4,1018,
2327733,17251,22522,52,-4,991,
2327738,17179,22522,52,-4,1010,
2327743,17110,22522,52,-4,1023,
2327748,17039,22522,52,-4,985,
2327753,16972,22534,52,-4,1005,
2327758,16907,22534,52,-4,990,
2327763,16837,22542,52,-4,1001,
2327768,16768,22535,52,-4,1016,
2327773,16699,22535,52,-4,1007,
2327778,16638,22535,52,-4,1012,
2327783,16585,22535,52,-4,1013,
2327788,16525,22542,52,-4,1011,
2327793,16463,22542,52,-4,1006,
2327798,16401,22551,51,-4,1007,
2327803,16338,22551,51,-4,1009,
2327808,16281,22551,49,-4,1023,
2327813,16228,22551,49,-4,1023,
2327818,16176,22539,49,-4,1017,
2327823,16122,22539,49,-4,1023,
2327828,16067,22539,49,-4,1017,
2327833,16008,22539,49,-4,1020,
2327838,15949,22539,49,-4,1009,
2327843,15888,22530,49,-4,1023,
2327848,15832,22530,49,-4,1023,
2327853,15776,22530,49,-4,1023,
2327858,15714,22530,49,-3,1009,
2327863,15660,22542,51,-3,1023,
2327868,15606,22542,51,-3,1010,
2327873,15554,22555,52,-3,1020,
2327878,15509,22555,52,-3,1020,
2327883,15461,22563,52,-3,1019,
2327888,15414,22563,52,-3,1023,
2327893,15369,22570,52,-3,1018,
2327898,15325,22570,52,-3,1012,
2327903,15284,22570,52,-3,1019,
2327908,15242,22570,52,-3,1023,
2327913,15202,22579,52,-3,1023,
2327918,15165,22579,54,-1,1023,
2327923,15125,22590,54,-1,1023,
2327928,15086,22590,55,-1,1023,
2327933,15042,22597,55,-1,1017,
2327938,14991,22597,55,-1,1019,
2327943,14942,22597,55,-1,1018,
2327948,14886,22612,55,-1,1014,
2327953,14832,22612,55,-1,1012,
2327958,14780,22623,54,-1,1014,
2327963,14730,22623,54,-1,1017,
2327968,14682,22631,52,-2,1014,
2327973,14637,22631,52,-2,1014,
2327978,14586,22640,52,-2,1009,
2327983,14529,22647,52,-2,1001,
2327988,14473,22647,52,-2,1023,
2327993,14425,22658,51,-2,1023,
2327998,14385,22658,51,-2,1014,
2328003,14347,22673,49,-2,1009,
2328008,14315,22673,49,-2,1014,
2328013,14270,22684,49,-2,1006,
2328018,14223,22684,49,0,1005,
2328023,14183,22684,49,0,1011,
2328028,14143,22684,49,0,1015,
2328033,14105,22684,49,0,1014,
2328038,14070,22684,49,0,1018,
2328043,14028,22692,49,0,1003,
2328048,13984,22701,49,0,1005,
2328053,13945,22711,49,0,1023,
2328058,13902,22718,49,0,1014,
2328063,13865,22718,49,0,1018,
2328068,13824,22726,51,0,1011,
2328073,13781,22726,51,0,1012,
2328078,13742,22735,52,0,1011,
2328083,13701,22735,52,0,1006,
2328088,13660,22743,52,0,998,
2328093,13621,22743,52,0,1012,
2328098,13582,22755,52,0,1011,
2328104,13549,22755,52,0,1010,
2328109,13520,22755,52,0,1010,
2328114,13488,22762,52,0,1000,
2328119,13454,22762,52,0,994,
2328124,13418,22776,52,0,1002,
2328129,13387,22776,52,0,1004,
2328134,13359,22785,52,0,1000,
2328139,13335,22785,52,0,1000,
2328144,13311,22785,52,0,1000,
2328149,13285,22785,52,0,997,
2328154,13262,22785,52,0,1004,
2328159,13241,22785,52,0,1009,
2328164,13225,22785,54,0,1012,
2328169,13209,22792,54,0,1011,
2328174,13196,22792,55,0,1011,
2328179,13179,22792,55,0,1009,
2328184,13161,22792,55,0,1005,
2328189,13142,22799,55,0,1005,
2328194,13123,22799,55,0,1003,
2328199,13107,22799,55,0,1002,
2328204,13093,22809,55,0,1003,
2328209,13085,22809,55,0,1002,
2328214,13074,22809,55,0,1000,
2328219,13066,22809,55,0,995,
2328224,13054,22809,55,0,987,
2328229,13041,22820,55,0,981,
2328234,13034,22820,55,0,981,
2328239,13026,22820,55,0,980,
2328244,13026,22820,56,0,979,
2328249,13026,22820,56,0,978,
2328254,13018,22827,58,-1,977,
2328259,13018,22827,58,-1,977,
2328264,13018,22827,58,-1,974,
2328269,13018,22827,58,-1,971,
2328274,13018,22827,58,-1,967,
2328279,13018,22827,58,-1,963,
2328284,13018,22827,58,-1,958,
2328289,13009,22827,58,-2,954,
2328294,13009,22827,58,-2,948,
2328299,13009,22827,58,-2,944,
2328304,13009,22827,58,-2,942,
2328309,13009,22827,58,-2,939,
2328314,13009,22827,58,-2,936,
2328319,13009,22827,58,-2,934,
2328324,13009,22827,58,-2,933,
2328329,13009,22827,58,-2,931,
2328334,13009,22827,58,-2,931,
2328339,13009,22819,58,-2,929,
2328344,13009,22819,58,-2,927,
2328349,13009,22819,58,-2,925,
2328354,13002,22819,58,-2,921,
2328359,13002,22819,58,-2,917,
2328364,12995,22810,58,-2,914,
2328369,12995,22810,58,-2,910,
2328374,12987,22810,58,-2,905,
2328379,12987,22800,58,-2,897,
2328384,12979,22800,58,-2,890,
2328389,12979,22792,58,-2,882,
2328394,12979,22780,58,-2,876,
2328399,12979,22766,58,-2,869,
2328404,12979,22747,58,-2,863,
2328409,12967,22722,58,-2,864,
2328414,12960,22696,58,-1,861,
2328419,12960,22670,58,-1,858,
2328424,12952,22639,58,-1,857,
2328429,12952,22606,59,-1,858,
2328434,12940,22571,59,-1,856,
2328439,12930,22534,61,-1,858,
2328444,12930,22501,61,-1,858,
2328449,12919,22472,61,-1,859,
2328454,12919,22448,61,-1,857,
2328459,12919,22422,61,-1,853,
2328464,12906,22389,61,-1,845,
2328469,12897,22353,61,-1,850,
2328474,12889,22319,61,-1,851,
2328479,12889,22296,61,-1,850,
2328484,12889,22277,61,-1,850,
2328489,12889,22263,61,-1,851,
2328494,12889,22250,61,-1,851,
2328499,12889,22231,61,-1,848,
2328504,12889,22208,61,-1,839,
2328509,12889,22176,61,-1,837,
2328514,12889,22137,61,0,836,
2328519,12889,22095,61,0,839,
2328524,12877,22063,61,0,839,
2328529,12877,22041,61,0,839,
2328534,12877,22028,61,0,836,
2328539,12868,22017,61,0,834,
2328544,12868,21989,61,0,830,
2328549,12858,21950,61,0,832,
2328554,12846,21903,61,0,837,
2328559,12846,21863,61,0,836,
2328564,12837,21843,59,0,834,
2328569,12837,21843,59,0,833,
2328574,12845,21843,58,0,833,
2328579,12845,21843,56,0,833,
2328584,12855,21825,56,0,831,
2328589,12855,21798,55,0,831,
2328594,12855,21775,54,0,834,
2328599,12855,21749,52,0,834,
2328604,12846,21728,51,0,833,
2328609,12846,21703,51,0,829,
2328614,12846,21666,49,0,832,
2328619,12839,21632,48,0,836,
2328624,12839,21599,47,2,835,
2328629,12839,21567,45,2,834,
2328634,12839,21547,45,2,835,
2328639,12832,21526,44,2,836,
2328644,12832,21501,44,2,833,
2328649,12832,21476,44,2,832,
2328654,12832,21449,44,2,834,
2328659,12832,21410,44,2,835,
2328664,12825,21368,44,2,834,
2328669,12825,21336,44,2,836,
2328674,12825,21307,44,2,836,
2328679,12835,21283,44,2,834,
2328684,12842,21260,44,2,827,
2328689,12842,21228,44,2,827,
2328694,12842,21191,44,2,828,
2328699,12842,21158,44,2,815,
2328704,12842,21130,44,3,799,
2328709,12842,21102,44,3,795,
2328714,12842,21066,44,3,785,
2328719,12835,21033,44,3,784,
2328724,12835,21007,44,3,747,
2328729,12828,20991,44,3,709,
2328734,12828,20991,44,3,674,
2328739,12836,20991,44,4,626,
2328744,12836,20991,45,4,555,
2328749,12843,20973,45,4,471,
2328754,12843,20961,45,4,378,
2328759,12843,20952,45,4,247,
2328764,12856,20942,44,6,108,
2328769,12856,20942,44,6,0,
2328774,12872,20932,44,6,0,
2328779,12879,20932,45,6,0,
2328784,12879,20932,46,7,0,
2328789,12871,20932,48,7,0,
2328794,12860,20951,49,6,0,
2328799,12848,20973,50,7,0,
2328804,12838,21004,52,7,0,
2328809,12838,21040,53,6,0,
2328814,12830,21087,55,6,0,
2328819,12830,21141,57,7,0,
2328824,12848,21203,59,5,0,
2328829,12863,21279,62,5,0,
2328834,12888,21350,65,4,0,
2328839,12912,21430,69,3,0,
2328844,12942,21513,72,2,0,
2328849,12979,21587,76,3,0,
2328854,13014,21668,80,4,0,
2328859,13053,21742,83,4,0,
2328864,13094,21803,83,5,0,
2328869,13130,21874,83,7,0,
2328874,13169,21935,83,7,0,
2328879,13215,21990,82,8,0,
2328884,13257,22056,82,8,0,
2328889,13307,22106,82,10,0,
2328894,13356,22155,82,10,0,
2328899,13401,22215,82,11,0,
2328904,13452,22266,82,11,0,
2328909,13511,22322,82,13,0,
2328914,13576,22385,82,13,0,
2328919,13643,22448,82,14,0,
2328924,13712,22517,82,14,0,
2328929,13773,22596,82,13,0,
2328934,13826,22682,82,13,0,
2328939,13881,22766,82,11,0,
2328944,13930,22851,82,11,0,
2328949,13980,22937,82,8,0,
2328954,14037,23011,83,7,0,
2328959,14090,23088,83,7,0,
2328964,14143,23169,81,5,0,
2328969,14202,23241,79,4,0,
2328974,14257,23314,76,2,0,
2328979,14319,23380,73,2,0,
2328984,14382,23436,70,0,0,
2328989,14446,23496,68,0,0,
2328994,14508,23558,65,-1,0,
2328999,14575,23614,63,-2,0,
2329004,14644,23675,61,-2,0,
2329009,14718,23726,59,-1,0,
2329014,14792,23775,58,-1,0,
2329019,14864,23822,58,0,0,
2329024,14930,23862,58,0,0,
2329029,14993,23897,59,0,0,
2329034,15054,23929,61,0,0,
2329039,15103,23958,62,0,0,
2329044,15152,23984,63,1,0,
2329049,15193,24011,65,2,0,
2329054,15236,24034,65,3,0,
2329059,15279,24057,66,4,0,
2329064,15327,24072,67,4,0,
2329069,15376,24088,69,6,0,
2329074,15423,24101,70,6,0,
2329079,15474,24110,71,6,0,
2329084,15522,24129,73,6,0,
2329089,15576,24141,74,5,0,
2329094,15637,24152,74,5,0,
2329099,15700,24167,74,5,0,
2329104,15772,24167,73,3,0,
2329109,15843,24180,72,3,0,
2329114,15915,24180,70,3,0,
2329119,15990,24188,69,3,0,
2329124,16069,24188,67,3,0,
2329129,16155,24188,66,3,0,
2329134,16246,24188,65,3,0,
2329139,16341,24180,63,3,0,
2329144,16440,24180,62,3,0,
2329149,16542,24171,61,3,0,
2329154,16649,24163,59,3,0,
2329159,16756,24163,58,3,0,
2329164,16864,24146,56,1,0,
2329169,16969,24137,55,1,0,
2329174,17072,24137,55,1,0,
2329179,17169,24124,55,1,0,
2329184,17264,24124,55,1,0,
2329189,17359,24124,55,1,0,
2329194,17448,24124,55,1,0,
2329199,17537,24124,55,1,0,
2329204,17622,24124,55,1,0,
2329209,17706,24133,56,1,0,
2329214,17786,24145,56,1,0,
2329219,17863,24157,58,2,0,
2329224,17935,24172,58,2,0,
2329229,17998,24194,58,2,0,
2329234,18053,24216,58,2,0,
2329239,18099,24242,59,2,0,
2329244,18140,24266,59,2,0,
2329249,18169,24294,61,2,0,
2329254,18190,24319,61,1,0,
2329259,18190,24347,61,1,0,
2329264,18181,24375,59,1,0,
2329269,18158,24399,59,1,0,
2329274,18121,24419,58,1,0,
2329279,18076,24438,58,0,0,
2329284,18025,24450,58,0,0,
2329289,17963,24463,58,0,0,
2329294,17896,24473,58,0,0,
2329299,17822,24473,59,0,0,
2329304,17739,24473,59,0,0,
2329309,17655,24473,61,0,0,
2329314,17562,24462,62,0,0,
2329319,17463,24447,63,0,0,
2329324,17361,24431,66,0,0,
2329329,17249,24414,68,-1,0,
2329334,17130,24380,70,-1,0,
2329339,16995,24351,72,-1,0,
2329344,16851,24309,72,-1,0,
2329349,16702,24271,72,-1,0,
2329354,16557,24232,72,0,0,
2329359,16425,24193,72,0,0,
2329364,16306,24153,72,0,0,
2329369,16200,24116,72,0,0,
2329374,16098,24082,72,0,0,
2329379,16006,24047,72,0,0,
2329384,15916,24023,70,0,0,
2329389,15830,23995,70,1,0,
2329394,15753,23975,69,1,0,
2329399,15682,23963,69,1,0,
2329404,15613,23954,69,2,0,
2329409,15549,23954,68,2,0,
2329414,15485,23954,67,3,0,
2329419,15427,23966,67,3,0,
2329424,15372,23980,67,3,0,
2329429,15321,23995,69,3,0,
2329434,15272,24010,70,3,0,
2329439,15223,24026,72,3,0,
2329444,15176,24043,74,5,0,
2329449,15126,24062,76,5,0,
2329454,15072,24076,77,4,0,
2329459,15014,24090,80,4,0,
2329464,14945,24101,81,4,0,
2329469,14872,24101,81,4,0,
2329474,14799,24112,81,4,0,
2329479,14720,24112,80,4,0,
2329484,14646,24101,79,4,0,
2329489,14570,24089,77,4,0,
2329494,14496,24067,74,5,0,
2329499,14420,24041,73,5,0,
2329504,14345,24010,72,5,0,
2329509,14270,23974,70,4,0,
2329514,14195,23932,69,4,0,
2329519,14129,23882,67,4,0,
2329524,14063,23836,66,5,0,
2329529,14005,23779,64,6,0,
2329534,13945,23726,63,7,0,
2329539,13885,23666,62,7,0,
2329544,13829,23603,60,8,0,
2329549,13769,23544,58,9,0,
2329554,13712,23479,60,7,0,
2329559,13652,23424,60,6,0,
2329564,13591,23366,63,5,0,
2329569,13530,23310,65,5,0,
2329574,13473,23260,67,3,0,
2329579,13419,23212,69,3,0,
2329584,13370,23167,72,2,0,
2329589,13324,23127,73,2,0,
2329594,13282,23090,74,1,0,
2329599,13246,23056,77,0,0,
2329604,13215,23032,79,0,0,
2329609,13192,23011,80,0,0,
2329614,13177,22993,81,-1,0,
2329619,13165,22980,83,-1,0,
2329624,13165,22967,83,-2,0,
2329629,13154,22952,83,-2,0,
2329634,13154,22943,83,-2,0,
2329639,13154,22926,83,-1,0,
2329644,13154,22915,83,-1,0,
2329649,13154,22907,83,-1,0,
2329654,13154,22907,83,-1,0,
2329659,13154,22907,83,0,0,
2329664,13154,22907,83,0,0,
2329669,13154,22920,83,0,0,
2329674,13154,22929,83,0,0,
2329679,13154,22943,83,0,0,
2329684,13154,22956,83,0,0,
2329689,13154,22972,83,0,0,
2329694,13154,22993,83,0,0,
2329699,13161,23007,83,0,0,
2329704,13161,23024,83,0,0,
2329709,13161,23033,83,0,0,
2329714,13161,23041,83,0,0,
2329719,13161,23041,83,0,0,
2329724,13150,23041,83,0,0,
2329729,13143,23041,83,0,0,
2329734,13143,23033,83,0,0,
2329739,13126,23024,83,0,0,
2329744,13119,23009,83,0,0,
2329749,13109,23001,83,0,0,
2329754,13101,22990,83,0,0,
2329759,13094,22982,83,0,0,
2329764,13094,22973,83,0,0,
2329769,13086,22962,83,0,0,
2329774,13078,22962,83,0,0,
2329779,13078,22952,83,0,0,
2329784,13070,22952,83,0,0,
2329789,13070,22952,83,0,0,
2329794,13063,22952,83,0,0,
2329799,13063,22952,83,0,0,
2329804,13055,22952,81,0,0,
2329809,13055,22952,81,0,0,
2329814,13047,22952,80,0,0,
2329819,13047,22952,80,0,0,
2329824,13047,22959,80,0,0,
2329829,13047,22959,80,1,0,
2329834,13039,22959,80,1,0,
2329839,13039,22959,80,1,0,
2329844,13032,22959,80,1,0,
2329849,13032,22959,80,1,0,
2329854,13024,22949,79,1,0,
2329859,13014,22949,79,1,0,
2329864,13014,22931,77,1,0,
2329869,13001,22924,77,1,0,
2329874,13001,22917,77,1,0,
2329879,12991,22910,77,1,0,
2329884,12991,22910,77,1,0,
2329889,12991,22900,77,1,0,
2329894,12991,22890,76,1,0,
2329899,12991,22882,76,1,0,
2329904,12991,22869,74,1,0,
2329909,12991,22857,74,1,0,
2329914,12991,22849,73,2,0,
2329919,13005,22849,73,2,0,
2329924,13005,22849,72,2,0,
2329930,13005,22849,70,2,149,
2329935,13005,22860,70,2,168,
2329940,13005,22860,69,2,170,
2329945,12997,22860,68,2,173,
2329950,12997,22860,67,3,190,
2329955,12997,22853,66,3,206,
2329960,13007,22853,65,3,220,
2329965,13014,22866,65,3,237,
2329970,13024,22878,63,3,251,
2329975,13036,22893,62,3,258,
2329980,13050,22908,62,3,287,
2329985,13069,22931,61,3,312,
2329990,13092,22962,61,3,326,
2329995,13118,23002,61,3,326,
2330000,13147,23053,61,3,362,
2330005,13178,23106,61,3,368,
2330010,13210,23158,61,3,379,
2330015,13243,23216,61,2,404,
2330020,13281,23271,61,2,417,
2330025,13318,23328,59,2,415,
2330030,13360,23384,59,2,422,
2330035,13401,23438,58,2,435,
2330040,13443,23494,58,1,440,
2330045,13487,23556,58,1,450,
2330050,13530,23624,58,1,467,
2330055,13581,23693,58,1,469,
2330060,13636,23760,58,1,472,
2330065,13700,23821,58,1,498,
2330070,13768,23881,58,0,501,
2330075,13834,23947,56,0,501,
2330080,13899,24024,56,0,499,
2330085,13966,24106,55,0,506,
2330090,14029,24197,55,0,508,
2330095,14099,24282,55,0,515,
2330100,14169,24359,55,0,515,
2330105,14234,24429,55,0,526,
2330110,14302,24498,55,0,532,
2330115,14362,24579,54,0,539,
2330120,14429,24657,54,0,556,
2330125,14497,24734,52,0,555,
2330130,14566,24804,52,0,553,
2330135,14637,24867,52,0,560,
2330140,14699,24935,52,0,565,
2330145,14763,25004,51,0,562,
2330150,14823,25081,51,0,566,
2330155,14887,25156,49,0,566,
2330160,14948,25230,49,0,564,
2330165,15007,25301,49,0,565,
2330170,15063,25359,49,-2,566,
2330175,15108,25419,49,-2,570,
2330180,15157,25480,49,-2,566,
2330185,15205,25554,51,-2,568,
2330190,15255,25631,51,-2,573,
2330195,15305,25703,52,-3,574,
2330200,15355,25774,52,-3,572,
2330205,15401,25844,52,-3,572,
2330210,15449,25913,52,-3,577,
2330215,15499,25987,52,-3,577,
2330220,15546,26058,52,-4,589,
2330225,15595,26122,53,-4,586,
2330230,15640,26185,53,-4,587,
2330235,15682,26241,55,-4,592,
2330240,15727,26296,55,-5,596,
2330245,15771,26353,55,-5,597,
2330250,15819,26409,55,-5,598,
2330255,15866,26471,55,-5,599,
2330260,15914,26537,53,-5,600,
2330265,15962,26600,53,-5,601,
2330270,16010,26655,52,-7,599,
2330275,16058,26705,52,-7,600,
2330280,16108,26750,52,-7,607,
2330285,16155,26799,52,-7,608,
2330290,16207,26866,52,-7,607,
2330295,16265,26941,52,-8,608,
2330300,16321,27021,52,-8,610,
2330305,16386,27091,52,-8,607,
2330310,16448,27153,52,-8,604,
2330315,16510,27211,51,-9,612,
2330320,16569,27269,50,-9,612,
2330325,16630,27336,50,-9,612,
2330330,16689,27404,50,-9,612,
2330335,16748,27469,50,-10,612,
2330340,16811,27523,50,-10,616,
2330345,16873,27574,50,-10,616,
2330350,16934,27618,48,-11,616,
2330355,16993,27673,48,-12,614,
2330360,17051,27731,46,-12,618,
2330365,17104,27792,46,-12,618,
2330370,17157,27857,46,-12,619,
2330375,17207,27917,46,-12,618,
2330380,17254,27972,46,-13,623,
2330385,17301,28018,46,-13,622,
2330390,17342,28059,46,-13,624,
2330395,17385,28092,46,-13,623,
2330400,17426,28133,46,-13,632,
2330405,17467,28178,46,-13,638,
2330410,17512,28233,46,-13,643,
2330415,17557,28291,46,-14,641,
2330420,17599,28344,46,-14,641,
2330425,17640,28394,47,-14,642,
2330430,17680,28430,47,-14,644,
2330435,17716,28463,48,-15,647,
2330440,17752,28500,48,-15,645,
2330445,17785,28541,48,-15,646,
2330450,17819,28585,49,-17,647,
2330455,17853,28629,49,-17,648,
2330460,17887,28664,49,-17,648,
2330465,17923,28695,49,-18,653,
2330470,17957,28733,49,-18,650,
2330475,17993,28769,49,-18,650,
2330480,18026,28812,49,-18,652,
2330485,18061,28855,48,-19,652,
2330490,18092,28883,48,-19,653,
2330495,18120,28910,48,-19,653,
2330500,18151,28933,48,-19,652,
2330505,18176,28954,48,-19,653,
2330511,18200,28984,48,-20,650,
2330516,18222,29005,48,-20,652,
2330521,18241,29026,48,-20,654,
2330526,18259,29044,48,-20,659,
2330531,18279,29055,46,-20,681,
2330536,18298,29076,46,-20,685,
2330541,18316,29092,46,-20,681,
2330546,18333,29110,46,-20,679,
2330551,18349,29127,46,-20,679,
2330556,18364,29140,46,-20,679,
2330561,18378,29149,46,-20,678,
2330566,18391,29157,46,-20,678,
2330571,18402,29164,46,-20,675,
2330576,18419,29179,46,-20,675,
2330581,18439,29203,46,-20,676,
2330586,18467,29235,46,-20,672,
2330591,18498,29279,46,-20,673,
2330596,18530,29312,46,-19,674,
2330601,18560,29344,46,-19,671,
2330606,18587,29371,46,-19,674,
2330611,18613,29392,46,-19,675,
2330616,18634,29414,46,-19,673,
2330621,18649,29433,46,-19,672,
2330626,18657,29444,46,-19,673,
2330631,18657,29444,46,-18,674,
2330636,18657,29451,46,-18,673,
2330641,18657,29451,46,-18,667,
2330646,18665,29451,45,-18,661,
2330651,18665,29451,45,-18,648,
2330656,18665,29451,43,-18,633,
2330661,18658,29451,43,-18,616,
2330666,18658,29442,43,-18,593,
2330671,18651,29442,43,-18,567,
2330676,18651,29442,43,-18,529,
2330681,18642,29433,43,-18,476,
2330686,18632,29433,43,-18,410,
2330691,18621,29433,43,-18,333,
2330696,18609,29421,43,-18,226,
2330701,18596,29410,43,-18,95,
2330706,18584,29392,43,-18,1,
2330711,18584,29392,43,-18,0,
2330716,18555,29348,45,-17,0,
2330721,18555,29339,45,-17,0,
2330726,18546,29349,46,-17,0,
2330731,18546,29383,46,-17,0,
2330736,18546,29424,46,-17,0,
2330741,18546,29475,46,-17,0,
2330746,18546,29513,46,-17,0,
2330751,18560,29550,46,-18,0,
2330756,18577,29580,46,-18,0,
2330761,18606,29602,46,-18,0,
2330766,18641,29629,46,-18,0,
2330771,18683,29661,46,-18,0,
2330776,18728,29689,46,-18,0,
2330781,18771,29724,46,-18,0,
2330786,18820,29748,46,-18,0,
2330791,18868,29770,46,-17,0,
2330796,18918,29789,45,-17,0,
2330801,18967,29806,45,-17,0,
2330806,19019,29823,43,-17,0,
2330811,19076,29834,43,-17,0,
2330816,19144,29843,45,-16,0,
2330821,19225,29862,45,-15,0,
2330826,19315,29887,48,-15,0,
2330831,19405,29922,50,-14,0,
2330836,19492,29965,50,-14,0,
2330841,19570,30001,52,-13,0,
2330846,19639,30032,54,-12,0,
2330851,19695,30056,54,-12,0,
2330856,19738,30076,55,-11,0,
2330861,19766,30088,55,-11,0,
2330866,19785,30107,57,-11,0,
2330871,19794,30107,57,-11,0,
2330876,19794,30114,58,-11,0,
2330881,19786,30107,59,-11,0,
2330886,19764,30099,58,-10,0,
2330891,19735,30087,60,-9,0,
2330896,19696,30063,58,-10,0,
2330901,19651,30033,58,-10,0,
2330906,19603,29998,57,-10,0,
2330911,19555,29962,57,-10,0,
2330916,19508,29916,57,-10,0,
2330921,19459,29882,57,-10,0,
2330926,19414,29837,57,-10,0,
2330931,19368,29787,57,-10,0,
2330936,19323,29750,57,-10,0,
2330941,19280,29705,57,-10,0,
2330946,19231,29663,57,-10,0,
2330951,19183,29632,57,-10,0,
2330956,19133,29592,57,-10,0,
2330961,19084,29563,57,-10,0,
2330966,19043,29533,57,-10,0,
2330971,19004,29509,56,-9,0,
2330976,18969,29486,56,-9,0,
2330981,18934,29466,54,-10,0,
2330986,18899,29449,55,-11,0,
2330991,18864,29424,54,-11,0,
2330996,18835,29410,54,-11,0,
2331001,18810,29390,52,-12,0,
2331006,18792,29376,51,-11,0,
2331011,18781,29376,51,-11,0,
2331016,18770,29359,49,-12,0,
2331021,18762,29352,48,-13,0,
2331026,18762,29342,48,-13,0,
2331031,18755,29325,46,-13,0,
2331036,18755,29318,46,-13,0,
2331041,18755,29318,46,-14,0,
2331046,18755,29309,46,-14,0,
2331051,18755,29309,46,-14,0,
2331056,18763,29317,46,-14,0,
2331061,18763,29327,45,-15,0,
2331066,18763,29336,45,-15,0,
2331071,18763,29347,45,-15,0,
2331076,18763,29362,45,-15,0,
2331081,18763,29371,45,-15,0,
2331086,18763,29388,45,-15,0,
2331091,18755,29404,45,-15,0,
2331096,18755,29418,45,-15,0,
2331101,18742,29436,45,-15,0,
2331106,18731,29452,45,-15,0,
2331111,18714,29460,45,-15,0,
2331116,18696,29476,45,-15,0,
2331121,18679,29486,45,-15,0,
2331126,18663,29496,45,-15,0,
2331131,18652,29513,45,-15,0,
2331136,18640,29513,46,-17,0,
2331141,18630,29531,46,-17,0,
2331146,18630,29540,46,-17,0,
2331151,18618,29540,46,-17,0,
2331156,18618,29560,47,-15,0,
2331161,18618,29567,47,-15,0,
2331166,18611,29579,48,-15,0,
2331171,18611,29592,48,-15,0,
2331176,18611,29592,48,-15,0,
2331181,18611,29613,48,-15,0,
2331186,18620,29628,48,-15,0,
2331191,18620,29643,48,-15,0,
2331196,18620,29653,48,-15,0,
2331201,18620,29663,48,-15,0,
2331206,18620,29663,48,-15,0,
2331211,18620,29663,48,-15,0,
2331216,18629,29663,48,-15,0,
2331221,18629,29663,49,-14,0,
2331226,18629,29663,49,-14,0,
2331231,18629,29652,49,-14,0,
2331236,18629,29636,49,-14,0,
2331241,18629,29636,49,-14,0,
2331246,18629,29620,49,-14,0,
2331251,18629,29612,49,-14,0,
2331256,18629,29612,49,-14,0,
2331261,18629,29597,49,-14,0,
2331266,18629,29597,49,-14,0,
2331274,18629,29597,49,-14,10,
2331279,18629,29580,49,-13,29,
2331284,18629,29571,49,-13,45,
2331289,18629,29561,49,-13,71,
2331294,18629,29561,49,-13,92,
2331299,18629,29561,49,-13,114,
2331304,18638,29561,49,-13,141,
2331309,18648,29561,49,-13,170,
2331314,18660,29561,49,-13,197,
2331319,18673,29568,49,-13,215,
2331324,18690,29568,49,-13,230,
2331329,18706,29568,49,-13,245,
2331334,18725,29568,49,-13,253,
2331339,18742,29560,49,-13,284,
2331344,18760,29560,49,-13,301,
2331349,18776,29552,49,-13,310,
2331354,18793,29552,49,-13,333,
2331359,18813,29544,48,-13,350,
2331364,18837,29544,48,-13,378,
2331369,18866,29544,46,-13,394,
2331374,18900,29536,46,-13,425,
2331379,18933,29536,46,-13,436,
2331384,18967,29523,46,-13,440,
2331389,19001,29523,46,-13,442,
2331394,19033,29523,46,-13,447,
2331399,19067,29514,46,-13,452,
2331404,19100,29514,46,-13,465,
2331409,19136,29507,46,-13,482,
2331414,19169,29507,46,-14,479,
2331419,19204,29496,46,-14,483,
2331424,19238,29496,46,-14,501,
2331429,19266,29496,46,-14,499,
2331434,19294,29485,46,-14,501,
2331439,19320,29485,46,-14,507,
2331444,19342,29471,46,-14,510,
2331449,19368,29463,46,-14,521,
2331454,19395,29448,46,-14,536,
2331459,19421,29437,47,-14,533,
2331464,19448,29424,47,-14,537,
2331469,19476,29417,49,-14,547,
2331474,19502,29408,49,-14,544,
2331479,19530,29400,49,-14,543,
2331484,19563,29390,49,-14,547,
2331489,19596,29382,49,-14,551,
2331494,19630,29370,49,-14,560,
2331499,19666,29358,48,-15,570,
2331504,19700,29351,48,-15,576,
2331509,19738,29337,48,-15,577,
2331514,19779,29337,48,-15,585,
2331519,19820,29324,48,-15,583,
2331524,19863,29317,48,-15,596,
2331529,19905,29306,48,-15,606,
2331534,19944,29297,49,-17,601,
2331539,19985,29285,49,-17,604,
2331544,20029,29277,49,-17,605,
2331549,20073,29277,49,-17,604,
2331554,20121,29265,49,-17,606,
2331559,20170,29265,49,-17,608,
2331564,20214,29252,49,-17,607,
2331569,20262,29243,49,-17,615,
2331574,20313,29231,49,-17,624,
2331579,20363,29218,49,-17,621,
2331584,20418,29208,49,-17,621,
2331589,20474,29195,49,-17,623,
2331594,20528,29185,49,-17,628,
2331599,20590,29170,49,-18,638,
2331604,20653,29153,49,-18,638,
2331609,20716,29153,49,-18,639,
2331614,20783,29137,49,-18,639,
2331619,20846,29137,49,-18,638,
2331624,20912,29129,47,-18,644,
2331629,20977,29119,47,-18,643,
2331634,21045,29119,46,-18,642,
2331639,21116,29109,46,-18,656,
2331644,21184,29109,46,-18,659,
2331649,21253,29094,46,-18,658,
2331654,21319,29085,46,-18,659,
2331659,21380,29076,46,-18,656,
2331664,21442,29067,46,-18,657,
2331669,21501,29060,46,-18,659,
2331674,21558,29053,46,-18,657,
2331679,21615,29046,46,-18,655,
2331684,21671,29046,46,-18,659,
2331689,21726,29039,46,-18,659,
2331694,21787,29027,47,-18,663,
2331699,21850,29027,47,-18,661,
2331704,21916,29019,49,-18,664,
2331709,21978,29012,48,-19,659,
2331714,22035,29012,48,-19,659,
2331719,22092,29001,48,-19,659,
2331724,22149,28994,48,-19,660,
2331729,22209,28986,48,-19,660,
2331734,22269,28986,48,-19,660,
2331739,22332,28971,48,-19,665,
2331744,22393,28971,48,-19,663,
2331749,22453,28959,48,-19,659,
2331754,22517,28949,48,-19,662,
2331759,22574,28940,48,-20,658,
2331764,22629,28930,48,-20,657,
2331769,22685,28916,48,-20,661,
2331774,22736,28905,48,-20,659,
2331779,22792,28890,48,-20,662,
2331784,22846,28876,48,-20,661,
2331789,22900,28863,48,-20,661,
2331794,22955,28855,48,-20,664,
2331799,23005,28855,46,-20,659,
2331804,23051,28836,46,-20,660,
2331809,23095,28829,46,-20,659,
2331814,23136,28815,46,-20,659,
2331819,23179,28806,46,-20,660,
2331824,23221,28806,46,-20,659,
2331829,23259,28795,46,-20,659,
2331834,23294,28795,46,-20,659,
2331839,23329,28780,46,-20,659,
2331844,23363,28767,46,-20,659,
2331849,23397,28767,46,-20,659,
2331854,23432,28750,46,-20,660,
2331859,23462,28750,46,-20,659,
2331864,23493,28733,46,-20,662,
2331869,23523,28716,46,-20,659,
2331874,23553,28707,46,-20,659,
2331879,23586,28692,46,-20,659,
2331884,23615,28692,46,-20,656,
2331889,23643,28684,48,-20,647,
2331894,23670,28684,48,-20,650,
2331899,23696,28677,48,-20,649,
2331904,23723,28677,48,-20,639,
2331909,23754,28666,48,-20,642,
2331914,23785,28659,48,-20,644,
2331919,23814,28659,48,-20,643,
2331924,23845,28643,48,-20,646,
2331929,23875,28631,48,-20,644,
2331934,23905,28624,48,-20,644,
2331939,23936,28610,48,-20,644,
2331944,23965,28610,48,-20,644,
2331949,23994,28598,48,-20,646,
2331954,24026,28590,48,-20,647,
2331959,24056,28581,48,-20,645,
2331964,24087,28567,48,-20,639,
2331969,24117,28560,48,-20,638,
2331974,24143,28552,48,-20,641,
2331979,24169,28552,48,-20,641,
2331984,24198,28543,48,-20,643,
2331989,24230,28532,48,-20,644,
2331994,24263,28532,48,-20,642,
2331999,24300,28515,48,-20,646,
2332004,24335,28515,48,-20,643,
2332009,24367,28508,48,-20,641,
2332014,24400,28499,48,-20,644,
2332019,24429,28499,48,-20,644,
2332024,24458,28499,48,-20,642,
2332029,24487,28490,48,-20,640,
2332034,24515,28490,48,-20,641,
2332039,24542,28483,48,-20,645,
2332044,24568,28475,48,-19,644,
2332049,24595,28475,48,-19,646,
2332054,24624,28466,48,-19,644,
2332059,24652,28466,48,-19,644,
2332064,24681,28454,48,-19,646,
2332069,24706,28454,48,-19,644,
2332074,24728,28445,48,-19,643,
2332079,24750,28435,48,-19,644,
2332084,24770,28435,48,-19,644,
2332089,24790,28426,47,-19,642,
2332094,24809,28417,47,-19,644,
2332099,24824,28417,46,-18,644,
2332104,24835,28417,46,-18,645,
2332110,24845,28408,46,-18,644,
2332115,24845,28408,46,-18,639,
2332120,24853,28408,46,-18,630,
2332125,24853,28408,46,-18,621,
2332130,24853,28408,46,-18,606,
2332135,24853,28408,46,-18,582,
2332140,24853,28408,46,-18,550,
2332145,24853,28408,46,-18,506,
2332150,24853,28415,46,-18,450,
2332155,24853,28415,46,-18,350,
2332160,24837,28424,46,-18,170,
2332165,24837,28424,46,-18,0,
2332170,24789,28443,46,-18,0,
2332175,24744,28456,46,-18,0,
2332180,24685,28469,46,-17,0,
2332185,24612,28487,46,-17,0,
2332190,24526,28506,46,-17,0,
2332195,24433,28519,46,-17,0,
2332200,24342,28519,48,-17,0,
2332205,24254,28512,48,-17,0,
2332210,24174,28490,49,-17,0,
2332215,24102,28445,50,-16,0,
2332220,24033,28382,51,-16,0,
2332225,23965,28297,53,-16,0,
2332230,23897,28169,56,-15,0,
2332235,23827,28018,59,-15,0,
2332240,23756,27848,61,-16,0,
2332245,23685,27644,64,-17,0,
2332250,23609,27426,66,-19,0,
2332255,23529,27205,71,-19,0,
2332260,23441,26969,75,-18,0,
2332265,23341,26721,79,-18,0,
2332270,23232,26469,81,-15,0,
2332275,23114,26187,81,-15,0,
2332280,22998,25896,81,-15,0,
2332285,22886,25610,81,-15,0,
2332290,22786,25331,82,-14,0,
2332295,22696,25076,81,-15,0,
2332300,22615,24821,82,-14,0,
2332305,22540,24584,82,-14,0,
2332310,22466,24345,82,-13,0,
2332315,22396,24109,82,-11,0,
2332320,22330,23883,82,-10,0,
2332325,22277,23668,80,-8,0,
2332330,22234,23477,78,-5,0,
2332335,22199,23297,76,-3,0,
2332340,22167,23150,73,-2,0,
2332345,22139,23022,70,-2,0,
2332350,22117,22912,66,-2,0,
2332355,22094,22831,65,-2,0,
2332360,22074,22757,63,-1,0,
2332365,22053,22702,63,-1,0,
2332370,22027,22666,65,0,0,
2332375,22003,22645,65,0,0,
2332380,21974,22645,66,1,0,
2332385,21947,22657,68,1,0,
2332390,21918,22682,68,1,0,
2332395,21888,22720,69,1,0,
2332400,21861,22756,69,0,0,
2332405,21836,22789,69,0,0,
2332410,21811,22811,69,0,0,
2332415,21787,22821,69,0,0,
2332420,21764,22821,69,1,0,
2332425,21737,22821,69,1,0,
2332430,21710,22821,69,1,0,
2332435,21681,22809,69,2,0,
2332440,21649,22809,69,2,0,
2332445,21619,22788,69,1,0,
2332450,21590,22780,69,1,0,
2332455,21561,22768,69,1,0,
2332460,21532,22757,69,1,0,
2332465,21505,22757,69,1,0,
2332470,21481,22749,69,1,0,
2332475,21461,22749,69,1,0,
2332480,21443,22749,69,1,0,
2332485,21432,22749,69,1,0,
2332490,21419,22749,69,1,0,
2332495,21406,22749,70,1,0,
2332500,21396,22749,70,2,0,
2332505,21384,22749,72,2,0,
2332510,21376,22749,72,2,0,
2332515,21368,22738,72,2,0,
2332520,21368,22727,72,2,0,
2332525,21358,22714,72,2,0,
2332530,21358,22703,72,2,0,
2332535,21358,22693,72,2,0,
2332540,21358,22683,72,2,0,
2332545,21358,22673,72,2,0,
2332550,21358,22661,72,2,0,
2332555,21358,22645,72,2,0,
2332560,21358,22636,72,2,0,
2332565,21351,22636,72,2,0,
2332570,21351,22625,72,2,0,
2332575,21351,22618,72,2,0,
2332580,21351,22607,72,3,0,
2332585,21351,22599,72,3,0,
2332590,21343,22599,70,3,0,
2332595,21343,22590,70,3,0,
2332600,21330,22590,69,3,0,
2332605,21322,22590,69,3,0,
2332610,21315,22579,69,3,0,
2332615,21306,22579,69,3,0,
2332620,21296,22569,67,3,0,
2332625,21286,22558,67,3,0,
2332630,21272,22550,66,4,0,
2332635,21261,22539,66,4,0,
2332640,21250,22528,66,4,0,
2332645,21237,22518,66,4,0,
2332650,21227,22518,66,4,0,
2332655,21219,22506,66,4,0,
2332660,21219,22506,66,4,0,
2332665,21219,22496,65,4,0,
2332670,21212,22496,65,4,0,
2332675,21212,22487,63,4,0,
2332680,21212,22487,63,4,0,
2332685,21212,22494,63,3,0,
2332690,21212,22494,63,3,0,
2332695,21212,22507,62,3,0,
2332700,21212,22507,62,3,0,
2332705,21212,22514,61,3,0,
2332710,21212,22514,61,3,0,
2332714,21212,22514,61,3,10,
2332719,21212,22530,61,3,45,
2332724,21222,22539,61,3,80,
2332729,21229,22547,61,3,114,
2332734,21239,22557,61,3,155,
2332739,21252,22571,61,3,220,
2332744,21265,22589,59,3,245,
2332749,21277,22614,59,3,238,
2332754,21291,22636,58,3,245,
2332759,21305,22653,58,3,274,
2332764,21318,22674,58,3,307,
2332769,21337,22692,58,4,322,
2332774,21356,22715,58,4,334,
2332779,21374,22742,58,4,341,
2332784,21397,22765,58,4,355,
2332789,21419,22797,58,4,392,
2332794,21446,22839,58,4,392,
2332799,21475,22891,58,4,392,
2332804,21505,22951,58,4,398,
2332809,21541,23010,58,4,409,
2332814,21577,23067,58,3,416,
2332819,21615,23130,58,3,421,
2332824,21655,23194,56,2,431,
2332829,21695,23258,56,2,442,
2332834,21736,23316,55,1,445,
2332839,21779,23366,55,1,466,
2332844,21822,23418,55,1,475,
2332849,21866,23474,55,0,481,
2332854,21909,23536,55,0,493,
2332859,21948,23599,55,0,498,
2332864,21986,23667,55,0,504,
2332869,22026,23736,55,0,515,
2332874,22071,23803,55,0,517,
2332879,22119,23876,54,0,518,
2332884,22171,23937,54,0,527,
2332889,22219,23999,52,0,528,
2332894,22265,24067,52,0,539,
2332899,22312,24127,52,0,541,
2332904,22357,24189,52,0,539,
2332909,22407,24254,52,0,547,
2332914,22456,24319,52,0,549,
2332919,22504,24396,52,0,549,
2332924,22551,24480,52,0,553,
2332929,22597,24551,52,0,550,
2332934,22640,24618,52,0,560,
2332939,22687,24678,52,0,566,
2332944,22733,24748,51,0,566,
2332949,22777,24827,51,0,560,
2332954,22822,24910,49,0,563,
2332959,22864,24995,49,0,565,
2332964,22909,25069,49,-2,563,
2332969,22954,25143,49,-2,560,
2332974,23000,25208,49,-2,563,
2332979,23045,25274,49,-2,564,
2332984,23088,25336,48,-2,564,
2332989,23132,25399,48,-3,567,
2332994,23176,25460,47,-3,566,
2332999,23220,25521,47,-3,563,
2333004,23261,25586,47,-3,563,
2333009,23301,25646,46,-4,566,
2333014,23339,25704,46,-4,569,
2333019,23376,25760,48,-5,569,
2333024,23412,25815,48,-5,564,
2333029,23451,25876,49,-6,567,
2333034,23482,25949,49,-6,563,
2333039,23516,26013,49,-6,564,
2333044,23550,26074,49,-6,569,
2333049,23579,26129,50,-7,564,
2333054,23612,26178,50,-7,565,
2333059,23641,26227,52,-7,566,
2333064,23667,26276,52,-7,564,
2333069,23692,26326,52,-8,562,
2333074,23714,26372,53,-8,561,
2333079,23738,26419,53,-8,558,
2333084,23761,26455,54,-9,558,
2333089,23785,26487,54,-9,562,
2333094,23806,26519,54,-9,556,
2333099,23829,26556,53,-9,560,
2333104,23851,26599,54,-10,560,
2333109,23874,26638,53,-10,561,
2333114,23900,26674,53,-10,560,
2333119,23924,26703,52,-12,557,
2333124,23953,26735,52,-12,566,
2333129,23983,26771,52,-12,567,
2333134,24014,26810,52,-13,571,
2333139,24044,26859,52,-13,565,
2333144,24076,26906,52,-13,566,
2333149,24102,26954,52,-13,562,
2333154,24130,27000,52,-13,557,
2333159,24156,27042,52,-14,560,
2333164,24178,27079,52,-14,558,
2333169,24202,27109,52,-14,561,
2333174,24222,27139,52,-14,560,
2333179,24242,27162,52,-14,560,
2333184,24258,27187,52,-14,560,
2333189,24272,27208,52,-14,562,
2333194,24283,27228,52,-14,563,
2333199,24293,27250,52,-14,553,
2333204,24308,27273,52,-14,546,
2333209,24325,27307,52,-14,547,
2333214,24343,27336,51,-16,548,
2333219,24360,27367,51,-16,547,
2333224,24375,27393,51,-16,547,
2333229,24391,27411,50,-16,550,
2333234,24406,27434,50,-18,551,
2333239,24426,27450,49,-18,552,
2333244,24448,27474,49,-18,554,
2333249,24468,27495,49,-18,557,
2333254,24487,27521,49,-18,556,
2333259,24504,27548,49,-18,556,
2333264,24519,27566,48,-19,560,
2333269,24535,27589,48,-19,560,
2333274,24548,27602,48,-19,562,
2333279,24560,27618,48,-19,562,
2333284,24570,27630,48,-20,562,
2333289,24577,27641,48,-20,561,
2333294,24584,27652,48,-20,560,
2333299,24592,27661,48,-20,558,
2333304,24600,27672,48,-20,554,
2333309,24607,27683,48,-20,553,
2333314,24607,27698,48,-20,550,
2333319,24619,27712,49,-22,542,
2333324,24619,27734,49,-22,538,
2333329,24634,27752,49,-22,532,
2333335,24644,27777,49,-22,526,
2333340,24657,27804,49,-22,527,
2333345,24669,27828,49,-22,524,
2333350,24680,27854,48,-20,518,
2333355,24693,27876,48,-20,518,
2333360,24706,27900,48,-20,519,
2333365,24718,27917,48,-19,518,
2333370,24730,27937,48,-19,521,
2333375,24738,27947,48,-19,526,
2333380,24738,27957,49,-18,528,
2333385,24750,27967,49,-18,527,
2333390,24750,27967,49,-18,528,
2333395,24760,27967,49,-18,528,
2333400,24760,27967,49,-17,528,
2333405,24760,27974,49,-17,528,
2333410,24760,27974,48,-15,528,
2333415,24768,27985,48,-15,529,
2333420,24768,27985,48,-15,536,
2333425,24780,27996,48,-15,534,
2333430,24789,28007,49,-17,532,
2333435,24799,28018,49,-17,536,
2333440,24808,28033,49,-17,542,
2333445,24820,28047,48,-17,539,
2333450,24835,28064,48,-17,533,
2333455,24854,28085,46,-17,532,
2333460,24873,28112,46,-17,532,
2333465,24886,28132,46,-17,530,
2333470,24886,28150,46,-17,530,
2333475,24894,28150,46,-18,532,
2333480,24894,28161,46,-18,534,
2333485,24894,28161,46,-18,538,
2333490,24902,28161,46,-18,541,
2333495,24902,28161,46,-18,543,
2333500,24902,28161,46,-18,544,
2333505,24902,28169,46,-19,544,
2333510,24902,28169,46,-19,543,
2333515,24902,28177,46,-19,542,
2333520,24902,28177,46,-19,542,
2333525,24910,28188,46,-19,541,
2333530,24910,28199,46,-19,540,
2333535,24920,28199,46,-19,539,
2333540,24920,28214,46,-20,532,
2333545,24933,28229,46,-20,526,
2333550,24945,28244,46,-20,527,
2333555,24955,28264,46,-20,525,
2333560,24966,28287,46,-20,525,
2333565,24973,28302,46,-20,526,
2333570,24973,28311,46,-20,528,
2333575,24985,28321,46,-20,530,
2333580,24992,28321,46,-20,532,
2333585,24992,28339,46,-20,536,
2333590,24999,28349,46,-22,540,
2333595,24999,28357,46,-22,545,
2333600,24999,28357,46,-22,548,
2333605,24999,28357,46,-22,550,
2333610,24999,28357,46,-22,556,
2333615,24999,28357,46,-22,561,
2333620,24999,28357,46,-22,563,
2333625,24999,28357,46,-22,564,
2333630,24992,28357,45,-23,564,
2333635,24992,28357,45,-23,564,
2333640,24992,28357,45,-23,564,
2333645,24992,28357,45,-23,565,
2333650,24992,28357,45,-23,565,
2333655,24992,28365,45,-23,566,
2333660,24992,28365,45,-23,569,
2333665,24992,28365,45,-23,574,
2333670,24992,28365,45,-23,580,
2333675,24992,28365,45,-23,587,
2333680,24992,28365,45,-23,592,
2333685,24992,28365,45,-23,595,
2333690,24992,28365,45,-23,595,
2333695,24992,28365,45,-23,595,
2333700,24992,28365,45,-23,596,
2333705,24992,28365,45,-23,593,
2333710,24983,28372,45,-23,591,
2333715,24983,28372,45,-23,589,
2333720,24976,28372,45,-23,586,
2333725,24976,28372,45,-23,580,
2333730,24976,28372,45,-23,576,
2333735,24967,28372,45,-23,572,
2333740,24960,28381,45,-23,565,
2333745,24952,28381,45,-23,560,
2333750,24944,28381,45,-23,557,
2333755,24936,28381,45,-23,557,
2333760,24936,28381,45,-23,558,
2333765,24921,28381,45,-23,560,
2333770,24909,28381,45,-23,558,
2333775,24896,28381,45,-23,551,
2333780,24879,28381,45,-23,542,
2333785,24865,28381,45,-23,545,
2333790,24853,28390,45,-23,553,
2333795,24840,28390,45,-23,553,
2333800,24828,28398,45,-23,552,
2333805,24816,28398,45,-23,553,
2333810,24801,28407,45,-23,556,
2333815,24787,28407,45,-23,556,
2333820,24771,28418,45,-23,554,
2333825,24752,28426,45,-23,556,
2333830,24734,28426,45,-23,560,
2333835,24712,28438,45,-23,558,
2333840,24693,28438,45,-23,553,
2333845,24673,28438,45,-23,552,
2333850,24656,28451,45,-23,553,
2333855,24637,28451,45,-23,553,
2333860,24620,28462,47,-23,542,
2333865,24604,28462,47,-23,512,
2333870,24587,28462,49,-22,488,
2333875,24576,28462,49,-22,435,
2333880,24561,28462,49,-22,355,
2333885,24551,28462,49,-22,254,
2333890,24543,28452,49,-22,119,
2333895,24543,28452,49,-22,0,
2333900,24534,28444,49,-22,0,
2333905,24534,28434,49,-22,0,
2333910,24523,28420,49,-22,0,
2333915,24514,28411,49,-22,0,
2333920,24503,28403,49,-22,0,
2333925,24503,28403,49,-22,0,
2333930,24503,28403,49,-22,0,
2333935,24519,28403,49,-22,0,
2333940,24543,28403,49,-21,0,
2333945,24569,28403,49,-21,0,
2333950,24592,28403,51,-21,0,
2333955,24614,28403,51,-21,0,
2333960,24634,28403,51,-19,0,
2333965,24652,28367,51,-19,0,
2333970,24668,28333,51,-19,0,
2333975,24675,28284,51,-19,0,
2333980,24675,28209,51,-19,0,
2333985,24658,28122,53,-18,0,
2333990,24630,28009,53,-20,0,
2333995,24595,27860,54,-20,0,
2334000,24546,27709,54,-21,0,
2334005,24487,27533,54,-25,0,
2334010,24418,27349,54,-26,0,
2334015,24341,27155,56,-27,0,
2334020,24259,26946,56,-29,0,
2334025,24173,26720,58,-28,0,
2334030,24083,26469,60,-28,0,
2334035,23988,26184,62,-27,0,
2334040,23888,25883,65,-26,0,
2334045,23785,25576,68,-26,0,
2334050,23685,25261,72,-24,0,
2334055,23584,24966,73,-25,0,
2334060,23484,24654,76,-24,0,
2334065,23380,24326,80,-22,0,
2334070,23276,23985,81,-21,0,
2334075,23171,23648,82,-20,0,
2334080,23073,23322,82,-17,0,
2334085,22991,23035,81,-15,0,
2334090,22923,22779,82,-14,0,
2334095,22874,22544,82,-13,0,
2334100,22840,22331,82,-11,0,
2334105,22820,22137,82,-10,0,
2334110,22810,21972,81,-9,0,
2334115,22810,21832,78,-9,0,
2334120,22829,21724,75,-7,0,
2334125,22855,21639,71,-6,0,
2334130,22890,21577,69,-4,0,
2334135,22934,21540,65,-4,0,
2334140,22991,21522,61,-3,0,
2334145,23059,21531,58,-2,0,
2334150,23138,21554,54,0,0,
2334155,23225,21596,51,0,0,
2334160,23315,21644,50,0,0,
2334165,23408,21700,50,0,0,
2334170,23502,21766,52,0,0,
2334175,23595,21832,54,0,0,
2334180,23684,21908,55,1,0,
2334185,23768,21990,56,1,0,
2334190,23851,22076,58,1,0,
2334195,23931,22169,59,1,0,
2334200,24010,22273,61,0,0,
2334205,24087,22385,62,0,0,
2334210,24155,22501,62,0,0,
2334215,24213,22622,63,-1,0,
2334220,24259,22746,65,-1,0,
2334225,24290,22873,65,-2,0,
2334230,24312,23001,66,-3,0,
2334235,24327,23133,66,-4,0,
2334240,24338,23267,66,-5,0,
2334245,24349,23391,66,-6,0,
2334250,24358,23527,64,-7,0,
2334255,24358,23661,63,-9,0,
2334260,24358,23795,61,-10,0,
2334265,24358,23932,62,-12,0,
2334270,24366,24056,61,-11,0,
2334275,24374,24175,61,-11,0,
2334280,24383,24290,61,-12,0,
2334285,24391,24408,61,-12,0,
2334290,24402,24529,60,-14,0,
2334295,24416,24651,60,-14,0,
2334300,24435,24774,60,-14,0,
2334305,24455,24895,60,-15,0,
2334310,24475,25017,60,-15,0,
2334315,24497,25141,59,-15,0,
2334320,24518,25266,59,-15,0,
2334325,24540,25390,57,-17,0,
2334330,24563,25511,57,-17,0,
2334335,24585,25635,57,-17,0,
2334340,24606,25759,57,-17,0,
2334345,24627,25887,55,-18,0,
2334350,24647,26009,55,-18,0,
2334355,24668,26123,55,-18,0,
2334360,24690,26232,54,-19,0,
2334365,24712,26330,54,-19,0,
2334370,24736,26423,54,-19,0,
2334375,24759,26511,53,-20,0,
2334380,24784,26594,53,-20,0,
2334385,24812,26670,51,-19,0,
2334390,24841,26742,51,-21,0,
2334395,24873,26813,51,-21,0,
2334400,24902,26880,51,-21,0,
2334405,24928,26950,51,-21,0,
2334410,24955,27019,50,-20,0,
2334415,24980,27087,50,-20,0,
2334420,25008,27150,48,-20,0,
2334425,25042,27209,48,-20,0,
2334430,25070,27272,49,-22,0,
2334435,25096,27325,47,-23,0,
2334440,25116,27372,47,-23,0,
2334445,25128,27412,45,-23,0,
2334450,25138,27445,45,-24,0,
2334455,25146,27472,45,-24,0,
2334460,25146,27495,45,-24,0,
2334465,25146,27516,45,-26,0,
2334470,25146,27535,44,-26,0,
2334475,25146,27551,44,-26,0,
2334480,25146,27566,43,-27,0,
2334485,25146,27583,43,-27,0,
2334490,25146,27601,43,-27,0,
2334495,25146,27622,43,-27,0,
2334500,25146,27642,43,-27,0,
2334505,25146,27661,42,-28,0,
2334510,25146,27674,42,-28,0,
2334515,25146,27687,42,-28,0,
2334520,25146,27707,42,-28,0,
2334525,25146,27728,42,-28,0,
2334530,25146,27751,42,-28,0,
2334535,25146,27777,42,-28,0,
2334540,25146,27802,42,-28,0,
2334545,25157,27825,42,-28,0,
2334550,25157,27849,43,-27,0,
2334555,25157,27872,42,-26,0,
2334560,25157,27890,42,-26,0,
2334565,25157,27907,44,-24,0,
2334570,25164,27925,44,-24,0,
2334575,25164,27945,45,-23,0,
2334580,25164,27963,46,-22,0,
2334585,25164,27979,46,-22,0,
2334590,25154,27995,46,-20,0,
2334595,25144,28011,46,-20,0,
2334600,25137,28027,46,-19,0,
2334605,25128,28042,46,-18,0,
2334610,25119,28055,46,-18,0,
2334615,25112,28069,46,-17,0,
2334620,25103,28082,46,-17,0,
2334625,25103,28092,46,-17,0,
2334630,25092,28103,46,-17,0,
2334635,25092,28112,46,-17,0,
2334640,25092,28126,46,-17,0,
2334645,25092,28144,46,-17,0,
2334650,25092,28158,46,-17,0,
2334655,25092,28170,46,-18,0,
2334660,25100,28182,46,-18,0,
2334665,25100,28192,46,-18,0,
2334670,25108,28203,46,-18,0,
2334675,25108,28213,46,-18,0,
2334680,25108,28223,46,-19,0,
2334685,25098,28231,46,-19,0,
2334690,25098,28240,46,-19,0,
2334695,25090,28240,46,-19,0,
2334700,25090,28240,46,-20,0,
2334705,25081,28240,46,-20,0,
2334710,25081,28240,46,-20,0,
2334715,25081,28240,46,-22,0,
2334720,25081,28240,46,-22,0,
2334725,25081,28240,46,-22,0,
2334730,25081,28247,46,-22,0,
2334735,25081,28247,46,-22,0,
2334740,25081,28260,46,-22,0,
2334745,25081,28260,46,-22,0,
2334750,25081,28267,46,-22,0,
2334755,25081,28267,46,-22,0,
2334760,25081,28267,46,-22,0,
2334765,25081,28278,45,-23,0,
2334770,25081,28278,45,-23,0,
2334775,25081,28291,45,-23,0,
2334780,25081,28291,45,-23,0,
2334785,25088,28291,45,-23,0,
2334790,25088,28291,45,-23,19,
2334795,25088,28301,45,-23,39,
2334800,25088,28301,45,-23,57,
2334805,25088,28301,45,-23,79,
2334810,25088,28301,45,-23,99,
2334815,25088,28301,45,-23,123,
2334820,25088,28301,45,-23,146,
2334825,25088,28301,45,-23,168,
2334830,25088,28301,45,-23,188,
2334835,25088,28293,45,-23,201,
2334840,25088,28293,45,-23,222,
2334845,25088,28274,45,-23,242,
2334850,25088,28260,45,-23,261,
2334855,25088,28243,45,-23,280,
2334860,25097,28221,45,-23,284,
2334865,25097,28202,45,-23,300,
2334870,25107,28173,45,-23,321,
2334875,25107,28147,45,-23,319,
2334880,25122,28124,45,-23,325,
2334885,25130,28094,45,-23,340,
2334890,25140,28075,47,-23,358,
2334895,25153,28042,47,-23,369,
2334900,25166,28000,47,-22,391,
2334905,25178,27955,46,-22,394,
2334910,25190,27895,46,-22,394,
2334915,25201,27843,46,-22,408,
2334920,25212,27796,46,-22,425,
2334925,25228,27753,46,-22,423,
2334930,25246,27714,46,-22,428,
2334935,25265,27667,46,-22,435,
2334940,25278,27613,46,-22,437,
2334945,25288,27554,46,-22,445,
2334950,25300,27495,46,-20,453,
2334955,25313,27440,46,-20,453,
2334960,25330,27383,46,-20,462,
2334965,25343,27330,46,-20,467,
2334970,25357,27272,46,-20,472,
2334975,25370,27216,46,-20,481,
2334980,25383,27157,46,-20,498,
2334985,25400,27098,48,-20,502,
2334990,25416,27040,48,-20,500,
2334995,25427,26977,48,-20,516,
2335000,25438,26920,50,-20,525,
2335005,25456,26860,50,-20,543,
2335010,25469,26802,51,-19,537,
2335015,25488,26746,52,-19,539,
2335020,25502,26691,53,-18,545,
2335025,25511,26629,53,-18,547,
2335030,25519,26561,55,-18,553,
2335035,25519,26488,55,-18,564,
2335040,25519,26416,55,-17,575,
2335045,25531,26345,55,-17,593,
2335050,25531,26283,55,-17,592,
2335055,25547,26219,54,-17,606,
2335060,25558,26150,54,-16,618,
2335065,25565,26084,54,-16,617,
2335070,25573,26016,54,-16,619,
2335075,25573,25945,55,-14,628,
2335080,25583,25879,55,-14,626,
2335085,25583,25813,55,-14,624,
2335090,25598,25735,55,-13,639,
2335095,25608,25667,55,-13,639,
2335100,25618,25601,55,-13,634,
2335105,25631,25537,55,-13,638,
2335110,25645,25477,55,-13,644,
2335115,25660,25410,55,-12,643,
2335120,25676,25346,55,-12,644,
2335125,25695,25272,55,-12,644,
2335130,25707,25207,55,-12,647,
2335135,25724,25139,56,-13,647,
2335140,25742,25071,56,-13,646,
2335145,25758,25006,58,-12,655,
2335150,25776,24938,58,-12,664,
2335155,25792,24874,58,-12,665,
2335160,25808,24807,58,-12,662,
2335165,25828,24746,58,-12,671,
2335170,25852,24679,58,-12,680,
2335175,25872,24612,58,-12,676,
2335180,25893,24544,56,-13,677,
2335185,25911,24472,56,-13,677,
2335190,25925,24406,55,-12,678,
2335195,25945,24338,55,-12,684,
2335200,25969,24267,55,-12,687,
2335205,25992,24191,55,-12,694,
2335210,26014,24124,55,-12,691,
2335215,26036,24049,55,-12,696,
2335220,26052,23972,55,-12,694,
2335225,26067,23901,55,-11,699,
2335230,26092,23811,55,-11,701,
2335235,26115,23725,55,-11,703,
2335240,26137,23637,55,-11,704,
2335245,26160,23551,55,-11,703,
2335250,26178,23474,55,-11,703,
2335255,26197,23396,54,-10,700,
2335260,26219,23315,54,-10,707,
2335265,26241,23225,54,-10,711,
2335270,26261,23138,53,-10,717,
2335275,26276,23047,53,-10,714,
2335280,26289,22963,53,-10,714,
2335285,26302,22879,51,-9,714,
2335290,26320,22784,51,-9,714,
2335295,26342,22691,51,-9,716,
2335300,26367,22594,51,-9,725,
2335305,26389,22496,51,-9,723,
2335310,26406,22399,51,-9,720,
2335315,26419,22308,51,-9,723,
2335320,26434,22219,51,-9,720,
2335325,26455,22126,51,-9,722,
2335330,26474,22035,51,-9,720,
2335335,26498,21943,51,-9,725,
2335340,26519,21839,52,-8,745,
2335345,26537,21740,52,-8,737,
2335350,26558,21648,52,-8,737,
2335355,26581,21552,52,-8,737,
2335360,26602,21460,52,-8,735,
2335365,26618,21370,52,-8,736,
2335370,26634,21269,52,-7,737,
2335375,26643,21170,52,-7,734,
2335380,26652,21076,52,-7,735,
2335385,26666,20971,52,-7,743,
2335390,26679,20877,52,-7,740,
2335395,26697,20784,52,-5,751,
2335400,26714,20681,52,-5,749,
2335405,26727,20583,52,-5,752,
2335410,26741,20480,52,-5,746,
2335415,26752,20372,52,-5,753,
2335420,26764,20274,52,-5,759,
2335425,26780,20179,51,-6,763,
2335430,26794,20085,51,-6,758,
2335435,26808,19994,49,-4,759,
2335440,26819,19892,49,-4,760,
2335445,26819,19791,49,-4,761,
2335450,26833,19696,49,-4,761,
2335455,26847,19607,49,-3,763,
2335460,26862,19524,49,-3,762,
2335465,26880,19437,49,-3,769,
2335470,26891,19346,49,-3,763,
2335475,26900,19256,49,-3,765,
2335480,26911,19159,49,-3,763,
2335485,26918,19071,49,-3,772,
2335490,26930,18990,49,-3,774,
2335495,26947,18896,49,-3,774,
2335500,26961,18812,49,-3,775,
2335505,26981,18733,49,-2,769,
2335510,26999,18650,49,-2,769,
2335515,27017,18571,49,-2,774,
2335520,27038,18495,49,-2,776,
2335525,27054,18418,49,-2,776,
2335531,27072,18334,49,-2,772,
2335536,27084,18255,49,-2,771,
2335541,27094,18172,49,-2,778,
2335546,27109,18087,49,-2,781,
2335551,27124,18001,49,-2,778,
2335556,27140,17916,49,-2,781,
2335561,27154,17834,48,-2,787,
2335566,27164,17747,48,-2,781,
2335571,27164,17670,47,0,783,
2335576,27176,17586,47,0,781,
2335581,27176,17504,47,0,781,
2335586,27176,17422,47,0,781,
2335591,27185,17342,47,0,783,
2335596,27185,17267,47,0,781,
2335601,27185,17194,47,0,788,
2335606,27203,17120,47,0,783,
2335611,27214,17042,47,0,791,
2335616,27229,16969,47,0,786,
2335621,27241,16894,47,0,787,
2335626,27241,16823,47,0,785,
2335631,27250,16745,47,0,784,
2335636,27260,16672,47,0,787,
2335641,27274,16601,47,0,794,
2335646,27284,16526,47,0,793,
2335651,27296,16451,47,0,795,
2335656,27296,16368,47,0,794,
2335661,27296,16285,47,0,794,
2335666,27296,16198,47,0,789,
2335671,27296,16119,47,0,791,
2335676,27311,16048,47,0,793,
2335681,27325,15968,47,0,787,
2335686,27325,15896,47,0,790,
2335691,27337,15831,47,0,788,
2335696,27347,15766,47,0,787,
2335701,27347,15714,45,0,787,
2335706,27361,15670,45,0,786,
2335711,27361,15630,44,0,785,
2335716,27361,15588,44,0,784,
2335721,27361,15542,44,0,787,
2335726,27368,15495,44,0,788,
2335731,27368,15440,44,1,790,
2335736,27368,15392,44,1,790,
2335741,27368,15359,44,1,789,
2335746,27368,15326,44,1,788,
2335751,27368,15298,44,1,791,
2335756,27368,15273,44,2,791,
2335761,27368,15248,44,2,791,
2335766,27368,15236,44,1,790,
2335771,27368,15228,44,1,790,
2335776,27368,15228,44,1,790,
2335781,27368,15217,44,1,790,
2335786,27368,15202,44,1,790,
2335791,27368,15186,44,1,790,
2335796,27368,15171,44,0,791,
2335801,27368,15157,44,0,793,
2335806,27358,15145,44,0,794,
2335811,27358,15145,44,0,796,
2335816,27358,15133,44,0,797,
2335821,27358,15133,44,0,798,
2335826,27350,15133,44,0,796,
2335831,27350,15133,44,0,785,
2335836,27350,15133,44,0,761,
2335841,27350,15133,44,0,735,
2335846,27350,15143,44,0,696,
2335851,27342,15143,44,0,643,
2335856,27342,15156,44,0,572,
2335861,27328,15170,44,0,490,
2335866,27320,15183,44,0,408,
2335871,27309,15202,44,0,274,
2335876,27302,15225,44,0,111,
2335881,27302,15225,44,0,0,
2335886,27283,15292,44,0,0,
2335891,27269,15325,44,0,0,
2335896,27243,15348,44,0,0,
2335901,27202,15359,44,1,0,
2335906,27147,15359,44,1,0,
2335911,27080,15359,44,2,0,
2335916,27004,15359,44,2,0,
2335921,26927,15341,45,3,0,
2335926,26844,15319,45,4,0,
2335931,26754,15290,46,5,0,
2335936,26659,15258,46,7,0,
2335941,26559,15211,48,7,0,
2335946,26455,15160,49,6,0,
2335951,26350,15096,51,4,0,
2335956,26239,15019,52,4,0,
2335961,26127,14931,54,3,0,
2335966,26008,14832,56,2,0,
2335971,25885,14734,59,2,0,
2335976,25765,14624,62,2,0,
2335981,25646,14522,66,1,0,
2335986,25528,14419,70,1,0,
2335991,25409,14314,75,0,0,
2335996,25284,14218,77,0,0,
2336001,25153,14115,79,0,0,
2336006,25015,14022,80,0,0,
2336011,24877,13931,80,0,0,
2336016,24738,13841,80,0,0,
2336021,24600,13753,80,1,0,
2336026,24464,13662,80,1,0,
2336031,24333,13568,80,4,0,
2336036,24207,13480,80,5,0,
2336041,24085,13395,80,7,0,
2336046,23970,13316,80,8,0,
2336051,23860,13242,78,11,0,
2336056,23755,13169,78,12,0,
2336061,23654,13099,76,13,0,
2336066,23557,13038,76,13,0,
2336071,23460,12978,76,12,0,
2336076,23361,12921,77,10,0,
2336081,23265,12876,79,9,0,
2336086,23174,12822,81,8,0,
2336091,23092,12784,83,7,0,
2336096,23017,12750,83,7,0,
2336101,22953,12717,83,5,0,
2336106,22894,12695,81,5,0,
2336111,22841,12667,81,4,0,
2336116,22799,12641,80,4,0,
2336121,22756,12623,77,1,0,
2336126,22719,12601,76,1,0,
2336131,22683,12587,73,0,0,
2336136,22648,12573,70,0,0,
2336141,22619,12552,68,0,0,
2336146,22594,12538,65,0,0,
2336151,22573,12519,62,0,0,
2336156,22558,12502,59,0,0,
2336161,22545,12495,55,0,0,
2336166,22535,12484,54,1,0,
2336171,22535,12484,52,3,0,
2336176,22525,12484,51,3,0,
2336181,22525,12473,52,4,0,
2336186,22525,12473,52,4,0,
2336191,22525,12473,52,4,0,
2336196,22525,12466,52,5,0,
2336201,22525,12466,52,5,0,
2336206,22525,12458,52,5,0,
2336211,22525,12450,52,5,0,
2336216,22513,12450,52,7,0,
2336221,22498,12435,53,6,0,
2336226,22479,12435,53,6,0,
2336231,22460,12428,55,6,0,
2336236,22440,12428,55,6,0,
2336241,22417,12428,55,6,0,
2336246,22393,12428,55,6,0,
2336251,22367,12436,55,6,0,
2336256,22340,12436,55,6,0,
2336261,22321,12436,55,7,0,
2336266,22302,12448,55,7,0,
2336271,22290,12448,55,7,0,
2336276,22280,12448,55,7,0,
2336281,22267,12464,55,7,0,
2336286,22257,12472,55,7,0,
2336291,22246,12483,55,7,0,
2336296,22237,12491,55,7,0,
2336301,22226,12503,55,7,0,
2336306,22210,12515,56,6,0,
2336311,22193,12529,56,6,0,
2336316,22172,12548,57,7,0,
2336321,22150,12564,57,7,0,
2336326,22129,12579,57,7,0,
2336331,22107,12595,57,7,0,
2336336,22088,12607,57,7,0,
2336341,22071,12616,57,7,0,
2336346,22059,12626,57,7,0,
2336351,22051,12626,57,7,0,
2336356,22051,12626,58,6,0,
2336361,22051,12639,58,6,0,
2336366,22051,12639,58,6,0,
2336371,22051,12646,58,6,0,
2336376,22058,12646,58,6,0,
2336381,22070,12656,58,6,0,
2336386,22079,12656,58,6,0,
2336391,22089,12675,58,6,0,
2336396,22098,12689,58,6,0,
2336401,22098,12702,58,6,0,
2336406,22114,12716,58,6,0,
2336411,22123,12723,56,5,0,
2336418,22123,12723,56,5,64,
2336423,22139,12734,55,5,63,
2336428,22146,12734,55,5,60,
2336433,22146,12734,55,5,62,
2336438,22159,12747,55,5,64,
2336443,22171,12754,55,5,78,
2336448,22188,12754,55,5,120,
2336453,22211,12761,55,5,163,
2336458,22237,12761,55,5,176,
2336463,22265,12761,55,5,184,
2336468,22293,12771,55,5,198,
2336473,22324,12778,53,5,225,
2336478,22358,12778,53,5,230,
2336483,22396,12789,52,5,239,
2336488,22436,12800,52,5,247,
2336493,22474,12812,52,5,263,
2336498,22519,12823,52,5,302,
2336503,22568,12837,52,5,311,
2336508,22621,12847,52,5,315,
2336513,22678,12858,52,5,314,
2336518,22734,12874,52,5,336,
2336523,22793,12890,52,5,353,
2336528,22855,12910,52,5,365,
2336533,22920,12933,52,5,358,
2336538,22992,12954,52,5,380,
2336543,23066,12973,52,4,388,
2336548,23141,12993,51,4,399,
2336553,23219,13013,51,4,412,
2336558,23294,13036,51,4,419,
2336563,23366,13066,51,4,419,
2336568,23437,13096,52,4,437,
2336573,23505,13125,52,4,447,
2336578,23570,13157,52,4,451,
2336583,23634,13188,52,4,456,
2336588,23699,13219,52,4,471,
2336593,23762,13251,52,4,472,
2336598,23826,13278,52,4,472,
2336603,23891,13305,52,4,477,
2336608,23955,13338,52,4,512,
2336613,24018,13364,52,4,512,
2336618,24081,13390,53,4,512,
2336623,24142,13413,53,5,515,
2336628,24201,13431,55,5,517,
2336633,24261,13454,55,5,521,
2336638,24320,13479,55,5,521,
2336643,24381,13506,53,5,530,
2336648,24444,13532,53,5,537,
2336653,24505,13558,52,5,539,
2336658,24569,13582,52,7,546,
2336663,24631,13606,52,7,547,
2336668,24694,13630,52,7,560,
2336673,24752,13656,52,7,554,
2336678,24806,13687,52,5,557,
2336683,24859,13714,51,6,556,
2336688,24913,13738,51,6,571,
2336693,24969,13763,49,6,575,
2336698,25023,13782,49,6,573,
2336703,25073,13809,49,6,577,
2336708,25120,13837,49,6,578,
2336713,25166,13866,49,6,590,
2336718,25217,13891,48,5,592,
2336723,25267,13918,48,5,591,
2336728,25315,13943,48,5,595,
2336733,25367,13965,48,5,596,
2336738,25415,13991,48,5,605,
2336743,25462,14012,49,4,601,
2336748,25510,14033,49,4,601,
2336753,25551,14055,49,4,600,
2336758,25589,14072,49,4,601,
2336763,25628,14084,49,4,598,
2336768,25664,14096,51,4,600,
2336773,25704,14107,51,4,607,
2336778,25745,14117,52,4,604,
2336783,25785,14130,52,4,602,
2336788,25825,14145,52,4,607,
2336793,25866,14160,52,3,608,
2336798,25905,14178,54,3,614,
2336803,25948,14193,54,3,615,
2336808,25991,14206,55,3,614,
2336813,26031,14216,55,3,611,
2336818,26071,14226,54,3,615,
2336823,26108,14236,54,3,615,
2336828,26144,14247,52,3,612,
2336833,26181,14256,52,3,616,
2336838,26219,14264,52,3,618,
2336843,26256,14264,52,3,618,
2336848,26294,14264,52,3,617,
2336853,26325,14273,52,4,617,
2336858,26355,14273,52,4,618,
2336863,26380,14273,52,4,616,
2336868,26403,14282,52,4,618,
2336873,26430,14282,52,4,618,
2336878,26455,14282,52,4,617,
2336883,26482,14282,52,4,620,
2336888,26508,14282,51,4,619,
2336893,26533,14291,51,4,618,
2336898,26560,14291,49,4,619,
2336903,26587,14291,49,4,618,
2336908,26611,14291,49,4,618,
2336913,26635,14291,49,4,619,
2336918,26655,14303,49,4,618,
2336923,26675,14310,49,4,618,
2336928,26696,14318,49,4,618,
2336933,26717,14318,49,4,618,
2336938,26738,14318,49,4,616,
2336943,26759,14328,49,4,617,
2336948,26779,14328,49,4,618,
2336953,26801,14337,49,4,618,
2336958,26823,14344,49,4,619,
2336963,26848,14344,49,4,618,
2336968,26870,14356,49,4,618,
2336973,26894,14356,49,4,618,
2336978,26911,14363,49,4,616,
2336983,26928,14363,49,4,616,
2336988,26947,14363,48,5,618,
2336993,26966,14374,48,5,619,
2336998,26987,14374,46,4,616,
2337003,27009,14374,46,4,616,
2337008,27026,14374,46,4,617,
2337013,27040,14374,46,4,616,
2337018,27053,14384,46,4,613,
2337023,27065,14384,46,4,610,
2337028,27077,14384,46,4,611,
2337033,27089,14384,46,4,612,
2337038,27100,14394,46,4,610,
2337043,27108,14394,46,5,601,
2337048,27118,14404,46,5,599,
2337053,27126,14411,46,5,597,
2337058,27136,14411,46,5,587,
2337063,27143,14411,46,5,579,
2337068,27143,14411,46,5,578,
2337073,27143,14411,46,5,579,
2337078,27143,14411,46,5,580,
2337083,27143,14411,46,5,580,
2337088,27143,14411,46,5,580,
2337093,27143,14411,46,5,581,
2337099,27143,14411,46,5,581,
2337104,27150,14411,46,5,582,
2337109,27150,14419,46,5,582,
2337114,27150,14419,46,5,581,
2337119,27150,14419,46,5,580,
2337124,27150,14419,46,5,577,
2337129,27150,14419,46,5,569,
2337134,27150,14419,46,5,560,
2337139,27150,14419,46,5,548,
2337144,27150,14419,46,5,541,
2337149,27150,14419,46,5,532,
2337154,27150,14419,46,5,526,
2337159,27157,14419,46,5,523,
2337164,27157,14419,45,6,521,
2337169,27157,14419,45,6,521,
2337174,27164,14419,44,6,521,
2337179,27164,14419,44,6,521,
2337184,27176,14419,44,6,522,
2337189,27176,14419,44,6,522,
2337194,27187,14426,44,6,522,
2337199,27187,14426,44,6,521,
2337204,27197,14426,44,6,521,
2337209,27205,14426,43,7,518,
2337214,27214,14426,43,7,514,
2337219,27224,14426,43,7,509,
2337224,27232,14426,43,7,498,
2337229,27243,14426,43,7,498,
2337234,27254,14418,43,7,501,
2337239,27268,14418,43,7,498,
2337244,27286,14407,43,7,489,
2337249,27299,14407,43,7,486,
2337254,27311,14407,43,7,485,
2337259,27325,14398,43,7,486,
2337264,27338,14398,43,7,486,
2337269,27354,14387,43,7,489,
2337274,27373,14379,43,7,490,
2337279,27388,14371,43,7,489,
2337284,27400,14371,43,7,490,
2337289,27412,14359,42,7,488,
2337294,27420,14359,42,7,476,
2337299,27428,14352,42,7,468,
2337304,27428,14352,42,7,466,
2337309,27428,14352,42,7,466,
2337314,27428,14352,43,7,469,
2337319,27428,14352,45,7,477,
2337324,27428,14352,45,7,495,
2337329,27428,14352,46,7,508,
2337334,27428,14359,48,7,521,
2337339,27428,14359,48,7,529,
2337344,27428,14359,49,6,537,
2337349,27421,14359,50,7,541,
2337354,27421,14366,50,7,542,
2337359,27421,14366,52,7,543,
2337364,27421,14366,53,6,545,
2337369,27421,14366,53,6,545,
2337374,27421,14366,55,6,545,
2337379,27413,14366,56,6,546,
2337384,27413,14366,56,6,545,
2337389,27413,14366,57,7,544,
2337394,27413,14366,57,7,542,
2337399,27413,14366,57,7,539,
2337404,27413,14366,57,7,529,
2337409,27413,14366,57,7,514,
2337414,27413,14366,57,7,493,
2337419,27413,14366,57,7,472,
2337424,27413,14366,57,7,443,
2337429,27413,14366,57,7,401,
2337434,27413,14366,57,7,340,
2337439,27413,14366,57,7,266,
2337444,27405,14366,57,7,167,
2337449,27405,14373,57,7,54,
2337454,27405,14373,56,6,0,
2337459,27398,14373,56,6,0,
2337464,27382,14363,55,6,0,
2337469,27372,14353,53,6,0,
2337474,27356,14345,53,8,0,
2337479,27341,14335,52,8,0,
2337484,27332,14335,50,8,0,
2337489,27324,14327,49,8,0,
2337494,27324,14327,47,8,0,
2337499,27324,14327,47,8,0,
2337504,27324,14327,46,8,0,
2337509,27324,14334,44,8,0,
2337514,27324,14334,44,8,0,
2337519,27324,14348,43,8,0,
2337524,27324,14358,43,9,0,
2337529,27324,14372,43,9,0,
2337534,27324,14395,42,8,0,
2337539,27331,14420,42,8,0,
2337544,27331,14449,41,10,0,
2337549,27341,14479,42,8,0,
2337554,27348,14513,42,8,0,
2337559,27348,14552,42,8,0,
2337564,27355,14594,42,8,0,
2337569,27355,14645,42,8,0,
2337574,27355,14702,41,7,0,
2337579,27348,14763,41,7,0,
2337584,27340,14834,41,7,0,
2337589,27340,14908,41,6,0,
2337594,27333,14977,41,6,0,
2337599,27333,15045,41,5,0,
2337604,27333,15106,41,5,0,
2337609,27347,15157,41,3,0,
2337614,27347,15206,41,2,0,
2337619,27347,15253,41,2,0,
2337624,27347,15291,41,1,0,
2337629,27347,15330,41,1,0,
2337634,27347,15367,41,2,0,
2337639,27338,15404,41,2,0,
2337644,27338,15447,41,2,0,
2337649,27329,15492,41,2,0,
2337654,27322,15540,41,2,0,
2337659,27322,15586,41,2,0,
2337664,27322,15630,41,2,0,
2337669,27322,15669,41,3,0,
2337674,27322,15697,42,3,0,
2337679,27332,15719,42,3,0,
2337684,27342,15734,44,3,0,
2337689,27352,15743,44,4,0,
2337694,27362,15743,44,4,0,
2337699,27372,15743,44,4,0,
2337704,27372,15743,44,4,0,
2337709,27386,15743,44,4,0,
2337714,27386,15743,44,4,0,
2337719,27386,15733,44,3,0,
2337724,27386,15733,44,3,0,
2337726,27386,15733,44,3,60,
2337731,27373,15711,44,2,87,
2337736,27366,15711,44,2,110,
2337741,27366,15696,44,2,131,
2337746,27366,15688,44,2,140,
2337751,27366,15676,44,2,151,
2337756,27373,15661,44,2,195,
2337761,27373,15642,44,2,210,
2337766,27382,15620,44,2,227,
2337771,27382,15593,44,2,235,
2337776,27389,15555,44,2,270,
2337781,27389,15517,44,2,291,
2337786,27389,15467,44,2,295,
2337791,27389,15422,44,2,320,
2337796,27389,15372,44,2,319,
2337801,27389,15316,44,2,336,
2337806,27389,15267,44,2,353,
2337811,27389,15214,44,2,355,
2337816,27397,15163,44,3,364,
2337821,27397,15117,44,3,381,
2337826,27406,15064,44,3,379,
2337831,27406,15008,44,3,381,
2337836,27414,14955,44,3,378,
2337841,27422,14895,44,3,370,
2337846,27429,14838,44,3,372,
2337851,27429,14785,44,3,362,
2337856,27441,14733,44,3,338,
2337861,27441,14684,44,3,271,
2337866,27454,14636,45,3,273,
2337871,27461,14590,45,3,195,
2337876,27469,14542,47,3,95,
2337881,27469,14501,46,4,28,
2337886,27469,14501,48,5,0,
2337891,27480,14434,48,5,0,
2337896,27491,14409,49,6,0,
2337901,27491,14389,51,6,0,
2337906,27481,14377,51,6,0,
2337911,27465,14377,52,7,0,
2337916,27444,14377,53,6,0,
2337921,27422,14392,55,6,0,
2337926,27403,14411,56,7,0,
2337931,27387,14435,59,8,0,
2337936,27374,14463,62,7,0,
2337941,27367,14496,63,8,0,
2337946,27367,14535,66,6,0,
2337951,27375,14572,69,7,0,
2337956,27390,14609,71,6,0,
2337961,27409,14641,76,5,0,
2337966,27437,14667,80,5,0,
2337971,27471,14700,83,4,0,
2337976,27506,14726,83,4,0,
2337981,27549,14756,83,2,0,
2337986,27587,14783,83,2,0,
2337991,27631,14783,83,1,0,
2337996,27671,14783,83,1,0,
2338001,27711,14774,83,0,0,
2338006,27743,14765,83,-1,0,
2338011,27768,14748,83,-1,0,
2338016,27799,14728,83,-2,0,
2338021,27831,14690,83,-2,0,
2338026,27831,14690,83,-2,0,
