2351718,11874,18346,52,-5,0,
2351723,11819,18289,52,-7,0,
2351728,11760,18237,52,-8,0,
2351733,11694,18195,52,-8,0,
2351738,11618,18173,52,-8,0,
2351743,11539,18153,53,-6,0,
2351748,11458,18153,55,-4,0,
2351753,11373,18161,56,-1,0,
2351758,11293,18178,58,0,0,
2351763,11218,18200,59,0,0,
2351768,11143,18221,62,1,0,
2351773,11078,18247,63,2,0,
2351778,11018,18264,66,3,0,
2351783,10958,18290,67,3,0,
2351788,10910,18316,70,2,0,
2351793,10859,18349,73,2,0,
2351798,10817,18391,74,2,0,
2351803,10784,18437,77,1,0,
2351808,10757,18496,79,1,0,
2351813,10740,18553,80,0,0,
2351818,10727,18609,80,0,0,
2351823,10716,18666,79,0,0,
2351828,10716,18712,77,0,0,
2351833,10716,18761,74,-1,0,
2351838,10716,18806,73,-2,0,
2351843,10716,18853,69,-3,0,
2351848,10724,18897,66,-4,0,
2351853,10724,18940,62,-5,0,
2351858,10736,18983,59,-5,0,
2351863,10736,19026,56,-6,0,
2351868,10746,19072,52,-8,0,
2351873,10754,19118,50,-9,0,
2351878,10754,19168,46,-9,0,
2351883,10763,19212,41,-11,0,
2351888,10763,19264,38,-12,0,
2351893,10770,19310,36,-12,0,
2351898,10770,19357,37,-14,0,
2351903,10770,19404,40,-15,0,
2351908,10779,19448,43,-14,0,
2351913,10779,19495,44,-14,0,
2351918,10779,19541,48,-13,0,
2351923,10779,19584,49,-13,0,
2351928,10767,19625,52,-12,0,
2351933,10759,19664,54,-10,0,
2351938,10747,19700,53,-9,0,
2351943,10736,19732,55,-7,0,
2351948,10722,19759,55,-7,0,
2351953,10707,19781,55,-6,0,
2351958,10688,19800,55,-5,0,
2351963,10666,19814,55,-4,0,
2351968,10648,19823,55,-4,0,
2351973,10632,19823,55,-3,0,
2351978,10622,19823,54,-1,0,
2351983,10614,19815,51,0,0,
2351988,10606,19815,48,0,0,
2351993,10606,19815,45,0,0,
2351998,10606,19815,43,0,0,
2352003,10606,19815,41,0,0,
2352008,10606,19815,38,0,0,
2352013,10606,19807,37,0,0,
2352018,10613,19807,36,-1,0,
2352023,10613,19807,36,-1,0,
2352028,10620,19807,36,-1,0,
2352033,10620,19807,37,-1,0,
2352038,10632,19807,37,-2,0,
2352043,10643,19807,38,-2,0,
2352048,10655,19807,38,-2,0,
2352053,10668,19817,38,-2,0,
2352058,10682,19817,38,-2,0,
2352063,10694,19833,38,-2,0,
2352068,10710,19841,38,-2,0,
2352073,10724,19852,38,-2,0,
2352078,10733,19864,38,-2,0,
2352083,10744,19873,38,-2,0,
2352088,10744,19886,38,-2,0,
2352093,10758,19886,38,-1,0,
2352098,10768,19898,37,-1,0,
2352103,10777,19898,37,-1,0,
2352108,10786,19907,36,-1,0,
2352113,10786,19918,36,-1,0,
2352118,10794,19918,37,-1,0,
2352123,10794,19927,38,-1,0,
2352128,10801,19927,41,-1,0,
2352133,10801,19927,43,0,0,
2352138,10801,19927,44,0,0,
2352143,10801,19916,45,0,0,
2352148,10801,19907,47,0,0,
2352153,10801,19907,48,0,0,
2352158,10809,19899,50,0,0,
2352163,10809,19899,52,0,0,
2352168,10817,19906,54,0,0,
2352173,10817,19922,55,0,0,
2352178,10833,19939,58,0,0,
2352183,10845,19958,59,0,0,
2352188,10858,19976,61,1,0,
2352193,10868,19996,62,1,0,
2352198,10878,20018,62,1,0,
2352204,10878,20039,63,1,0,
2352209,10891,20065,63,1,0,
2352214,10903,20082,65,1,0,
2352219,10915,20097,65,1,0,
2352224,10923,20112,66,1,0,
2352229,10931,20112,66,1,0,
2352234,10931,20127,66,0,0,
2352239,10931,20134,66,0,0,
2352244,10931,20134,66,0,0,
2352249,10931,20134,66,0,0,
2352254,10918,20143,66,0,0,
2352259,10918,20143,66,0,0,
2352264,10918,20161,66,0,0,
2352269,10918,20181,66,0,0,
2352274,10926,20201,66,0,0,
2352279,10938,20224,66,0,0,
2352284,10948,20256,66,-1,0,
2352289,10960,20283,66,-1,0,
2352294,10967,20316,66,-1,0,
2352299,10967,20352,66,-2,0,
2352304,10980,20379,66,-2,0,
2352309,10980,20411,66,-2,0,
2352314,10988,20439,66,-3,0,
2352319,10988,20461,66,-3,0,
2352324,10995,20483,66,-4,0,
2352329,10995,20501,65,-4,0,
2352334,10995,20513,65,-4,0,
2352339,10995,20522,63,-5,0,
2352344,10995,20529,63,-5,0,
2352349,10995,20529,62,-5,0,
2352354,10995,20538,62,-6,0,
2352359,10995,20538,60,-6,0,
2352364,10995,20538,60,-6,0,
2352369,10995,20538,59,-8,0,
2352370,10995,20538,59,-8,167,
2352375,10981,20530,57,-8,166,
2352380,10967,20522,56,-7,99,
2352385,10950,20522,56,-7,151,
2352390,10940,20522,55,-7,225,
2352395,10940,20522,53,-8,254,
2352400,10940,20514,53,-8,269,
2352405,10940,20514,52,-8,287,
2352410,10940,20506,52,-8,300,
2352415,10940,20506,52,-8,316,
2352420,10940,20506,50,-8,335,
2352425,10949,20493,50,-8,354,
2352430,10957,20480,49,-8,381,
2352435,10957,20465,49,-8,409,
2352440,10970,20443,49,-8,443,
2352445,10977,20417,49,-8,480,
2352450,10977,20391,49,-8,486,
2352455,10989,20361,49,-8,497,
2352460,10989,20329,49,-8,515,
2352465,10989,20297,49,-8,545,
2352470,10997,20263,49,-8,563,
2352475,10997,20226,49,-8,571,
2352480,11007,20178,49,-6,580,
2352485,11015,20125,49,-6,598,
2352490,11015,20072,49,-6,607,
2352495,11024,20014,49,-6,622,
2352500,11024,19958,49,-6,643,
2352505,11024,19905,49,-6,652,
2352510,11031,19846,49,-6,649,
2352515,11031,19785,48,-5,675,
2352520,11040,19725,48,-5,676,
2352525,11040,19656,46,-4,679,
2352530,11050,19584,46,-4,688,
2352535,11050,19514,47,-3,714,
2352540,11050,19442,47,-3,717,
2352545,11060,19373,47,-3,717,
2352550,11067,19297,47,-3,728,
2352555,11067,19221,47,-3,738,
2352560,11076,19144,47,-3,748,
2352565,11076,19060,47,-3,744,
2352570,11076,18982,47,-3,762,
2352575,11085,18899,47,-2,777,
2352580,11085,18814,47,-2,779,
2352585,11085,18726,47,-2,772,
2352590,11085,18631,47,-2,779,
2352595,11085,18540,47,-2,789,
2352600,11085,18449,47,-2,785,
2352605,11085,18362,47,-2,790,
2352610,11072,18275,47,-2,788,
2352615,11072,18179,47,-2,793,
2352620,11064,18082,47,-2,807,
2352625,11064,17981,47,0,818,
2352630,11064,17887,47,0,823,
2352635,11056,17798,47,0,813,
2352640,11056,17707,47,0,825,
2352645,11056,17623,47,0,833,
2352650,11046,17532,47,0,827,
2352655,11046,17446,47,0,831,
2352660,11038,17360,47,0,830,
2352665,11038,17271,47,0,837,
2352670,11038,17186,47,0,839,
2352675,11029,17099,47,0,837,
2352680,11022,17012,47,0,836,
2352685,11022,16924,47,0,849,
2352690,11014,16839,47,0,851,
2352695,11014,16749,47,0,852,
2352700,11014,16660,47,0,856,
2352705,11014,16568,47,0,845,
2352710,11014,16470,47,0,852,
2352715,11001,16372,47,0,856,
2352720,10994,16272,47,0,855,
2352725,10984,16178,47,0,839,
2352730,10984,16083,47,0,856,
2352735,10976,15988,47,0,854,
2352740,10976,15896,47,0,867,
2352745,10976,15802,47,0,856,
2352750,10976,15711,47,0,865,
2352755,10976,15619,47,2,868,
2352760,10976,15527,47,2,857,
2352765,10976,15438,47,2,865,
2352770,10976,15352,47,3,866,
2352775,10976,15275,47,3,857,
2352780,10976,15200,47,3,864,
2352785,10976,15123,46,4,874,
2352790,10989,15049,46,4,873,
2352795,10989,14979,46,4,871,
2352800,10989,14908,46,4,874,
2352805,10996,14831,46,4,868,
2352810,10996,14755,46,4,870,
2352815,10996,14676,46,4,870,
2352820,10996,14600,46,4,871,
2352825,10996,14530,46,4,870,
2352830,10996,14461,46,4,872,
2352835,10996,14395,46,4,876,
2352840,10996,14329,46,4,876,
2352845,10996,14260,46,4,856,
2352850,10996,14190,46,4,879,
2352855,10996,14120,46,4,882,
2352860,10996,14053,46,4,880,
2352865,10987,13993,46,4,879,
2352870,10987,13938,46,4,880,
2352875,10980,13879,45,4,871,
2352880,10980,13819,45,6,871,
2352885,10971,13758,44,6,873,
2352890,10971,13691,44,6,872,
2352895,10971,13623,43,7,873,
2352900,10971,13559,43,7,879,
2352905,10971,13497,43,7,876,
2352910,10971,13435,43,7,863,
2352915,10971,13379,43,7,879,
2352920,10963,13319,43,8,879,
2352925,10963,13257,43,8,862,
2352930,10963,13203,43,8,880,
2352935,10955,13143,43,8,873,
2352940,10955,13086,43,8,874,
2352945,10955,13032,43,8,873,
2352950,10955,12971,43,8,874,
2352956,10955,12910,43,8,868,
2352961,10955,12847,43,8,867,
2352966,10955,12785,43,8,878,
2352971,10955,12728,43,8,869,
2352976,10955,12671,43,8,867,
2352981,10955,12619,43,7,874,
2352986,10955,12569,43,7,874,
2352991,10955,12525,43,7,872,
2352996,10955,12487,43,7,870,
2353001,10955,12448,43,7,871,
2353006,10955,12402,43,7,866,
2353011,10955,12353,43,7,866,
2353016,10965,12298,43,7,855,
2353021,10965,12245,43,7,859,
2353026,10965,12195,43,7,856,
2353031,10973,12143,43,8,840,
2353036,10973,12094,43,8,865,
2353041,10973,12048,43,8,864,
2353046,10980,12005,43,8,862,
2353051,10980,11965,44,10,862,
2353056,10980,11929,44,10,865,
2353061,10980,11888,44,10,865,
2353066,10980,11845,44,10,865,
2353071,10980,11798,44,10,863,
2353076,10980,11749,44,10,856,
2353081,10980,11703,44,10,859,
2353086,10980,11665,44,11,862,
2353091,10970,11635,44,11,861,
2353096,10970,11609,44,11,860,
2353101,10970,11586,44,11,860,
2353106,10970,11560,44,11,858,
2353111,10970,11524,44,11,844,
2353116,10970,11489,44,11,862,
2353121,10963,11462,44,11,866,
2353126,10963,11442,44,12,863,
2353131,10963,11430,44,12,863,
2353136,10963,11415,44,12,860,
2353141,10963,11395,44,12,858,
2353146,10954,11374,44,12,860,
2353151,10954,11355,44,12,857,
2353156,10954,11343,44,12,859,
2353161,10954,11334,43,13,860,
2353166,10954,11327,43,13,859,
2353171,10954,11327,43,13,860,
2353176,10954,11327,43,13,860,
2353181,10954,11327,43,13,859,
2353186,10954,11327,43,13,859,
2353191,10954,11327,43,13,859,
2353196,10954,11327,43,13,859,
2353201,10954,11327,43,13,859,
2353206,10954,11327,43,13,859,
2353211,10954,11327,43,14,861,
2353216,10954,11327,43,14,862,
2353221,10954,11327,43,14,864,
2353226,10954,11327,43,14,865,
2353231,10954,11327,43,14,864,
2353236,10954,11327,43,14,864,
2353241,10954,11327,43,14,862,
2353246,10954,11327,43,14,862,
2353251,10954,11327,43,14,859,
2353256,10954,11327,43,14,856,
2353261,10954,11327,43,14,854,
2353266,10954,11327,43,14,851,
2353271,10954,11327,43,14,849,
2353276,10961,11327,43,14,847,
2353281,10961,11327,43,14,845,
2353286,10961,11334,43,14,843,
2353291,10961,11334,43,14,840,
2353296,10968,11334,43,14,838,
2353301,10968,11334,43,14,836,
2353306,10968,11334,43,14,833,
2353311,10978,11334,43,14,833,
2353316,10978,11334,43,14,832,
2353321,10986,11334,43,14,832,
2353326,10986,11334,43,14,833,
2353331,10997,11334,43,14,833,
2353336,11007,11334,43,14,836,
2353341,11019,11334,43,14,840,
2353346,11035,11341,43,14,847,
2353351,11056,11341,43,14,856,
2353356,11077,11341,43,14,861,
2353361,11099,11348,43,14,859,
2353366,11117,11348,43,14,859,
2353371,11134,11355,43,14,857,
2353376,11150,11355,43,14,854,
2353381,11166,11362,43,14,852,
2353386,11182,11362,43,14,852,
2353391,11199,11362,43,14,855,
2353396,11224,11375,43,14,870,
2353401,11255,11383,41,15,878,
2353406,11292,11397,41,15,885,
2353411,11332,11409,40,14,886,
2353416,11371,11420,40,14,893,
2353421,11404,11432,40,14,886,
2353426,11434,11445,40,14,885,
2353431,11468,11454,40,14,885,
2353436,11502,11461,40,14,888,
2353441,11540,11470,40,14,888,
2353446,11582,11470,40,14,889,
2353451,11622,11483,40,14,888,
2353456,11658,11492,41,12,885,
2353461,11695,11499,39,12,884,
2353466,11731,11499,39,12,884,
2353471,11768,11513,38,12,886,
2353476,11808,11513,38,12,891,
2353481,11852,11524,38,12,891,
2353486,11897,11524,38,12,896,
2353491,11938,11535,38,12,894,
2353496,11984,11535,38,12,894,
2353501,12028,11535,38,12,893,
2353506,12074,11544,38,12,897,
2353511,12127,11544,38,12,904,
2353516,12178,11555,38,12,905,
2353521,12230,11555,38,12,899,
2353526,12282,11568,38,12,904,
2353531,12332,11568,38,12,900,
2353536,12386,11577,38,11,909,
2353541,12440,11584,38,11,911,
2353546,12494,11584,38,11,907,
2353551,12549,11594,37,11,905,
2353556,12602,11594,37,11,909,
2353561,12659,11594,35,11,908,
2353566,12721,11594,35,11,915,
2353571,12787,11594,35,11,920,
2353576,12850,11602,35,11,916,
2353581,12910,11602,35,11,918,
2353586,12971,11610,35,11,919,
2353591,13031,11610,35,11,922,
2353596,13094,11618,35,11,928,
2353601,13158,11618,35,11,921,
2353606,13221,11618,37,11,925,
2353611,13283,11626,37,11,924,
2353616,13349,11626,38,11,923,
2353621,13416,11626,38,10,925,
2353626,13483,11626,38,10,927,
2353631,13554,11635,38,10,928,
2353636,13622,11635,38,10,929,
2353641,13696,11635,38,10,931,
2353646,13772,11648,40,10,931,
2353651,13843,11648,40,10,928,
2353656,13913,11663,41,10,931,
2353661,13986,11663,41,10,932,
2353666,14055,11675,41,10,931,
2353671,14128,11675,41,10,936,
2353676,14203,11675,41,10,931,
2353681,14273,11692,41,10,934,
2353686,14350,11692,40,10,937,
2353691,14425,11706,40,10,937,
2353696,14501,11715,38,10,938,
2353701,14577,11715,38,10,942,
2353706,14647,11725,38,10,937,
2353711,14718,11725,38,10,937,
2353716,14787,11733,38,10,931,
2353721,14851,11741,37,10,937,
2353726,14922,11741,37,10,941,
2353731,14989,11741,36,10,931,
2353736,15054,11751,36,10,942,
2353741,15123,11751,37,10,943,
2353746,15185,11763,37,10,947,
2353751,15244,11772,38,10,938,
2353756,15303,11772,38,10,948,
2353761,15366,11772,38,10,944,
2353766,15429,11784,38,10,952,
2353771,15502,11784,38,10,950,
2353776,15573,11795,38,10,954,
2353781,15641,11806,40,10,954,
2353786,15708,11806,40,10,950,
2353791,15774,11819,41,10,948,
2353796,15842,11819,41,10,948,
2353801,15907,11829,41,10,948,
2353806,15976,11829,41,10,952,
2353811,16045,11838,41,10,952,
2353816,16111,11838,41,10,952,
2353821,16177,11846,41,10,951,
2353826,16239,11853,42,8,957,
2353831,16305,11860,42,8,959,
2353836,16373,11860,42,8,957,
2353841,16437,11868,42,8,956,
2353846,16504,11868,40,8,961,
2353851,16565,11868,40,8,954,
2353856,16625,11878,39,9,958,
2353861,16688,11878,39,9,953,
2353866,16751,11888,39,9,957,
2353871,16817,11888,39,9,957,
2353876,16880,11896,39,9,958,
2353881,16946,11896,37,9,958,
2353886,17011,11896,37,9,960,
2353891,17077,11906,36,9,960,
2353896,17139,11906,36,9,955,
2353901,17201,11906,36,9,959,
2353906,17261,11918,36,9,960,
2353911,17319,11918,37,9,958,
2353916,17381,11927,37,9,959,
2353921,17444,11934,38,7,954,
2353926,17509,11944,38,7,958,
2353931,17577,11944,38,7,954,
2353936,17649,11954,38,7,961,
2353941,17724,11954,38,7,960,
2353946,17797,11963,38,7,965,
2353951,17873,11963,39,7,957,
2353956,17948,11973,39,7,958,
2353961,18023,11973,41,7,960,
2353966,18099,11982,41,7,957,
2353971,18176,11982,41,7,960,
2353976,18254,11982,41,7,960,
2353981,18331,11991,41,7,955,
2353986,18411,11991,41,7,963,
2353991,18490,11991,39,7,954,
2353996,18569,11999,39,7,956,
2354001,18648,11999,38,7,956,
2354006,18727,11999,38,7,954,
2354011,18810,11999,38,7,964,
2354016,18894,11999,38,7,957,
2354021,18977,11999,38,7,960,
2354026,19065,11999,36,7,958,
2354031,19145,11999,36,7,957,
2354036,19226,11999,36,7,961,
2354041,19311,11999,36,7,960,
2354046,19393,11999,38,7,960,
2354051,19479,11999,38,7,957,
2354056,19563,11999,38,7,954,
2354061,19646,12009,38,7,959,
2354066,19730,12009,38,7,960,
2354071,19818,12017,38,7,966,
2354076,19909,12017,38,7,960,
2354081,20001,12024,38,7,957,
2354086,20091,12024,38,7,959,
2354091,20174,12024,38,7,962,
2354096,20256,12040,38,7,960,
2354101,20339,12053,38,7,963,
2354106,20424,12064,39,7,964,
2354111,20511,12074,39,7,957,
2354116,20595,12074,39,7,956,
2354121,20679,12081,38,7,956,
2354126,20761,12081,38,7,960,
2354131,20840,12090,38,7,956,
2354136,20923,12090,38,7,961,
2354141,21003,12090,36,7,959,
2354146,21081,12090,36,7,961,
2354151,21157,12090,36,7,954,
2354156,21225,12090,36,7,961,
2354161,21294,12100,36,7,963,
2354166,21363,12100,36,7,964,
2354171,21429,12100,36,7,955,
2354176,21494,12100,36,7,956,
2354181,21556,12100,36,7,960,
2354186,21616,12113,36,7,959,
2354191,21685,12120,36,7,963,
2354196,21755,12131,38,7,963,
2354201,21828,12140,38,7,961,
2354206,21900,12147,38,7,960,
2354211,21970,12147,38,7,960,
2354216,22037,12156,38,7,959,
2354221,22104,12156,38,7,964,
2354226,22172,12165,38,7,959,
2354231,22240,12165,39,7,961,
2354236,22310,12178,39,7,960,
2354241,22379,12178,39,7,958,
2354246,22446,12187,39,7,958,
2354251,22511,12197,38,7,961,
2354256,22574,12204,38,7,957,
2354261,22637,12214,38,7,960,
2354266,22699,12214,38,7,959,
2354271,22758,12225,38,7,960,
2354276,22813,12225,38,7,954,
2354281,22863,12233,38,7,954,
2354286,22907,12233,36,7,954,
2354291,22951,12244,36,7,954,
2354296,22998,12244,36,7,958,
2354301,23041,12255,36,7,956,
2354306,23082,12255,36,7,956,
2354311,23117,12255,36,7,955,
2354316,23148,12266,36,7,959,
2354321,23179,12266,35,8,958,
2354326,23210,12274,35,8,961,
2354331,23246,12274,33,7,961,
2354336,23272,12282,33,7,957,
2354341,23297,12282,33,7,957,
2354346,23316,12282,35,8,955,
2354351,23328,12282,35,8,954,
2354356,23342,12282,36,7,952,
2354361,23352,12282,36,7,951,
2354366,23360,12282,36,7,951,
2354371,23369,12282,36,7,953,
2354376,23377,12282,38,7,952,
2354381,23386,12282,38,7,954,
2354386,23396,12282,39,7,954,
2354391,23403,12282,39,7,954,
2354396,23412,12282,41,7,954,
2354401,23412,12282,41,7,954,
2354406,23423,12282,42,7,954,
2354411,23423,12282,42,7,953,
2354416,23439,12282,43,7,951,
2354421,23447,12282,44,6,948,
2354426,23454,12282,44,6,944,
2354431,23462,12282,44,6,942,
2354436,23462,12282,44,6,934,
2354441,23474,12282,44,6,931,
2354446,23483,12282,44,6,932,
2354451,23494,12282,44,6,935,
2354456,23508,12272,44,6,934,
2354461,23522,12265,44,6,932,
2354466,23536,12257,44,6,931,
2354471,23552,12257,44,6,932,
2354476,23570,12245,44,6,931,
2354481,23590,12245,44,6,931,
2354486,23612,12234,44,6,931,
2354491,23636,12234,44,6,930,
2354496,23661,12225,44,6,930,
2354501,23689,12225,44,6,931,
2354506,23719,12225,44,6,929,
2354511,23750,12217,44,6,928,
2354516,23780,12217,44,6,922,
2354521,23808,12209,44,6,920,
2354526,23836,12209,42,5,919,
2354531,23862,12209,42,5,914,
2354536,23890,12209,41,6,918,
2354541,23918,12209,41,6,915,
2354546,23945,12209,41,6,918,
2354551,23974,12209,41,6,920,
2354556,24005,12209,41,6,919,
2354561,24033,12209,41,6,920,
2354566,24063,12209,41,6,922,
2354571,24090,12209,41,6,921,
2354576,24112,12209,41,6,920,
2354581,24130,12198,41,6,919,
2354586,24140,12198,41,6,920,
2354591,24148,12198,39,6,919,
2354596,24148,12198,39,6,922,
2354601,24157,12198,38,6,925,
2354606,24157,12198,38,6,929,
2354611,24165,12198,38,6,937,
2354616,24165,12198,38,6,945,
2354621,24165,12198,38,6,953,
2354626,24165,12198,38,6,959,
2354631,24165,12198,38,6,966,
2354636,24165,12198,38,6,969,
2354641,24165,12198,38,6,971,
2354646,24158,12198,38,7,973,
2354651,24158,12198,38,7,975,
2354656,24158,12198,38,7,976,
2354661,24158,12198,38,7,976,
2354666,24158,12198,38,7,976,
2354671,24158,12198,38,7,977,
2354676,24158,12198,38,7,977,
2354681,24158,12198,38,7,977,
2354686,24158,12205,38,7,977,
2354691,24158,12205,38,7,978,
2354696,24158,12205,38,7,979,
2354701,24158,12205,38,7,979,
2354706,24158,12205,38,7,978,
2354711,24151,12205,38,7,978,
2354716,24151,12213,38,7,977,
2354721,24144,12213,39,9,977,
2354726,24144,12222,39,9,977,
2354731,24144,12222,39,9,977,
2354736,24144,12230,39,9,977,
2354741,24137,12237,39,9,978,
2354746,24137,12250,39,9,979,
2354751,24137,12266,39,9,981,
2354756,24129,12289,39,9,983,
2354761,24129,12331,39,9,983,
2354766,24116,12385,39,9,988,
2354771,24109,12447,39,9,985,
2354776,24109,12514,39,9,987,
2354781,24102,12575,39,9,992,
2354786,24102,12632,39,9,992,
2354791,24102,12689,39,9,992,
2354796,24102,12753,39,9,994,
2354801,24092,12817,38,7,1000,
2354806,24092,12884,38,7,1000,
2354811,24079,12958,38,7,1005,
2354816,24079,13028,38,7,1005,
2354821,24067,13106,38,6,1006,
2354826,24056,13184,38,6,1006,
2354831,24047,13261,38,6,1009,
2354836,24034,13340,38,6,1010,
2354841,24022,13420,38,6,1009,
2354846,24014,13499,38,6,1009,
2354851,24006,13579,38,6,1012,
2354856,24006,13658,38,6,1011,
2354861,23993,13741,38,6,1011,
2354866,23993,13826,38,7,1011,
2354871,23983,13915,38,7,1015,
2354876,23983,14009,38,7,1014,
2354881,23983,14093,38,7,1017,
2354886,23975,14178,38,7,1017,
2354891,23975,14268,38,7,1023,
2354896,23975,14359,38,7,1023,
2354901,23975,14460,38,7,1023,
2354906,23985,14563,38,7,1023,
2354911,23985,14662,38,7,1023,
2354916,23985,14759,38,6,1023,
2354921,23985,14863,39,6,1023,
2354926,23985,14968,39,6,1023,
2354931,23977,15073,41,5,1023,
2354936,23977,15179,41,5,1023,
2354941,23964,15278,41,5,1023,
2354946,23964,15369,41,5,1023,
2354951,23964,15466,41,5,1023,
2354956,23953,15558,41,5,1023,
2354961,23953,15647,41,5,1023,
2354966,23945,15746,41,5,1023,
2354971,23945,15839,41,5,1023,
2354976,23945,15933,41,5,1023,
2354981,23938,16037,41,5,1023,
2354986,23938,16145,41,5,1023,
2354991,23928,16253,41,5,1023,
2354996,23928,16366,41,5,1023,
2355001,23928,16469,41,5,1023,
2355006,23938,16562,41,5,1023,
2355011,23945,16658,41,5,1023,
2355016,23952,16750,41,6,1023,
2355021,23952,16847,41,6,1023,
2355026,23961,16945,41,5,1023,
2355031,23961,17042,41,5,1023,
2355036,23961,17139,41,5,1023,
2355041,23972,17225,41,3,1023,
2355046,23972,17307,41,3,1023,
2355051,23972,17392,41,2,1023,
2355056,23972,17475,41,2,1023,
2355061,23972,17566,41,2,1023,
2355066,23979,17655,41,2,1023,
2355071,23979,17739,41,3,1023,
2355076,23979,17825,41,3,1023,
2355081,23990,17908,40,3,1023,
2355086,23990,17995,40,3,1023,
2355091,23990,18082,40,3,1023,
2355096,23990,18166,40,3,1023,
2355101,23990,18258,41,3,1023,
2355106,23998,18347,41,3,1023,
2355111,23998,18435,40,3,1023,
2355116,24006,18518,40,3,1023,
2355121,24006,18594,38,4,1023,
2355126,24019,18676,38,4,1023,
2355131,24019,18753,38,4,1023,
2355136,24026,18828,38,4,1023,
2355141,24026,18908,38,2,1023,
2355146,24026,18983,38,2,1023,
2355151,24026,19059,38,2,1023,
2355156,24026,19144,38,1,1023,
2355161,24026,19225,38,1,1023,
2355166,24026,19296,38,1,1023,
2355171,24026,19361,38,0,1023,
2355176,24033,19425,38,0,1023,
2355181,24033,19491,38,0,1023,
2355186,24033,19558,38,0,1023,
2355191,24025,19633,38,1,1023,
2355196,24025,19706,38,1,1023,
2355201,24014,19770,38,1,1023,
2355206,24007,19836,38,1,1023,
2355211,24007,19903,38,1,1023,
2355216,23998,19961,38,1,1023,
2355221,23998,20019,38,1,1023,
2355226,23998,20079,38,1,1023,
2355231,23998,20144,38,1,1023,
2355236,23998,20215,38,1,1023,
2355241,23998,20286,40,2,1023,
2355246,23998,20345,40,2,1023,
2355251,23998,20395,41,2,1023,
2355256,23998,20441,41,2,1023,
2355261,23998,20494,41,2,1023,
2355266,23979,20555,41,1,1023,
2355271,23979,20609,41,1,1023,
2355276,23971,20662,41,1,1023,
2355281,23971,20707,41,1,1023,
2355286,23971,20742,41,0,1023,
2355291,23971,20783,41,0,1023,
2355296,23961,20825,41,0,1023,
2355301,23961,20865,41,0,1023,
2355306,23948,20906,41,0,1023,
2355311,23941,20945,41,0,1023,
2355316,23941,20977,41,0,1023,
2355321,23932,21011,41,0,1023,
2355326,23932,21049,41,0,1023,
2355331,23920,21088,41,0,1023,
2355336,23920,21126,41,0,1023,
2355341,23920,21156,41,0,1023,
2355346,23911,21181,41,0,1023,
2355351,23904,21208,41,0,1023,
2355356,23896,21231,41,-1,1023,
2355361,23888,21257,41,-1,1023,
2355366,23879,21284,41,-1,1023,
2355371,23879,21305,41,-1,1023,
2355376,23871,21335,41,-1,1023,
2355381,23862,21368,41,-1,1023,
2355386,23855,21400,41,-2,1023,
2355391,23848,21426,41,-2,1023,
2355396,23848,21442,41,-2,1023,
2355401,23837,21456,41,-2,1023,
2355406,23837,21468,41,-2,1023,
2355411,23827,21488,41,-2,1023,
2355416,23819,21508,41,-2,1023,
2355421,23819,21533,41,-2,1023,
2355426,23808,21562,41,-2,1023,
2355431,23808,21584,41,-2,1023,
2355436,23797,21606,41,-1,1023,
2355441,23797,21620,41,-1,1023,
2355446,23782,21629,41,-1,1023,
2355451,23773,21642,41,0,1023,
2355457,23764,21656,41,0,1023,
2355462,23754,21669,41,0,1023,
2355467,23745,21680,41,0,1023,
2355472,23733,21690,41,0,1023,
2355477,23716,21700,41,0,1023,
2355482,23695,21718,41,0,1023,
2355487,23669,21738,41,0,1023,
2355492,23637,21758,41,1,1023,
2355497,23603,21779,41,1,1023,
2355502,23568,21791,41,1,1023,
2355507,23533,21801,41,1,1023,
2355512,23499,21811,41,1,1023,
2355517,23466,21819,41,1,1023,
2355522,23431,21830,43,0,1023,
2355527,23387,21840,43,0,1023,
2355532,23338,21851,44,0,1023,
2355537,23287,21863,44,0,1023,
2355542,23233,21875,43,0,1023,
2355547,23186,21885,43,0,1023,
2355552,23137,21894,41,0,1023,
2355557,23086,21903,41,0,1023,
2355562,23030,21915,40,0,1023,
2355567,22971,21930,40,0,1023,
2355572,22912,21946,38,0,1023,
2355577,22853,21957,38,0,1023,
2355582,22793,21968,38,0,1023,
2355587,22731,21976,38,0,1023,
2355592,22669,21985,37,0,1023,
2355597,22607,21994,37,0,1023,
2355602,22544,21994,36,0,1023,
2355607,22480,22006,36,0,1023,
2355612,22412,22015,36,0,1023,
2355617,22341,22026,36,0,1023,
2355622,22271,22035,36,0,1023,
2355627,22198,22035,36,-1,1023,
2355632,22123,22044,36,-1,1023,
2355637,22045,22044,36,-1,1023,
2355642,21963,22044,36,-1,1023,
2355647,21883,22044,37,-1,1023,
2355652,21802,22044,37,-1,1023,
2355657,21720,22052,38,-1,1023,
2355662,21639,22052,38,-1,1023,
2355667,21558,22052,38,-1,1023,
2355672,21478,22052,38,0,1023,
2355677,21396,22052,40,0,1023,
2355682,21315,22052,40,0,1023,
2355687,21229,22065,41,0,1023,
2355692,21141,22065,41,0,1023,
2355697,21057,22065,40,0,1023,
2355702,20971,22065,40,0,1023,
2355707,20889,22057,38,0,1023,
2355712,20806,22050,38,0,1023,
2355717,20718,22050,38,0,1023,
2355722,20633,22050,38,0,1023,
2355727,20547,22050,38,0,1023,
2355732,20467,22050,38,0,1023,
2355737,20391,22050,38,0,1023,
2355742,20311,22058,38,0,1023,
2355747,20230,22058,38,0,1023,
2355752,20147,22068,38,0,1023,
2355757,20066,22068,37,0,1023,
2355762,19986,22068,37,0,1023,
2355767,19910,22068,36,0,1023,
2355772,19833,22060,36,0,1023,
2355777,19755,22060,37,0,1023,
2355782,19676,22060,37,0,1023,
2355787,19598,22068,38,0,1023,
2355792,19524,22075,38,0,1023,
2355797,19449,22082,38,0,1023,
2355802,19380,22082,38,0,1023,
2355807,19311,22093,38,0,1023,
2355812,19240,22100,40,0,1023,
2355817,19167,22100,40,0,1023,
2355822,19090,22109,41,0,1023,
2355827,19011,22109,40,0,1023,
2355832,18938,22117,40,0,1023,
2355837,18868,22117,38,0,1023,
2355842,18799,22117,38,0,1023,
2355847,18733,22126,38,0,1023,
2355852,18661,22126,38,0,1023,
2355857,18589,22139,38,0,1023,
2355862,18523,22139,38,0,1023,
2355867,18458,22150,38,0,1023,
2355872,18393,22150,38,0,1023,
2355877,18329,22159,38,0,1023,
2355882,18261,22167,38,0,1023,
2355887,18192,22167,37,0,1023,
2355892,18124,22178,37,0,1023,
2355897,18055,22178,36,0,1023,
2355902,17987,22188,36,0,1023,
2355907,17922,22188,37,0,1023,
2355912,17857,22198,37,0,1023,
2355917,17792,22198,38,0,1023,
2355922,17727,22206,38,0,1023,
2355927,17662,22206,38,0,1023,
2355932,17601,22206,38,0,1023,
2355937,17543,22215,38,0,1023,
2355942,17485,22215,38,0,1023,
2355947,17425,22215,38,0,1023,
2355952,17366,22215,40,0,1023,
2355957,17307,22204,40,0,1023,
2355962,17247,22197,41,0,1023,
2355967,17191,22197,41,0,1023,
2355972,17135,22197,41,0,1023,
2355977,17076,22197,41,0,1023,
2355982,17017,22197,41,0,1023,
2355987,16951,22197,41,0,1023,
2355992,16884,22197,41,0,1023,
2355997,16816,22197,41,0,1023,
2356002,16748,22197,41,0,1023,
2356007,16683,22197,40,0,1023,
2356012,16623,22197,40,0,1023,
2356017,16567,22197,38,0,1023,
2356022,16512,22189,38,0,1023,
2356027,16452,22189,38,0,1023,
2356032,16387,22189,38,0,1023,
2356037,16319,22189,38,0,1023,
2356042,16256,22179,38,0,1023,
2356047,16198,22179,37,0,1023,
2356052,16142,22167,37,0,1023,
2356057,16087,22167,36,0,1023,
2356062,16033,22167,36,0,1023,
2356067,15978,22155,37,0,1023,
2356072,15920,22155,37,0,1023,
2356077,15862,22140,38,0,1023,
2356082,15800,22128,38,0,1023,
2356087,15739,22128,38,0,1023,
2356092,15686,22115,38,0,1023,
2356097,15636,22105,38,0,1023,
2356102,15590,22093,38,0,1023,
2356107,15542,22077,40,0,1023,
2356112,15492,22065,40,0,1023,
2356117,15443,22058,41,0,1023,
2356122,15398,22058,41,0,1023,
2356127,15357,22058,41,0,1023,
2356132,15320,22058,41,0,1023,
2356137,15282,22058,41,0,1023,
2356142,15241,22047,41,0,1023,
2356147,15200,22047,41,0,1023,
2356152,15156,22039,41,0,1023,
2356157,15113,22039,43,0,1023,
2356162,15067,22039,43,0,1023,
2356167,15021,22039,44,0,1023,
2356172,14970,22039,44,0,1023,
2356177,14913,22039,44,0,1023,
2356182,14854,22039,43,0,1023,
2356187,14787,22039,43,0,1023,
2356192,14723,22039,41,0,1023,
2356197,14657,22028,41,0,1023,
2356202,14593,22028,41,0,1023,
2356207,14527,22018,41,0,1023,
2356212,14459,22018,40,0,1023,
2356217,14390,22018,40,0,1023,
2356222,14319,22007,38,0,1023,
2356227,14247,22007,38,0,1023,
2356232,14173,22007,38,0,1023,
2356237,14099,22007,38,0,1023,
2356242,14026,22007,38,0,1023,
2356247,13955,22007,37,1,1023,
2356252,13886,22007,37,1,1023,
2356257,13819,22007,37,1,1023,
2356262,13751,21997,37,1,1023,
2356267,13682,21997,37,1,1023,
2356272,13608,21997,38,1,1023,
2356277,13533,21997,38,1,1023,
2356282,13461,21997,38,1,1023,
2356287,13392,21997,38,1,1023,
2356292,13327,21997,38,1,1023,
2356297,13268,21997,40,1,1023,
2356302,13209,21990,40,1,1023,
2356307,13149,21990,41,1,1023,
2356312,13089,21990,41,1,1023,
2356317,13027,21990,41,1,1023,
2356322,12968,21997,41,1,1023,
2356327,12910,22006,41,1,1023,
2356332,12852,22006,41,1,1023,
2356337,12793,22006,41,1,1023,
2356342,12734,22006,41,1,1023,
2356347,12679,22006,41,1,1023,
2356352,12629,22006,41,1,1023,
2356357,12584,22015,40,1,1023,
2356362,12538,22015,40,1,1023,
2356367,12491,22015,38,1,1023,
2356372,12448,22015,38,1,1023,
2356377,12409,22015,38,1,1023,
2356382,12374,22015,38,1,1023,
2356387,12343,22015,37,1,1023,
2356392,12308,22015,37,1,1023,
2356397,12275,22025,36,1,1023,
2356402,12245,22025,36,1,1023,
2356407,12216,22037,36,0,1023,
2356412,12186,22037,36,0,1023,
2356417,12149,22047,36,0,1023,
2356422,12108,22054,36,0,1023,
2356427,12065,22064,36,0,1023,
2356432,12028,22074,36,0,1023,
2356437,12000,22083,37,0,1023,
2356442,11974,22092,37,0,1023,
2356447,11950,22099,38,0,1023,
2356452,11925,22108,38,0,1023,
2356457,11898,22108,38,0,1023,
2356462,11873,22118,38,0,1023,
2356467,11846,22118,38,0,1023,
2356472,11822,22118,38,0,1023,
2356477,11799,22118,38,0,1023,
2356482,11773,22118,38,0,1023,
2356487,11751,22118,38,0,1020,
2356492,11728,22118,38,0,1013,
2356497,11706,22118,38,0,1003,
2356502,11687,22125,38,0,1000,
2356507,11667,22125,38,0,997,
2356512,11650,22125,40,0,998,
2356517,11637,22125,40,0,998,
2356522,11625,22125,41,0,997,
2356527,11616,22125,41,0,994,
2356532,11609,22125,41,0,992,
2356537,11598,22125,41,0,987,
2356542,11587,22125,41,0,977,
2356547,11574,22125,41,0,971,
2356552,11559,22118,41,0,968,
2356557,11544,22118,41,0,968,
2356562,11533,22118,41,0,968,
2356567,11525,22118,41,0,969,
2356572,11517,22111,41,0,970,
2356577,11517,22111,41,0,970,
2356582,11503,22111,41,0,969,
2356587,11493,22111,41,0,966,
2356592,11483,22111,41,0,960,
2356597,11471,22111,41,0,961,
2356602,11456,22102,43,0,963,
2356607,11439,22102,43,0,960,
2356612,11418,22102,44,0,948,
2356617,11395,22102,44,0,937,
2356622,11372,22113,44,0,937,
2356627,11346,22113,44,0,936,
2356632,11322,22113,44,0,939,
2356637,11298,22121,44,0,938,
2356642,11274,22121,44,0,936,
2356647,11252,22133,44,0,923,
2356652,11228,22133,44,0,912,
2356657,11200,22141,44,-1,910,
2356662,11170,22141,44,-1,908,
2356667,11138,22150,44,-1,907,
2356672,11108,22150,44,-1,905,
2356677,11083,22150,44,-1,903,
2356682,11063,22150,44,-1,905,
2356687,11043,22150,44,-1,905,
2356692,11020,22150,45,-1,888,
2356697,10997,22150,45,-1,881,
2356702,10974,22150,47,0,888,
2356707,10957,22150,47,-2,891,
2356712,10947,22150,47,-2,891,
2356717,10938,22138,47,-2,889,
2356722,10928,22138,47,-2,886,
2356727,10916,22138,47,-2,882,
2356732,10900,22138,47,-2,869,
2356737,10886,22138,47,-2,868,
2356742,10875,22138,47,-2,869,
2356747,10860,22128,47,-2,866,
2356752,10846,22128,47,-2,851,
2356757,10827,22128,48,-2,842,
2356762,10805,22128,48,-2,845,
2356767,10783,22128,48,-3,845,
2356772,10763,22128,47,-3,842,
2356777,10744,22128,47,-3,839,
2356782,10724,22128,45,-3,845,
2356787,10708,22119,45,-3,848,
2356792,10694,22119,44,-3,847,
2356797,10681,22119,44,-3,846,
2356802,10669,22109,42,-3,846,
2356807,10660,22109,42,-3,845,
2356812,10653,22098,41,-3,845,
2356817,10646,22098,41,-3,845,
2356822,10646,22098,40,-3,845,
2356827,10637,22098,40,-3,844,
2356832,10637,22098,38,-4,842,
2356837,10630,22098,37,-3,841,
2356842,10630,22098,37,-3,839,
2356847,10630,22098,37,-3,837,
2356852,10621,22098,37,-3,836,
2356857,10613,22098,38,-4,833,
2356862,10613,22098,38,-4,830,
2356867,10602,22098,38,-4,828,
2356872,10595,22098,38,-4,825,
2356877,10588,22090,38,-4,816,
2356882,10579,22090,38,-4,808,
2356887,10569,22090,38,-4,799,
2356892,10559,22080,38,-4,792,
2356897,10550,22080,38,-4,790,
2356902,10540,22071,38,-4,788,
2356907,10540,22071,38,-4,784,
2356912,10527,22063,38,-4,780,
2356917,10520,22063,38,-4,775,
2356922,10520,22056,38,-4,772,
2356927,10512,22056,38,-4,767,
2356932,10512,22045,38,-4,761,
2356937,10512,22045,38,-4,757,
2356942,10512,22034,38,-4,750,
2356947,10512,22027,38,-4,744,
2356952,10512,22020,38,-2,737,
2356957,10512,22009,38,-2,734,
2356962,10512,21997,38,-2,729,
2356967,10512,21979,38,-2,725,
2356972,10512,21956,38,-2,717,
2356977,10504,21933,38,-2,720,
2356982,10504,21903,38,-2,720,
2356987,10504,21874,38,-2,718,
2356992,10504,21851,38,-2,717,
2356997,10504,21822,38,-1,718,
2357002,10504,21794,38,-1,718,
2357007,10504,21770,38,-1,718,
2357012,10504,21741,38,-1,714,
2357017,10514,21708,38,0,711,
2357022,10514,21672,38,0,712,
2357027,10514,21629,38,0,703,
2357032,10523,21585,38,0,703,
2357037,10523,21547,38,0,705,
2357042,10523,21512,38,0,706,
2357047,10539,21476,38,0,704,
2357052,10550,21444,38,0,705,
2357057,10558,21411,38,0,705,
2357062,10558,21377,38,0,704,
2357067,10566,21349,38,0,703,
2357072,10566,21321,38,0,703,
2357077,10574,21292,38,0,705,
2357082,10584,21263,38,0,705,
2357087,10595,21235,38,0,706,
2357092,10603,21205,38,0,707,
2357097,10610,21172,38,0,703,
2357102,10610,21135,38,0,703,
2357107,10618,21095,38,0,706,
2357112,10625,21054,38,0,705,
2357117,10625,21024,38,0,708,
2357122,10625,21002,38,0,708,
2357127,10635,20981,38,0,708,
2357132,10635,20961,38,0,708,
2357137,10635,20933,38,0,707,
2357142,10642,20902,38,0,708,
2357147,10642,20873,38,0,707,
2357152,10642,20846,38,0,708,
2357157,10642,20815,38,0,707,
2357162,10642,20788,38,1,706,
2357167,10633,20758,38,1,707,
2357172,10633,20724,38,1,705,
2357177,10633,20688,38,2,706,
2357182,10626,20647,38,2,682,
2357187,10626,20606,38,2,683,
2357192,10613,20562,38,2,682,
2357197,10613,20516,38,2,652,
2357202,10601,20471,38,4,641,
2357207,10601,20425,38,4,629,
2357212,10589,20380,38,4,605,
2357217,10589,20340,38,4,566,
2357222,10582,20302,38,4,480,
2357227,10582,20266,38,4,414,
2357232,10591,20235,38,4,350,
2357237,10599,20210,38,4,214,
2357242,10606,20191,38,6,72,
2357247,10606,20191,38,6,0,
2357252,10606,20183,38,6,0,
2357257,10606,20183,38,7,0,
2357262,10594,20209,38,7,0,
2357267,10579,20241,38,7,0,
2357272,10563,20284,39,9,0,
2357277,10545,20341,39,9,0,
2357282,10530,20402,38,10,0,
2357287,10520,20466,38,10,0,
2357292,10520,20532,38,10,0,
2357297,10528,20599,38,11,0,
2357302,10542,20675,38,11,0,
2357307,10560,20764,38,11,0,
2357312,10582,20858,38,11,0,
2357317,10607,20956,38,10,0,
2357322,10639,21060,38,10,0,
2357327,10677,21171,39,9,0,
2357332,10698,21296,39,7,0,
2357337,10722,21429,42,5,0,
2357342,10746,21566,46,5,0,
2357347,10766,21693,52,7,0,
2357352,10795,21814,57,9,0,
2357357,10811,21935,64,9,0,
2357362,10823,22053,70,9,0,
2357367,10837,22164,77,9,0,
2357372,10858,22264,81,9,0,
2357377,10890,22342,82,8,0,
2357382,10914,22402,82,8,0,
2357387,10937,22455,82,10,0,
2357392,10959,22502,82,10,0,
2357397,10980,22542,82,11,0,
2357402,11012,22562,82,11,0,
2357407,11050,22562,82,11,0,
2357412,11082,22554,82,13,0,
2357417,11108,22545,82,13,0,
2357422,11123,22545,82,13,0,
2357427,11123,22566,82,13,0,
2357432,11123,22581,82,11,0,
2357437,11123,22581,82,10,0,
2357442,11105,22581,82,8,0,
2357447,11082,22581,82,8,0,
2357452,11051,22592,82,8,0,
2357457,11010,22618,82,8,0,
2357462,10969,22646,83,7,0,
2357467,10931,22677,83,7,0,
2357472,10880,22731,83,7,0,
2357477,10813,22810,83,7,0,
2357482,10750,22904,83,5,0,
2357487,10682,23012,83,4,0,
2357492,10630,23104,83,4,0,
2357497,10594,23174,83,2,0,
2357502,10560,23231,83,2,0,
2357507,10535,23271,83,1,0,
2357512,10511,23310,83,0,0,
2357517,10492,23353,83,0,0,
2357522,10477,23408,81,-1,0,
2357527,10466,23479,77,-2,0,
2357532,10456,23560,72,-3,0,
2357537,10446,23652,67,-4,0,
2357542,10436,23745,62,-5,0,
2357547,10416,23851,58,-6,0,
2357552,10399,23958,53,-5,0,
2357557,10382,24053,48,-5,0,
2357562,10369,24146,45,-4,0,
2357567,10369,24222,42,-3,0,
2357572,10357,24293,42,-3,0,
2357577,10344,24372,42,-3,0,
2357582,10327,24449,44,-3,0,
2357587,10304,24523,44,-3,0,
2357592,10277,24588,45,-3,0,
2357597,10249,24637,45,-3,0,
2357602,10221,24676,47,-3,0,
2357607,10197,24703,47,-3,0,
2357612,10183,24715,47,-3,0,
2357617,10183,24715,48,-5,0,
2357622,10183,24715,48,-7,0,
2357627,10183,24724,50,-10,0,
2357632,10183,24741,51,-12,0,
2357637,10168,24768,50,-15,0,
2357642,10160,24788,52,-18,0,
2357647,10160,24788,52,-19,0,
2357652,10167,24780,52,-21,0,
2357657,10188,24752,52,-22,0,
2357662,10214,24695,53,-22,0,
2357667,10239,24611,53,-22,0,
2357672,10256,24488,54,-25,0,
2357677,10275,24316,53,-22,0,
2357682,10293,24103,54,-21,0,
2357687,10312,23887,54,-21,0,
2357692,10336,23658,54,-20,0,
2357697,10359,23445,52,-21,0,
2357702,10391,23267,52,-21,0,
2357707,10426,23110,51,-21,0,
2357712,10481,22987,49,-21,0,
2357717,10549,22887,50,-20,0,
2357722,10631,22812,48,-19,0,
2357727,10726,22742,49,-18,0,
2357732,10822,22683,50,-15,0,
2357737,10919,22623,53,-14,0,
2357742,11009,22559,58,-11,0,
2357747,11086,22506,61,-9,0,
2357752,11151,22461,64,-7,0,
2357757,11201,22436,67,-7,0,
2357762,11237,22426,70,-7,0,
2357767,11265,22406,73,-6,0,
2357772,11282,22381,76,-5,0,
2357777,11289,22349,79,-2,0,
2357782,11289,22312,81,-1,0,
2357787,11281,22284,83,0,0,
2357792,11281,22257,83,1,0,
2357797,11273,22230,83,1,0,
2357802,11273,22205,83,2,0,
2357807,11281,22187,83,2,0,
2357812,11281,22180,83,2,0,
2357817,11288,22180,83,2,0,
2357822,11288,22194,83,4,0,
2357827,11302,22205,83,4,0,
2357832,11314,22219,83,4,0,
2357837,11325,22233,83,4,0,
2357842,11341,22248,83,4,0,
2357847,11358,22261,83,4,0,
2357852,11381,22277,83,4,0,
2357857,11408,22294,83,4,0,
2357862,11432,22319,83,4,0,
2357867,11458,22353,81,4,0,
2357872,11482,22390,81,4,0,
2357877,11505,22432,80,4,0,
2357882,11528,22482,80,4,0,
2357887,11548,22538,79,4,0,
2357892,11569,22600,79,2,0,
2357897,11587,22666,77,2,0,
2357902,11607,22735,77,1,0,
2357907,11631,22802,77,1,0,
2357912,11652,22879,77,0,0,
2357917,11677,22964,77,0,0,
2357922,11717,23036,77,-1,0,
2357927,11759,23119,77,-2,0,
2357932,11798,23204,77,-4,0,
2357937,11849,23278,77,-6,0,
2357942,11885,23380,75,-7,0,
2357947,11930,23470,75,-9,0,
2357952,12011,23525,74,-10,0,
2357957,12011,23525,74,-10,0,
2358967,10624,24415,33,-7,0,
2358972,10655,24374,32,-6,0,
2358977,10722,24289,34,-6,0,
2358982,10826,24165,35,-5,0,
2358987,10957,24007,40,-3,0,
2358992,11098,23864,44,-2,0,
2358997,11238,23750,47,0,0,
2359002,11371,23656,51,0,0,
2359007,11511,23575,54,0,0,
2359012,11638,23498,55,0,0,
2359017,11770,23407,58,1,0,
2359022,11909,23303,59,0,0,
2359027,12047,23188,59,0,0,
2359032,12195,23077,61,0,0,
2359037,12344,22978,61,0,0,
2359042,12506,22906,61,0,0,
2359047,12681,22867,62,1,0,
2359052,12859,22858,63,1,0,
2359057,13022,22880,66,1,0,
2359062,13166,22913,68,1,0,
2359067,13286,22952,66,1,0,
2359072,13389,22984,65,0,0,
2359077,13478,23006,62,0,0,
2359082,13547,23018,61,-1,0,
2359087,13596,23018,59,-1,0,
2359092,13616,23018,59,-1,0,
2359097,13616,22998,59,0,0,
2359102,13603,22971,59,0,0,
2359107,13582,22932,59,1,0,
2359112,13559,22887,61,2,0,
2359117,13536,22832,62,2,0,
2359122,13512,22774,65,2,0,
2359127,13490,22713,66,3,0,
2359132,13468,22651,66,3,0,
2359137,13445,22590,66,4,0,
2359142,13419,22532,66,5,0,
2359147,13386,22475,66,5,0,
2359152,13348,22410,66,6,0,
2359157,13313,22341,67,8,0,
2359162,13282,22267,70,8,0,
2359167,13255,22202,72,10,0,
2359172,13235,22144,75,10,0,
2359177,13216,22093,78,12,0,
2359182,13201,22050,80,12,0,
2359187,13194,21998,82,14,0,
2359192,13194,21953,81,15,0,
2359197,13194,21910,82,17,0,
2359202,13187,21876,82,19,0,
2359207,13179,21857,82,20,0,
2359212,13167,21838,81,21,0,
2359217,13150,21823,81,23,0,
2359222,13128,21801,81,23,0,
2359227,13098,21775,81,24,0,
2359232,13062,21749,80,26,0,
2359237,13011,21725,80,26,0,
2359242,12945,21705,80,27,0,
2359247,12862,21682,79,28,0,
2359252,12763,21659,79,28,0,
2359257,12658,21634,79,28,0,
2359262,12553,21607,80,30,0,
2359267,12450,21581,77,31,0,
2359272,12351,21555,73,32,0,
2359277,12254,21522,69,34,0,
2359282,12162,21488,66,35,0,
2359287,12070,21456,63,36,0,
2359292,11984,21425,60,36,0,
2359297,11901,21400,58,36,0,
2359302,11821,21381,55,36,0,
2359307,11746,21367,53,34,0,
2359312,11672,21367,51,32,0,
2359317,11598,21367,49,30,0,
2359322,11529,21367,48,27,0,
2359327,11461,21383,47,26,0,
2359332,11398,21394,47,23,0,
2359337,11339,21414,47,19,0,
2359342,11282,21444,50,18,0,
2359347,11229,21481,52,14,0,
2359352,11184,21526,55,13,0,
2359357,11151,21571,56,14,0,
2359362,11127,21616,58,12,0,
2359367,11114,21658,61,11,0,
2359372,11114,21698,61,10,0,
2359377,11114,21735,62,12,0,
2359382,11114,21772,63,13,0,
2359387,11125,21810,65,13,0,
2359392,11141,21845,64,16,0,
2359397,11158,21880,66,16,0,
2359402,11177,21912,67,17,0,
2359407,11199,21940,66,19,0,
2359412,11225,21964,67,20,0,
2359417,11256,21981,67,21,0,
2359422,11293,21989,68,23,0,
2359427,11332,21989,68,23,0,
2359432,11370,21982,68,23,0,
2359437,11409,21974,66,23,0,
2359442,11445,21964,66,21,0,
2359447,11480,21950,65,22,0,
2359452,11513,21932,64,21,0,
2359457,11542,21909,64,22,0,
2359462,11565,21884,63,20,0,
2359467,11580,21862,62,20,0,
2359472,11588,21843,61,21,0,
2359477,11588,21822,61,21,0,
2359482,11588,21804,60,21,0,
2359487,11581,21782,59,20,0,
2359492,11568,21765,57,20,0,
2359497,11547,21754,57,20,0,
2359503,11523,21746,56,20,0,
2359508,11501,21746,56,20,0,
2359513,11476,21746,54,20,0,
2359518,11448,21753,54,19,0,
2359523,11415,21765,54,19,0,
2359528,11377,21786,54,19,0,
2359533,11339,21810,54,19,0,
2359538,11303,21837,54,19,0,
2359543,11270,21866,55,18,0,
2359548,11239,21892,55,18,0,
2359553,11208,21920,55,18,0,
2359558,11179,21943,54,17,0,
2359563,11152,21962,54,17,0,
2359568,11130,21976,54,16,0,
2359573,11113,21976,56,16,0,
2359578,11093,21976,56,16,0,
2359583,11073,21976,57,14,0,
2359588,11052,21976,57,14,0,
2359593,11033,21969,59,14,0,
2359598,11017,21960,59,14,0,
2359603,11004,21948,60,14,0,
2359608,10990,21936,60,14,0,
2359613,10972,21928,62,14,0,
2359618,10953,21928,62,14,0,
2359623,10928,21921,63,14,0,
2359628,10908,21921,63,14,0,
2359633,10891,21921,63,14,0,
2359638,10873,21912,65,13,0,
2359643,10858,21912,65,13,0,
2359648,10838,21912,66,14,0,
2359653,10818,21921,66,14,0,
2359658,10800,21921,66,14,0,
2359663,10785,21921,66,14,0,
2359668,10772,21921,68,13,0,
2359673,10760,21912,68,13,0,
2359678,10745,21912,68,13,0,
2359683,10729,21900,66,14,0,
2359688,10714,21887,63,14,0,
2359693,10699,21874,62,14,0,
2359698,10689,21860,60,14,0,
2359703,10677,21846,57,14,0,
2359708,10664,21836,56,14,0,
2359713,10654,21824,55,13,0,
2359718,10645,21811,52,14,0,
2359723,10645,21794,50,14,0,
2359728,10645,21774,47,14,0,
2359733,10659,21757,46,14,0,
2359738,10669,21745,43,14,0,
2359743,10683,21745,42,13,0,
2359748,10698,21745,40,14,0,
2359753,10710,21745,39,13,0,
2359754,10710,21745,38,12,153,
2359759,10710,21756,38,12,170,
2359764,10710,21763,38,12,183,
2359769,10710,21773,38,12,243,
2359774,10710,21783,38,11,289,
2359779,10710,21794,38,11,321,
2359784,10721,21808,38,11,348,
2359789,10731,21825,38,11,376,
2359794,10746,21847,38,10,415,
2359799,10768,21875,38,10,448,
2359804,10794,21911,38,10,465,
2359809,10819,21954,38,10,469,
2359814,10844,22005,39,9,515,
2359819,10868,22060,40,8,532,
2359824,10897,22110,40,8,542,
2359829,10929,22159,42,8,565,
2359834,10967,22208,42,8,600,
2359839,11002,22263,42,7,618,
2359844,11029,22326,42,7,630,
2359849,11056,22392,43,7,647,
2359854,11082,22450,43,7,657,
2359859,11108,22502,45,6,682,
2359864,11137,22547,45,6,682,
2359869,11167,22585,46,5,706,
2359874,11193,22628,46,5,720,
2359879,11221,22669,48,5,737,
2359884,11249,22716,48,5,734,
2359889,11270,22763,49,4,747,
2359894,11297,22807,49,4,753,
2359899,11329,22858,49,4,756,
2359904,11365,22919,49,3,768,
2359909,11411,22987,48,3,772,
2359914,11461,23060,48,3,774,
2359919,11512,23134,47,3,779,
2359924,11562,23205,47,3,780,
2359929,11612,23282,47,2,784,
2359934,11662,23358,47,2,779,
2359939,11712,23432,47,2,784,
2359944,11767,23501,47,0,784,
2359949,11817,23565,47,0,780,
2359954,11872,23631,47,0,793,
2359959,11927,23705,47,0,796,
2359964,11984,23775,47,0,801,
2359969,12047,23846,45,0,802,
2359974,12107,23915,45,0,799,
2359979,12164,23978,44,0,807,
2359984,12224,24044,44,0,804,
2359989,12281,24107,44,0,810,
2359994,12344,24171,44,0,817,
2359999,12402,24230,44,0,815,
2360004,12453,24285,44,0,817,
2360009,12506,24341,43,0,820,
2360014,12560,24401,43,0,819,
2360019,12616,24461,41,0,829,
2360024,12678,24523,41,0,833,
2360029,12742,24583,40,0,840,
2360034,12797,24637,40,0,837,
2360039,12848,24689,38,0,842,
2360044,12899,24744,38,0,855,
2360049,12951,24801,38,0,856,
2360054,13007,24866,38,0,856,
2360059,13063,24932,40,0,870,
2360064,13118,25001,40,0,870,
2360069,13172,25070,41,0,871,
2360074,13232,25134,41,-1,873,
2360079,13297,25200,41,-1,874,
2360084,13360,25260,41,-1,875,
2360089,13418,25317,41,-1,876,
2360094,13474,25373,41,-1,885,
2360099,13530,25430,43,-1,889,
2360104,13591,25491,43,-1,888,
2360109,13654,25551,44,-1,891,
2360114,13712,25611,44,-2,897,
2360119,13772,25680,45,-2,897,
2360124,13829,25750,45,-2,898,
2360129,13886,25820,45,-2,902,
2360134,13947,25889,45,-2,905,
2360139,14006,25949,44,-2,901,
2360144,14068,26003,44,-2,904,
2360149,14132,26056,44,-2,909,
2360154,14193,26113,44,-2,903,
2360159,14249,26166,44,-2,908,
2360164,14304,26220,44,-2,908,
2360169,14359,26282,42,-2,906,
2360174,14419,26345,42,-2,908,
2360179,14482,26405,41,-2,911,
2360184,14547,26463,41,-2,915,
2360189,14608,26518,41,-2,914,
2360194,14662,26570,41,-2,913,
2360199,14713,26621,40,-2,908,
2360204,14757,26669,40,-2,910,
2360209,14800,26717,38,-2,919,
2360214,14847,26770,38,-4,920,
2360219,14892,26829,38,-4,917,
2360224,14940,26892,37,-3,924,
2360229,14986,26944,37,-5,925,
2360234,15032,26988,37,-5,931,
2360239,15080,27028,37,-5,934,
2360244,15121,27067,38,-4,937,
2360249,15160,27113,38,-4,937,
2360254,15197,27167,38,-6,940,
2360259,15236,27222,38,-6,943,
2360264,15284,27281,38,-6,943,
2360269,15334,27335,39,-6,943,
2360274,15383,27385,39,-6,940,
2360279,15428,27436,41,-7,944,
2360284,15474,27487,41,-7,948,
2360289,15522,27539,41,-7,944,
2360294,15573,27582,41,-7,943,
2360299,15625,27620,43,-9,949,
2360304,15673,27663,43,-9,948,
2360309,15720,27715,43,-8,955,
2360314,15769,27780,44,-10,957,
2360319,15815,27843,44,-10,951,
2360324,15862,27894,43,-9,957,
2360329,15909,27942,43,-9,956,
2360334,15949,27979,41,-10,958,
2360339,15989,28015,41,-10,960,
2360344,16033,28053,41,-10,960,
2360349,16078,28091,41,-10,963,
2360354,16130,28141,41,-10,962,
2360359,16181,28196,41,-10,960,
2360364,16225,28251,41,-10,958,
2360369,16266,28301,41,-10,962,
2360374,16303,28344,40,-10,960,
2360379,16341,28383,40,-10,959,
2360384,16382,28419,38,-11,960,
2360389,16423,28457,38,-11,963,
2360394,16463,28501,38,-11,957,
2360399,16503,28555,38,-11,958,
2360404,16540,28607,38,-11,957,
2360409,16575,28649,38,-12,959,
2360414,16610,28681,38,-12,963,
2360419,16649,28710,39,-14,962,
2360424,16685,28746,37,-14,956,
2360429,16717,28788,37,-14,961,
2360434,16749,28831,35,-15,963,
2360439,16778,28870,35,-15,963,
2360444,16812,28906,35,-15,963,
2360449,16854,28945,35,-16,964,
2360454,16893,28988,35,-16,963,
2360459,16928,29030,35,-16,964,
2360464,16960,29068,33,-16,964,
2360469,16985,29097,33,-16,965,
2360474,17009,29119,33,-17,964,
2360479,17030,29135,33,-17,963,
2360485,17044,29146,33,-17,964,
2360490,17056,29157,32,-18,966,
2360495,17068,29164,32,-18,965,
2360500,17084,29173,32,-18,966,
2360505,17105,29188,32,-18,965,
2360510,17129,29212,32,-18,965,
2360515,17146,29245,32,-18,963,
2360520,17163,29275,32,-18,963,
2360525,17179,29299,32,-18,965,
2360530,17196,29318,32,-18,964,
2360535,17214,29333,32,-18,960,
2360540,17228,29347,33,-16,960,
2360545,17239,29360,33,-16,963,
2360550,17239,29370,35,-16,964,
2360555,17251,29378,35,-16,963,
2360560,17261,29388,35,-16,964,
2360565,17268,29402,35,-16,966,
2360570,17268,29413,36,-16,969,
2360575,17278,29413,36,-16,975,
2360580,17278,29421,38,-16,981,
2360585,17278,29421,38,-15,986,
2360590,17289,29421,38,-15,991,
2360595,17289,29421,38,-15,998,
2360600,17289,29430,38,-15,1003,
2360605,17289,29430,38,-15,1006,
2360610,17289,29430,38,-15,1006,
2360615,17289,29430,38,-15,1005,
2360620,17289,29430,39,-14,1006,
2360625,17289,29430,39,-14,1007,
2360630,17296,29430,39,-14,1008,
2360635,17296,29430,39,-14,1006,
2360640,17296,29439,39,-14,1005,
2360645,17296,29439,39,-14,1002,
2360650,17303,29439,39,-14,1000,
2360655,17303,29439,39,-14,996,
2360660,17303,29439,39,-14,988,
2360665,17310,29439,39,-14,981,
2360670,17310,29446,39,-14,974,
2360675,17310,29446,39,-14,971,
2360680,17310,29446,39,-14,970,
2360685,17310,29446,39,-14,970,
2360690,17310,29446,39,-14,970,
2360695,17310,29446,39,-14,970,
2360700,17310,29446,39,-14,971,
2360705,17310,29446,39,-14,971,
2360710,17310,29446,39,-14,970,
2360715,17318,29446,38,-12,968,
2360720,17318,29446,38,-12,966,
2360725,17318,29446,38,-12,965,
2360730,17318,29446,38,-12,964,
2360735,17318,29446,38,-12,960,
2360740,17318,29446,38,-12,958,
2360745,17318,29446,38,-12,955,
2360750,17318,29446,38,-12,953,
2360755,17318,29446,38,-11,951,
2360760,17318,29446,40,-11,948,
2360765,17318,29446,40,-11,945,
2360770,17325,29446,41,-11,942,
2360775,17325,29446,41,-11,942,
2360780,17325,29446,41,-11,939,
2360785,17332,29446,41,-11,937,
2360790,17332,29446,41,-11,934,
2360795,17332,29446,41,-11,931,
2360800,17340,29446,41,-11,930,
2360805,17347,29446,41,-11,930,
2360810,17356,29446,41,-11,931,
2360815,17370,29446,41,-11,933,
2360820,17390,29437,41,-11,937,
2360825,17411,29437,41,-11,939,
2360830,17436,29437,41,-11,942,
2360835,17465,29430,41,-11,945,
2360840,17491,29430,41,-11,943,
2360845,17518,29430,41,-11,945,
2360850,17544,29430,41,-11,945,
2360855,17570,29430,41,-11,945,
2360860,17598,29419,41,-11,945,
2360865,17629,29419,41,-11,948,
2360870,17663,29408,41,-11,957,
2360875,17698,29408,41,-11,959,
2360880,17733,29401,41,-11,959,
2360885,17769,29390,41,-11,966,
2360890,17810,29380,41,-11,971,
2360895,17851,29371,41,-11,967,
2360900,17889,29360,41,-11,968,
2360905,17929,29353,41,-11,980,
2360910,17968,29353,41,-11,980,
2360915,18013,29353,40,-11,982,
2360920,18064,29341,40,-11,977,
2360925,18112,29341,38,-11,985,
2360930,18159,29328,38,-11,985,
2360935,18199,29328,38,-11,990,
2360940,18239,29312,38,-11,989,
2360945,18278,29303,38,-11,989,
2360950,18315,29292,38,-11,989,
2360955,18354,29281,38,-11,1004,
2360960,18395,29281,38,-11,1005,
2360965,18434,29264,38,-11,1005,
2360970,18474,29257,38,-11,1006,
2360975,18511,29257,38,-11,1008,
2360980,18548,29238,38,-11,1009,
2360985,18587,29238,38,-11,1008,
2360990,18627,29218,38,-11,1007,
2360995,18666,29209,38,-11,1009,
2361000,18704,29201,38,-12,1010,
2361005,18744,29185,36,-12,1012,
2361010,18784,29173,36,-12,1010,
2361015,18823,29159,35,-12,1011,
2361020,18863,29143,35,-12,1011,
2361025,18901,29134,35,-12,1009,
2361030,18935,29124,35,-12,1011,
2361035,18971,29109,35,-12,1023,
2361040,19011,29099,35,-12,1023,
2361045,19052,29090,33,-12,1023,
2361050,19101,29076,33,-12,1023,
2361055,19152,29062,33,-13,1023,
2361060,19197,29051,33,-13,1023,
2361065,19241,29035,33,-12,1023,
2361070,19284,29020,33,-12,1023,
2361075,19327,29008,35,-12,1023,
2361080,19370,28989,35,-12,1023,
2361085,19413,28979,35,-12,1023,
2361090,19455,28968,35,-12,1023,
2361095,19499,28958,35,-12,1023,
2361100,19544,28950,35,-12,1023,
2361105,19597,28934,35,-12,1023,
2361110,19652,28922,36,-12,1023,
2361115,19705,28909,36,-12,1023,
2361120,19756,28896,39,-14,1023,
2361125,19801,28889,39,-14,1023,
2361130,19851,28878,39,-14,1023,
2361135,19905,28860,39,-14,1023,
2361140,19964,28842,39,-14,1023,
2361145,20022,28822,39,-14,1023,
2361150,20080,28805,39,-14,1023,
2361155,20135,28792,39,-14,1023,
2361160,20191,28778,39,-14,1023,
2361165,20249,28762,39,-14,1023,
2361170,20306,28741,39,-14,1023,
2361175,20363,28719,39,-14,1023,
2361180,20420,28698,39,-14,1023,
2361185,20476,28676,39,-14,1023,
2361190,20532,28654,39,-14,1023,
2361195,20587,28632,39,-14,1023,
2361200,20646,28607,39,-14,1023,
2361205,20708,28581,39,-14,1023,
2361210,20772,28557,39,-14,1023,
2361215,20837,28530,37,-14,1023,
2361220,20900,28502,37,-14,1023,
2361225,20964,28470,36,-14,1023,
2361230,21028,28437,35,-12,1023,
2361235,21090,28410,35,-12,1023,
2361240,21149,28386,35,-12,1023,
2361245,21205,28364,35,-12,1023,
2361250,21264,28345,35,-12,1023,
2361255,21324,28321,35,-12,1023,
2361260,21384,28293,35,-12,1023,
2361265,21446,28265,35,-11,1023,
2361270,21509,28235,35,-11,1023,
2361275,21570,28207,35,-11,1023,
2361280,21631,28184,35,-11,1023,
2361285,21693,28160,36,-10,1023,
2361290,21751,28137,36,-10,1023,
2361295,21808,28112,37,-10,1023,
2361300,21868,28084,37,-10,1023,
2361305,21928,28058,39,-9,1023,
2361310,21986,28039,39,-9,1023,
2361315,22046,28023,39,-9,1023,
2361320,22110,28007,39,-9,1023,
2361325,22172,27988,39,-9,1023,
2361330,22236,27964,39,-9,1023,
2361335,22302,27937,39,-9,1023,
2361340,22362,27911,39,-9,1023,
2361345,22421,27889,39,-9,1023,
2361350,22481,27867,39,-9,1023,
2361355,22539,27847,39,-9,1023,
2361360,22599,27826,39,-9,1023,
2361365,22659,27800,39,-9,1023,
2361370,22720,27778,39,-9,1023,
2361375,22782,27757,39,-9,1023,
2361380,22842,27739,39,-9,1023,
2361385,22900,27726,37,-10,1023,
2361390,22953,27710,37,-10,1023,
2361395,23007,27698,36,-10,1023,
2361400,23063,27687,35,-11,1023,
2361405,23117,27674,35,-11,1023,
2361410,23181,27663,35,-11,1023,
2361415,23247,27644,33,-12,1023,
2361420,23308,27623,33,-12,1023,
2361425,23368,27611,33,-12,1023,
2361430,23419,27601,33,-12,1023,
2361435,23461,27601,33,-12,1023,
2361440,23508,27584,36,-14,1023,
2361445,23561,27569,36,-14,1023,
2361450,23615,27555,36,-14,1023,
2361455,23672,27543,36,-14,1023,
2361460,23727,27536,37,-14,1023,
2361465,23780,27526,37,-14,1023,
2361470,23833,27514,39,-14,1023,
2361475,23886,27501,39,-14,1023,
2361480,23939,27488,39,-14,1023,
2361485,23992,27475,39,-13,1023,
2361490,24043,27465,39,-13,1023,
2361495,24093,27454,40,-14,1023,
2361500,24147,27440,40,-14,1023,
2361505,24200,27430,40,-14,1023,
2361510,24256,27418,40,-14,1023,
2361515,24314,27404,40,-14,1023,
2361520,24365,27396,41,-12,1018,
2361525,24417,27382,41,-12,1019,
2361530,24473,27374,41,-12,1018,
2361535,24532,27364,39,-12,1018,
2361540,24592,27355,39,-12,1016,
2361545,24654,27348,38,-12,1017,
2361550,24708,27337,38,-12,1009,
2361555,24755,27329,38,-12,1006,
2361560,24805,27320,38,-12,1006,
2361565,24853,27312,38,-12,1006,
2361570,24900,27305,38,-12,1004,
2361575,24949,27305,36,-12,1003,
2361580,24996,27305,36,-12,1005,
2361585,25046,27291,35,-12,1009,
2361590,25100,27284,35,-12,1006,
2361595,25157,27277,35,-12,1010,
2361600,25208,27277,35,-12,1004,
2361605,25254,27277,33,-12,1009,
2361610,25300,27277,33,-12,1005,
2361615,25344,27277,33,-13,1011,
2361620,25396,27277,33,-13,1006,
2361625,25449,27277,33,-13,1006,
2361630,25498,27277,33,-13,1006,
2361635,25542,27277,33,-12,1008,
2361640,25583,27277,33,-12,1006,
2361645,25621,27277,35,-12,1003,
2361650,25656,27277,35,-12,1003,
2361655,25686,27267,35,-12,1004,
2361660,25711,27267,35,-12,1008,
2361665,25736,27260,36,-12,1009,
2361670,25758,27260,36,-12,1006,
2361675,25781,27253,38,-12,1006,
2361680,25800,27253,38,-12,1006,
2361685,25813,27253,38,-12,1006,
2361690,25823,27253,39,-12,1007,
2361695,25831,27253,39,-12,1008,
2361700,25838,27253,40,-14,1009,
2361705,25850,27246,40,-14,1009,
2361710,25862,27246,40,-14,1009,
2361715,25874,27246,40,-14,1009,
2361720,25881,27246,40,-14,1009,
2361725,25881,27246,40,-14,1005,
2361730,25889,27246,40,-14,994,
2361735,25889,27246,40,-14,982,
2361740,25898,27246,40,-14,963,
2361745,25898,27246,40,-14,931,
2361750,25898,27246,40,-14,889,
2361755,25906,27246,40,-14,837,
2361760,25906,27246,41,-12,772,
2361765,25906,27246,41,-12,688,
2361770,25915,27255,41,-12,575,
2361775,25915,27255,41,-12,421,
2361780,25915,27255,41,-12,189,
2361785,25915,27255,41,-12,0,
2361790,25890,27277,41,-12,0,
2361795,25849,27290,41,-12,0,
2361800,25783,27301,41,-12,0,
2361805,25699,27301,42,-12,0,
2361810,25600,27301,44,-12,0,
2361815,25500,27284,45,-13,0,
2361820,25403,27246,48,-13,0,
2361825,25309,27193,49,-14,0,
2361830,25221,27127,49,-14,0,
2361835,25142,27045,48,-15,0,
2361840,25076,26947,49,-17,0,
2361845,25025,26828,49,-17,0,
2361850,24982,26696,48,-17,0,
2361855,24945,26543,48,-17,0,
2361860,24909,26366,46,-17,0,
2361865,24873,26161,45,-15,0,
2361870,24834,25939,45,-15,0,
2361875,24794,25705,45,-15,0,
2361880,24757,25458,46,-17,0,
2361885,24720,25216,46,-17,0,
2361890,24687,24966,45,-17,0,
2361895,24655,24719,45,-16,0,
2361900,24621,24471,43,-14,0,
2361905,24584,24218,42,-12,0,
2361910,24551,23948,43,-9,0,
2361915,24523,23675,43,-7,0,
2361920,24496,23418,45,-4,0,
2361925,24469,23178,47,-3,0,
2361930,24441,22967,48,-3,0,
2361935,24412,22774,49,-2,0,
2361940,24386,22590,51,-2,0,
2361945,24364,22424,51,0,0,
2361950,24344,22269,52,0,0,
2361955,24324,22124,52,0,0,
2361960,24304,21996,54,1,0,
2361965,24283,21877,53,4,0,
2361970,24265,21775,55,7,0,
2361975,24247,21694,54,9,0,
2361980,24228,21629,55,11,0,
2361985,24206,21578,55,12,0,
2361990,24179,21541,55,12,0,
2361995,24151,21512,55,13,0,
2362000,24125,21493,54,16,0,
2362005,24106,21479,54,17,0,
2362010,24094,21472,54,19,0,
2362015,24085,21472,54,19,0,
2362020,24074,21464,54,19,0,
2362025,24060,21464,55,18,0,
2362030,24040,21464,54,17,0,
2362035,24021,21454,54,16,0,
2362040,24001,21444,55,13,0,
2362045,23977,21436,55,12,0,
2362050,23950,21427,56,9,0,
2362055,23917,21418,56,7,0,
2362060,23885,21407,57,7,0,
2362065,23855,21387,58,4,0,
2362070,23828,21366,58,2,0,
2362075,23804,21342,59,1,0,
2362080,23779,21319,59,0,0,
2362085,23756,21297,61,-2,0,
2362090,23735,21274,61,-3,0,
2362095,23719,21256,61,-3,0,
2362100,23710,21243,61,-3,0,
2362105,23710,21231,61,-3,0,
2362110,23710,21231,62,-2,0,
2362115,23710,21222,62,-2,0,
2362120,23710,21222,63,-2,0,
2362125,23710,21229,63,-1,0,
2362130,23718,21229,63,-1,0,
2362135,23718,21240,62,0,0,
2362140,23718,21240,62,0,0,
2362145,23718,21240,61,0,0,
2362150,23718,21240,61,0,0,
2362155,23718,21233,61,0,0,
2362160,23718,21233,59,0,0,
2362165,23709,21233,59,0,0,
2362170,23709,21233,58,0,0,
2362175,23709,21233,58,1,0,
2362180,23709,21226,58,1,0,
2362185,23718,21226,56,0,0,
2362190,23728,21226,56,0,0,
2362195,23739,21226,55,0,0,
2362200,23752,21226,55,1,0,
2362205,23766,21235,55,1,0,
2362210,23779,21235,54,1,0,
2362215,23794,21249,54,1,0,
2362220,23809,21249,52,2,0,
2362222,23809,21249,52,3,254,
2362227,23816,21256,51,3,215,
2362232,23816,21256,51,3,189,
2362237,23806,21267,49,3,263,
2362242,23806,21274,49,4,310,
2362247,23806,21274,49,4,331,
2362252,23814,21284,48,5,364,
2362257,23824,21294,48,5,404,
2362262,23841,21309,46,4,453,
2362267,23861,21330,46,4,467,
2362272,23880,21354,46,5,461,
2362277,23900,21379,45,6,483,
2362282,23919,21404,45,6,517,
2362287,23939,21433,44,6,547,
2362292,23961,21466,44,6,555,
2362297,23984,21500,44,6,586,
2362302,24007,21541,44,6,604,
2362307,24033,21589,44,6,633,
2362312,24061,21636,44,6,643,
2362317,24091,21686,44,6,650,
2362322,24121,21736,44,6,663,
2362327,24147,21780,43,7,677,
2362332,24173,21822,43,7,693,
2362337,24199,21869,43,7,710,
2362342,24226,21920,42,7,720,
2362347,24254,21971,42,7,728,
2362352,24280,22030,41,7,749,
2362357,24305,22086,41,7,757,
2362362,24328,22142,41,7,767,
2362367,24351,22201,41,7,775,
2362372,24379,22256,41,7,789,
2362377,24408,22315,41,6,805,
2362382,24436,22372,41,6,808,
2362387,24462,22434,41,6,811,
2362392,24486,22496,41,5,815,
2362397,24512,22553,41,5,837,
2362402,24541,22609,41,5,848,
2362407,24573,22659,41,3,850,
2362412,24602,22709,41,3,850,
2362417,24630,22765,41,3,864,
2362422,24660,22821,41,3,874,
2362427,24691,22882,41,3,873,
2362432,24726,22942,41,2,871,
2362437,24761,22999,41,2,890,
2362442,24798,23063,41,2,899,
2362447,24844,23126,40,2,903,
2362452,24895,23188,40,2,905,
2362457,24942,23252,38,1,899,
2362462,24986,23307,38,1,905,
2362467,25025,23367,38,1,908,
2362472,25060,23426,38,0,911,
2362477,25098,23485,38,0,912,
2362482,25135,23548,37,0,917,
2362487,25169,23612,37,0,914,
2362492,25200,23676,36,0,918,
2362497,25232,23733,36,0,927,
2362502,25260,23784,36,0,926,
2362507,25284,23827,36,0,937,
2362512,25312,23873,34,0,943,
2362517,25336,23924,34,0,941,
2362522,25363,23981,33,0,942,
2362527,25390,24046,33,0,948,
2362532,25419,24113,34,0,946,
2362537,25452,24184,34,0,951,
2362542,25488,24257,36,0,955,
2362547,25527,24332,36,0,958,
2362552,25566,24395,37,0,957,
2362557,25603,24452,37,-1,959,
2362562,25638,24510,38,-1,966,
2362567,25671,24565,38,-1,969,
2362572,25704,24624,40,-1,971,
2362577,25736,24683,40,-1,971,
2362582,25768,24737,41,-1,980,
2362587,25800,24792,41,-2,988,
2362592,25828,24846,42,-2,896,
2362597,25857,24904,42,-2,988,
2362602,25883,24961,44,-3,992,
2362607,25904,25003,44,-3,991,
2362612,25928,25037,44,-3,994,
2362617,25948,25066,44,-3,1000,
2362622,25969,25101,44,-4,1011,
2362627,25992,25143,44,-4,1012,
2362632,26014,25196,44,-4,1010,
2362637,26037,25245,42,-5,1009,
2362642,26058,25283,42,-5,1007,
2362647,26076,25313,41,-5,1011,
2362652,26092,25348,41,-5,1012,
2362657,26111,25391,41,-6,1012,
2362662,26132,25437,41,-6,1011,
2362667,26157,25486,41,-6,1012,
2362672,26184,25532,41,-7,1010,
2362677,26210,25568,41,-7,1009,
2362682,26230,25599,41,-7,1009,
2362687,26247,25625,42,-8,1011,
2362692,26260,25645,42,-8,1016,
2362697,26275,25671,42,-8,1017,
2362702,26293,25703,41,-10,1016,
2362707,26315,25742,41,-10,1023,
2362712,26338,25784,41,-10,1023,
2362717,26356,25822,41,-10,1023,
2362722,26373,25853,40,-10,1023,
2362727,26387,25877,40,-10,1023,
2362732,26401,25900,39,-9,1023,
2362737,26418,25922,39,-9,1023,
2362742,26434,25950,39,-9,1023,
2362747,26449,25984,39,-9,1023,
2362752,26469,26020,39,-9,1023,
2362757,26488,26056,38,-7,1023,
2362762,26509,26094,38,-7,1023,
2362767,26533,26133,38,-7,1023,
2362772,26555,26166,38,-7,1023,
2362777,26574,26205,38,-7,1023,
2362782,26594,26240,38,-7,1023,
2362787,26616,26271,38,-7,1023,
2362792,26636,26302,38,-7,1023,
2362797,26662,26335,38,-7,1023,
2362802,26683,26369,39,-9,1023,
2362807,26698,26400,39,-9,1023,
2362812,26710,26422,39,-9,1023,
2362817,26710,26434,38,-10,1023,
2362822,26724,26442,38,-10,1023,
2362827,26734,26450,38,-10,1023,
2362832,26744,26464,37,-10,1023,
2362837,26757,26481,37,-11,1023,
2362842,26768,26503,35,-11,1023,
2362847,26781,26522,35,-11,1023,
2362852,26795,26539,35,-12,1023,
2362857,26807,26554,35,-12,1023,
2362862,26820,26563,35,-12,1023,
2362867,26831,26576,35,-12,1023,
2362872,26844,26594,36,-14,1023,
2362877,26857,26610,36,-14,1023,
2362882,26870,26631,36,-14,1023,
2362887,26885,26649,36,-14,1023,
2362892,26901,26668,36,-14,1023,
2362897,26917,26693,36,-14,1023,
2362902,26935,26716,36,-14,1023,
2362907,26953,26741,35,-15,1023,
2362912,26967,26764,35,-15,1023,
2362917,26981,26781,35,-15,1023,
2362922,26993,26795,35,-15,1023,
2362927,27001,26810,35,-15,1023,
2362933,27009,26822,35,-15,1023,
2362938,27017,26831,35,-15,1023,
2362943,27017,26842,35,-15,1023,
2362948,27031,26851,35,-15,1023,
2362953,27042,26858,35,-15,1023,
2362958,27050,26872,35,-15,1023,
2362963,27058,26885,35,-15,1023,
2362968,27067,26898,33,-15,1023,
2362973,27067,26914,33,-15,1023,
2362978,27080,26922,32,-15,1023,
2362983,27088,26931,32,-15,1023,
2362988,27088,26939,32,-15,1023,
2362993,27096,26939,32,-15,1023,
2362998,27096,26953,33,-17,1023,
2363003,27096,26964,33,-17,1023,
2363008,27105,26975,33,-17,1023,
2363013,27115,26991,33,-17,1023,
2363018,27126,27011,33,-17,1023,
2363023,27135,27027,33,-17,1023,
2363028,27142,27039,33,-17,1023,
2363033,27142,27039,33,-17,1023,
2363038,27142,27047,33,-17,1023,
2363043,27142,27047,33,-17,1023,
2363048,27142,27047,33,-17,1023,
2363053,27142,27047,33,-17,1023,
2363058,27142,27047,33,-17,1023,
2363063,27142,27054,33,-17,1023,
2363068,27142,27054,33,-17,1023,
2363073,27142,27054,33,-17,1023,
2363078,27142,27054,33,-17,1023,
2363083,27142,27054,33,-17,1023,
2363088,27142,27054,33,-17,1023,
2363093,27142,27054,33,-17,1023,
2363098,27142,27054,33,-17,1023,
2363103,27134,27054,33,-17,1023,
2363108,27134,27054,33,-17,1023,
2363113,27125,27054,32,-18,1023,
2363118,27118,27054,32,-18,1023,
2363123,27109,27061,32,-18,1023,
2363128,27097,27061,32,-18,1023,
2363133,27087,27073,32,-18,1023,
2363138,27076,27073,32,-18,1023,
2363143,27064,27073,32,-18,1023,
2363148,27047,27082,32,-18,1023,
2363153,27027,27082,32,-18,1023,
2363158,27008,27091,32,-18,1023,
2363163,26987,27091,32,-18,1023,
2363168,26968,27099,32,-18,1023,
2363173,26947,27099,32,-18,1023,
2363178,26924,27115,34,-18,1023,
2363183,26900,27126,34,-18,1023,
2363188,26871,27137,35,-18,1023,
2363193,26842,27150,35,-18,1023,
2363198,26812,27164,35,-18,1023,
2363203,26781,27180,35,-18,1023,
2363208,26754,27194,35,-18,1023,
2363213,26730,27205,35,-18,1023,
2363218,26708,27212,35,-18,1023,
2363223,26688,27212,35,-18,1023,
2363228,26669,27212,37,-18,1023,
2363233,26649,27226,37,-18,1023,
2363238,26628,27234,37,-17,1023,
2363243,26605,27244,37,-17,1023,
2363248,26581,27253,37,-17,1023,
2363253,26558,27261,37,-17,1023,
2363258,26528,27270,37,-17,1023,
2363263,26496,27278,39,-17,1023,
2363268,26463,27278,39,-17,1023,
2363273,26429,27291,40,-17,1023,
2363278,26399,27291,40,-18,1023,
2363283,26370,27291,40,-18,1023,
2363288,26335,27301,40,-18,1023,
2363293,26294,27301,40,-18,1023,
2363298,26252,27314,40,-18,1023,
2363303,26211,27325,40,-18,1023,
2363308,26177,27333,40,-18,1023,
2363313,26146,27333,40,-18,1023,
2363318,26117,27343,40,-18,1023,
2363323,26087,27343,41,-18,1023,
2363328,26056,27353,41,-18,1023,
2363333,26033,27361,43,-18,1023,
2363338,26016,27368,43,-18,1023,
2363343,26000,27368,43,-18,1023,
2363348,25979,27368,43,-18,1023,
2363353,25951,27377,43,-18,1023,
2363358,25918,27386,43,-18,1023,
2363363,25889,27397,43,-18,1023,
2363368,25868,27397,43,-18,1023,
2363373,25847,27404,43,-18,1023,
2363378,25822,27404,43,-18,1023,
2363383,25786,27404,43,-18,1014,
2363388,25743,27416,44,-19,1004,
2363393,25702,27416,44,-19,1008,
2363398,25665,27416,46,-19,999,
2363403,25630,27416,46,-19,960,
2363408,25596,27416,46,-19,951,
2363413,25558,27416,46,-19,919,
2363418,25517,27423,46,-19,874,
2363423,25480,27423,46,-19,826,
2363428,25442,27437,46,-19,787,
2363433,25407,27444,47,-19,720,
2363438,25379,27451,47,-19,649,
2363443,25357,27451,48,-19,573,
2363448,25344,27459,48,-19,457,
2363453,25344,27459,48,-19,304,
2363458,25344,27468,48,-19,100,
2363463,25344,27468,48,-19,0,
2363468,25374,27491,50,-19,0,
2363473,25393,27509,50,-19,0,
2363478,25410,27528,52,-19,0,
2363483,25426,27547,52,-19,0,
2363488,25444,27564,53,-18,0,
2363493,25467,27579,55,-18,0,
2363498,25497,27595,56,-19,0,
2363503,25538,27608,57,-20,0,
2363508,25585,27616,58,-21,0,
2363513,25642,27616,59,-22,0,
2363518,25712,27608,62,-23,0,
2363523,25786,27586,63,-25,0,
2363528,25856,27554,65,-26,0,
2363533,25920,27511,66,-27,0,
2363538,25972,27460,69,-29,0,
2363543,26020,27401,69,-31,0,
2363548,26070,27333,71,-31,0,
2363553,26116,27256,73,-32,0,
2363558,26164,27183,74,-33,0,
2363563,26208,27104,74,-33,0,
2363568,26260,27026,76,-33,0,
2363573,26326,26950,76,-33,0,
2363578,26411,26869,75,-35,0,
2363583,26519,26795,75,-35,0,
2363588,26647,26720,73,-35,0,
2363593,26795,26660,70,-35,0,
2363598,26971,26612,69,-35,0,
2363603,27171,26579,66,-35,0,
2363608,27379,26562,65,-33,0,
2363613,27576,26543,66,-31,0,
2363618,27751,26528,67,-29,0,
2363623,27895,26508,66,-27,0,
2363628,28016,26485,66,-25,0,
2363633,28122,26461,66,-23,0,
2363638,28210,26440,65,-22,0,
2363643,28283,26428,65,-19,0,
2363648,28344,26428,63,-19,0,
2363653,28397,26441,64,-18,0,
2363658,28447,26459,63,-16,0,
2363663,28503,26478,63,-16,0,
2363668,28561,26496,63,-16,0,
2363673,28619,26504,63,-15,0,
2363678,28669,26511,64,-14,0,
2363683,28709,26511,64,-14,0,
2363688,28738,26511,63,-15,0,
2363693,28752,26511,61,-15,0,
2363698,28752,26511,59,-15,0,
2363703,28741,26493,56,-16,0,
2363708,28711,26473,54,-16,0,
2363713,28671,26445,53,-16,0,
2363718,28626,26414,51,-16,0,
2363723,28577,26377,52,-14,0,
2363728,28530,26335,52,-14,0,
2363733,28486,26291,52,-14,0,
2363738,28438,26248,52,-14,0,
2363743,28387,26207,52,-14,0,
2363748,28332,26170,52,-14,0,
2363753,28279,26139,52,-14,0,
2363758,28231,26101,52,-13,0,
2363763,28184,26059,52,-13,0,
2363768,28136,26015,54,-11,0,
2363773,28088,25970,54,-11,0,
2363778,28041,25926,54,-10,0,
2363783,27996,25886,56,-8,0,
2363788,27957,25848,56,-7,0,
2363793,27922,25813,57,-8,0,
2363798,27890,25781,59,-6,0,
2363803,27862,25749,59,-5,0,
2363808,27838,25720,60,-5,0,
2363813,27819,25695,60,-5,0,
2363818,27804,25675,62,-6,0,
2363823,27790,25657,62,-7,0,
2363828,27781,25637,63,-8,0,
2363833,27773,25617,63,-9,0,
2363838,27766,25596,62,-12,0,
2363843,27766,25580,65,-12,0,
2363848,27766,25564,65,-13,0,
2363853,27759,25546,66,-15,0,
2363858,27759,25527,66,-16,0,
2363863,27759,25508,65,-17,0,
2363868,27759,25486,65,-19,0,
2363873,27759,25463,64,-21,0,
2363878,27750,25436,65,-22,0,
2363883,27750,25405,64,-24,0,
2363888,27736,25370,64,-26,0,
2363893,27723,25332,64,-26,0,
2363898,27710,25288,64,-26,0,
2363903,27692,25235,64,-26,0,
2363908,27671,25175,64,-24,0,
2363913,27648,25105,64,-24,0,
2363918,27618,25029,66,-23,0,
2363923,27583,24950,66,-21,0,
2363928,27540,24866,67,-21,0,
2363933,27490,24774,67,-20,0,
2363938,27437,24672,68,-19,0,
2363943,27378,24562,68,-18,0,
2363948,27317,24443,68,-18,0,
2363953,27254,24318,67,-17,0,
2363958,27187,24185,64,-17,0,
2363963,27123,24044,63,-16,0,
2363968,27056,23898,61,-15,0,
2363973,26991,23744,60,-14,0,
2363978,26929,23586,59,-13,0,
2363983,26867,23423,58,-13,0,
2363988,26805,23253,55,-12,0,
2363993,26742,23076,54,-12,0,
2363998,26678,22899,52,-13,0,
2364003,26615,22721,51,-11,0,
2364008,26559,22538,49,-12,0,
2364013,26507,22356,48,-12,0,
2364018,26460,22174,47,-10,0,
2364023,26418,21998,46,-9,0,
2364028,26380,21829,44,-8,0,
2364033,26344,21679,45,-7,0,
2364038,26313,21539,46,-7,0,
2364043,26287,21414,48,-7,0,
2364048,26264,21310,48,-7,0,
2364053,26254,21220,49,-8,0,
2364058,26254,21156,49,-8,0,
2364063,26254,21111,50,-8,0,
2364068,26268,21080,50,-8,0,
2364073,26284,21080,52,-8,0,
2364078,26303,21080,52,-8,0,
2364083,26324,21110,52,-8,0,
2364088,26343,21160,52,-8,0,
2364093,26360,21216,52,-8,0,
2364098,26373,21283,51,-9,0,
2364103,26373,21360,52,-12,0,
2364108,26381,21443,52,-13,0,
2364113,26381,21539,52,-14,0,
2364118,26370,21644,52,-14,0,
2364123,26370,21749,52,-14,0,
2364128,26360,21857,52,-14,0,
2364133,26360,21966,52,-13,0,
2364138,26360,22075,52,-13,0,
2364143,26360,22196,52,-12,0,
2364148,26369,22324,52,-12,0,
2364153,26369,22456,52,-12,0,
2364158,26384,22591,52,-12,0,
2364163,26396,22729,52,-12,0,
2364168,26407,22870,52,-12,0,
2364173,26420,23011,52,-12,0,
2364178,26431,23160,52,-12,0,
2364183,26445,23305,52,-12,0,
2364188,26461,23448,53,-10,0,
2364193,26477,23589,53,-10,0,
2364198,26493,23723,51,-10,0,
2364203,26507,23853,51,-10,0,
2364208,26520,23978,49,-12,0,
2364213,26532,24103,49,-12,0,
2364218,26545,24227,49,-13,0,
2364223,26555,24348,49,-13,0,
2364228,26568,24465,49,-13,0,
2364233,26576,24583,49,-14,0,
2364238,26585,24700,49,-14,0,
2364243,26597,24816,49,-14,0,
2364248,26610,24936,49,-14,0,
2364253,26628,25056,47,-14,0,
2364258,26644,25177,47,-14,0,
2364263,26658,25299,46,-14,0,
2364268,26671,25416,45,-15,0,
2364273,26684,25525,45,-15,0,
2364278,26697,25626,46,-17,0,
2364283,26708,25720,46,-18,0,
2364288,26715,25809,46,-18,0,
2364293,26715,25893,44,-19,0,
2364298,26715,25971,45,-18,0,
2364303,26715,26041,43,-18,0,
2364308,26723,26103,43,-18,0,
2364313,26723,26159,43,-18,0,
2364318,26723,26209,43,-18,0,
2364323,26731,26258,43,-18,0,
2364328,26731,26302,43,-18,0,
2364333,26741,26344,43,-18,0,
2364338,26749,26382,43,-17,0,
2364343,26757,26415,43,-17,0,
2364348,26764,26446,43,-17,0,
2364353,26771,26475,44,-16,0,
2364358,26780,26497,44,-16,0,
2364363,26790,26515,44,-16,0,
2364368,26804,26529,44,-16,0,
2364373,26819,26539,44,-16,0,
2364378,26829,26553,43,-17,0,
2364383,26840,26566,43,-17,0,
2364388,26851,26579,42,-17,0,
2364393,26862,26591,41,-18,0,
2364398,26877,26600,40,-18,0,
2364403,26891,26610,40,-18,0,
2364408,26903,26622,41,-20,0,
2364413,26914,26641,41,-20,0,
2364418,26925,26665,41,-20,0,
2364423,26939,26692,41,-20,0,
2364428,26954,26723,40,-21,0,
2364433,26970,26753,40,-21,0,
2364438,26986,26784,40,-21,0,
2364443,26999,26817,40,-21,0,
2364448,27012,26844,40,-21,0,
2364453,27025,26866,40,-21,0,
2364458,27039,26880,41,-22,0,
2364463,27052,26887,41,-22,0,
2364468,27060,26887,41,-22,0,
2364473,27060,26887,39,-22,0,
2364478,27060,26877,39,-22,0,
2364483,27060,26857,37,-24,0,
2364488,27050,26827,37,-24,0,
2364493,27050,26788,37,-24,0,
2364498,27034,26740,37,-24,0,
2364503,27020,26683,37,-24,0,
2364508,27007,26614,37,-25,0,
2364513,26992,26528,37,-25,0,
2364518,26980,26425,37,-24,0,
2364523,26965,26303,37,-24,0,
2364528,26946,26160,37,-24,0,
2364533,26924,25997,38,-22,0,
2364538,26895,25810,38,-22,0,
2364543,26864,25602,38,-22,0,
2364548,26830,25371,38,-22,0,
2364553,26786,25124,38,-22,0,
2364558,26732,24861,38,-21,0,
2364563,26668,24579,39,-20,0,
2364568,26591,24281,40,-18,0,
2364573,26510,23958,40,-17,0,
2364578,26421,23622,41,-15,0,
2364583,26324,23277,42,-13,0,
2364588,26218,22925,43,-13,0,
2364593,26101,22562,45,-12,0,
2364598,25979,22174,47,-10,0,
2364603,25854,21764,47,-8,0,
2364608,25734,21331,50,-7,0,
2364613,25615,20892,53,-5,0,
2364618,25496,20447,56,-4,0,
2364623,25377,19990,59,-3,0,
2364628,25262,19534,61,-1,0,
2364633,25159,19078,61,0,0,
2364638,25070,18630,61,0,0,
2364643,24999,18193,59,1,0,
2364648,24938,17767,59,2,0,
2364653,24885,17347,58,3,0,
2364658,24840,16945,58,3,0,
2364663,24797,16562,56,2,0,
2364668,24760,16191,56,4,0,
2364673,24725,15835,55,6,0,
2364678,24692,15491,53,6,0,
2364683,24662,15160,52,8,0,
2364688,24637,14845,49,8,0,
2364693,24619,14553,46,8,0,
2364698,24607,14281,43,8,0,
2364703,24600,14035,41,10,0,
2364708,24600,13814,40,10,0,
2364713,24600,13617,40,11,0,
2364718,24612,13442,41,12,0,
2364723,24633,13287,40,14,0,
2364728,24660,13154,40,14,0,
2364733,24691,13042,40,14,0,
2364738,24715,12949,40,14,0,
2364743,24733,12874,41,12,0,
2364748,24744,12813,41,12,0,
2364753,24755,12766,41,11,0,
2364758,24768,12733,41,10,0,
2364763,24778,12715,41,10,0,
2364768,24787,12715,41,10,0,
2364773,24796,12715,42,8,0,
2364778,24796,12715,42,8,0,
2364783,24807,12735,42,8,0,
2364788,24807,12753,41,7,0,
2364793,24807,12771,41,6,0,
2364798,24807,12786,41,3,0,
2364803,24789,12795,41,2,0,
2364808,24775,12795,41,2,0,
2364813,24761,12795,41,1,0,
2364818,24743,12795,41,2,0,
2364823,24726,12777,41,2,0,
2364828,24709,12758,41,2,0,
2364833,24687,12738,41,2,0,
2364838,24665,12717,41,2,0,
2364843,24641,12697,41,2,0,
2364848,24615,12677,41,2,0,
2364853,24591,12659,41,2,0,
2364858,24565,12640,41,2,0,
2364863,24537,12621,41,2,0,
2364868,24511,12599,41,2,0,
2364873,24487,12578,41,2,0,
2364878,24465,12552,42,3,0,
2364883,24447,12524,42,3,0,
2364888,24431,12496,44,3,0,
2364893,24417,12469,44,4,0,
2364898,24404,12441,44,4,0,
2364903,24393,12417,44,4,0,
2364908,24384,12392,44,4,0,
2364913,24377,12368,44,6,0,
2364918,24370,12349,44,6,0,
2364923,24370,12331,44,6,0,
2364928,24356,12312,43,7,0,
2364933,24348,12294,43,7,0,
2364938,24348,12280,43,7,0,
2364943,24340,12267,43,8,0,
2364948,24340,12267,43,8,0,
2364953,24340,12255,43,8,0,
2364958,24340,12255,43,8,0,
2364963,24340,12255,43,8,0,
2364968,24340,12248,44,10,0,
2364973,24340,12248,44,10,0,
2364978,24340,12237,44,10,0,
2364983,24340,12237,44,10,0,
2364988,24340,12227,44,10,0,
2364993,24340,12227,44,11,0,
2364998,24330,12227,44,11,0,
2365003,24330,12214,44,11,0,
2365008,24319,12205,44,11,0,
2365013,24311,12193,44,11,0,
2365018,24300,12181,44,11,0,
2365023,24286,12169,44,11,0,
2365028,24272,12156,44,11,0,
2365033,24259,12143,44,11,0,
2365038,24245,12128,44,11,0,
2365043,24231,12116,44,11,0,
2365048,24218,12105,44,11,0,
2365053,24206,12098,44,11,0,
2365058,24198,12098,44,11,0,
2365063,24198,12090,44,11,0,
2365068,24198,12090,44,11,0,
2365073,24189,12090,44,11,0,
2365078,24189,12090,44,11,0,
2365083,24182,12090,44,11,0,
2365088,24182,12099,44,11,0,
2365093,24182,12099,44,11,0,
2365098,24182,12099,44,11,0,
2365103,24182,12107,44,11,0,
2365108,24182,12107,44,11,0,
2365113,24182,12116,44,11,0,
2365122,24182,12116,44,11,13,
2365127,24182,12116,44,11,17,
2365132,24182,12116,44,11,49,
2365137,24182,12116,44,11,96,
2365142,24182,12116,44,11,133,
2365147,24182,12116,44,11,165,
2365152,24182,12116,44,11,201,
2365157,24182,12123,44,11,230,
2365162,24191,12123,44,11,242,
2365167,24199,12136,44,11,262,
2365172,24208,12147,44,11,302,
2365177,24216,12159,44,11,342,
2365182,24228,12172,44,11,369,
2365187,24246,12183,44,11,399,
2365192,24266,12191,44,11,416,
2365197,24288,12202,44,11,455,
2365202,24311,12218,44,11,499,
2365207,24333,12239,42,11,507,
2365212,24357,12262,42,11,521,
2365217,24383,12281,41,11,526,
2365222,24410,12297,41,11,539,
2365227,24439,12314,41,11,568,
2365232,24470,12339,41,10,586,
2365237,24501,12369,41,10,590,
2365242,24533,12402,41,10,599,
2365247,24568,12435,41,10,609,
2365252,24602,12466,41,10,613,
2365257,24639,12501,41,10,626,
2365262,24674,12537,41,10,638,
2365267,24709,12575,42,8,639,
2365272,24743,12616,42,8,659,
2365277,24783,12653,42,8,670,
2365282,24828,12692,42,8,673,
2365287,24879,12735,41,7,688,
2365292,24934,12781,41,7,699,
2365297,24986,12831,39,7,700,
2365302,25040,12883,39,6,707,
2365307,25096,12935,38,6,723,
2365312,25156,12984,38,6,723,
2365317,25218,13040,38,6,732,
2365322,25282,13101,38,4,732,
2365327,25341,13167,38,4,738,
2365332,25401,13234,38,4,746,
2365337,25464,13293,38,4,754,
2365342,25527,13345,38,6,757,
2365347,25591,13396,38,6,769,
2365352,25648,13448,38,6,772,
2365357,25700,13504,38,6,773,
2365362,25751,13553,39,6,778,
2365367,25799,13596,39,6,778,
2365372,25848,13637,41,6,785,
2365377,25892,13678,41,6,797,
2365382,25934,13723,41,6,796,
2365387,25977,13766,41,6,804,
2365392,26022,13808,41,6,813,
2365397,26066,13844,41,6,812,
2365402,26109,13876,42,5,809,
2365407,26148,13912,42,5,816,
2365412,26184,13948,44,6,827,
2365417,26219,13984,42,5,826,
2365422,26253,14022,42,5,828,
2365427,26292,14055,41,6,841,
2365432,26334,14090,41,5,845,
2365437,26376,14126,41,5,843,
2365442,26416,14164,41,5,840,
2365447,26450,14201,41,5,847,
2365452,26486,14235,41,5,850,
2365457,26522,14271,41,5,850,
2365462,26561,14305,41,5,850,
2365467,26604,14338,41,5,851,
2365472,26644,14370,41,3,851,
2365477,26684,14407,41,3,855,
2365482,26726,14448,40,3,856,
2365487,26766,14488,40,3,854,
2365492,26811,14531,38,4,858,
2365497,26855,14568,38,4,863,
2365502,26896,14601,38,4,861,
2365507,26934,14637,38,2,865,
2365512,26975,14673,38,2,868,
2365517,27018,14711,38,2,868,
2365522,27064,14749,38,2,868,
2365527,27113,14784,38,2,868,
2365532,27158,14815,37,1,863,
2365537,27196,14841,37,1,866,
2365542,27236,14875,36,1,874,
2365547,27278,14909,36,1,877,
2365552,27321,14944,36,1,874,
2365557,27371,14981,36,0,876,
2365562,27420,15015,34,0,878,
2365567,27464,15049,34,0,879,
2365572,27512,15080,34,0,880,
2365577,27554,15107,34,0,877,
2365582,27595,15133,36,0,883,
2365587,27640,15157,36,0,894,
2365592,27680,15184,36,0,897,
2365597,27725,15215,36,0,897,
2365602,27769,15244,37,0,896,
2365607,27806,15273,37,-1,891,
2365612,27842,15303,38,0,893,
2365617,27876,15332,38,0,896,
2365622,27914,15363,38,0,897,
2365627,27956,15393,38,0,894,
2365632,28001,15423,40,0,895,
2365637,28044,15449,40,0,894,
2365642,28085,15475,41,0,896,
2365647,28126,15500,41,0,894,
2365652,28164,15524,41,0,891,
2365657,28203,15549,41,0,894,
2365662,28238,15572,41,1,896,
2365667,28274,15596,40,1,896,
2365672,28310,15621,40,1,897,
2365677,28348,15647,38,2,897,
2365682,28384,15669,38,2,897,
2365687,28416,15692,38,2,897,
2365692,28443,15713,38,2,896,
2365697,28467,15731,38,2,898,
2365702,28492,15749,38,2,902,
2365707,28513,15764,38,1,898,
2365712,28532,15775,37,1,897,
2365717,28543,15784,37,1,899,
2365723,28543,15784,36,1,902,
2365728,28552,15791,36,1,902,
2365733,28552,15791,36,1,903,
2365738,28552,15791,36,1,903,
2365743,28552,15791,36,1,899,
2365748,28552,15791,36,1,871,
2365753,28552,15791,36,1,820,
2365758,28552,15791,36,1,747,
2365763,28544,15791,36,1,640,
2365768,28544,15781,36,1,474,
2365773,28531,15781,36,1,220,
2365778,28531,15781,36,1,0,
2365783,28495,15768,36,1,0,
2365788,28459,15768,37,1,0,
2365793,28413,15785,37,1,0,
2365798,28359,15817,38,2,0,
2365803,28309,15865,38,2,0,
2365808,28266,15933,38,4,0,
2365813,28229,16014,40,3,0,
2365818,28203,16111,41,3,0,
2365823,28194,16217,42,5,0,
2365828,28207,16332,45,4,0,
2365833,28242,16466,46,4,0,
2365838,28294,16612,49,3,0,
2365843,28353,16768,51,3,0,
2365848,28409,16933,52,2,0,
2365853,28461,17096,55,0,0,
2365858,28510,17270,56,0,0,
2365863,28560,17444,58,0,0,
2365868,28607,17626,59,0,0,
2365873,28656,17809,59,0,0,
2365878,28702,17989,61,1,0,
2365883,28748,18182,61,0,0,
2365888,28797,18374,61,0,0,
2365893,28847,18568,61,0,0,
2365898,28898,18766,61,-1,0,
2365903,28944,18968,59,-2,0,
2365908,28984,19187,58,-3,0,
2365913,29015,19419,56,-4,0,
2365918,29039,19654,55,-4,0,
2365923,29059,19884,52,-4,0,
2365928,29071,20098,51,-2,0,
2365933,29071,20311,49,0,0,
2365938,29071,20523,48,0,0,
2365943,29057,20736,47,0,0,
2365948,29040,20954,45,-2,0,
2365953,29023,21171,44,-4,0,
2365958,29000,21395,43,-7,0,
2365963,28969,21627,43,-8,0,
2365968,28935,21857,43,-9,0,
2365973,28899,22080,42,-7,0,
2365978,28862,22283,42,-5,0,
2365983,28825,22472,42,-5,0,
2365988,28794,22655,42,-3,0,
2365993,28757,22843,44,-3,0,
2365998,28720,23036,44,-3,0,
2366003,28685,23227,44,-6,0,
2366008,28644,23426,45,-7,0,
2366013,28607,23617,44,-8,0,
2366018,28569,23802,46,-8,0,
2366023,28528,23989,46,-7,0,
2366028,28487,24165,48,-7,0,
2366033,28444,24332,48,-5,0,
2366038,28403,24492,49,-6,0,
2366043,28362,24643,49,-6,0,
2366048,28317,24796,49,-6,0,
2366053,28273,24948,50,-7,0,
2366058,28227,25102,50,-8,0,
2366063,28184,25252,51,-9,0,
2366068,28146,25390,53,-10,0,
2366073,28114,25522,54,-11,0,
2366078,28082,25649,54,-11,0,
2366083,28050,25762,54,-10,0,
2366088,28020,25871,54,-10,0,
2366093,27990,25968,56,-9,0,
2366098,27963,26049,56,-8,0,
2366103,27934,26125,57,-10,0,
2366108,27904,26187,57,-10,0,
2366113,27876,26236,57,-10,0,
2366118,27845,26278,58,-10,0,
2366123,27815,26310,58,-10,0,
2366128,27791,26330,60,-8,0,
2366133,27767,26344,60,-8,0,
2366138,27745,26355,60,-8,0,
2366143,27729,26362,62,-7,0,
2366148,27715,26372,62,-6,0,
2366153,27706,26383,63,-5,0,
2366158,27706,26390,63,-5,0,
2366163,27706,26390,63,-4,0,
2366168,27706,26403,63,-5,0,
2366173,27699,26417,63,-5,0,
2366178,27699,26431,63,-6,0,
2366183,27699,26445,63,-6,0,
2366188,27692,26463,63,-6,0,
2366193,27692,26479,63,-7,0,
2366198,27684,26501,63,-7,0,
2366203,27684,26530,63,-7,0,
2366208,27672,26560,63,-8,0,
2366213,27672,26593,63,-8,0,
2366218,27665,26630,63,-8,0,
2366223,27658,26668,63,-9,0,
2366228,27649,26705,63,-9,0,
2366233,27637,26742,62,-11,0,
2366238,27622,26779,62,-11,0,
2366243,27606,26812,62,-12,0,
2366248,27591,26844,62,-12,0,
2366253,27575,26871,65,-12,0,
2366258,27556,26897,65,-12,0,
2366263,27540,26920,66,-14,0,
2366268,27523,26940,66,-14,0,
2366273,27505,26960,66,-15,0,
2366278,27489,26977,66,-15,0,
2366283,27466,26996,66,-16,0,
2366288,27440,27014,67,-15,0,
2366293,27415,27032,67,-15,0,
2366298,27391,27047,67,-16,0,
2366303,27372,27056,66,-16,0,
2366308,27358,27056,64,-17,0,
2366313,27350,27063,61,-17,0,
2366318,27350,27063,58,-17,0,
2366323,27350,27063,57,-19,0,
2366328,27350,27054,54,-19,0,
2366333,27350,27054,53,-20,0,
2366338,27350,27040,50,-20,0,
2366343,27350,27029,46,-20,0,
2366348,27350,27019,45,-21,0,
2366353,27357,27010,43,-21,0,
2366358,27357,27002,40,-21,0,
2366363,27367,27002,38,-21,0,
2366368,27374,26988,36,-22,0,
2366373,27381,26980,33,-21,0,
2366378,27381,26972,32,-21,0,
2366383,27389,26963,32,-21,0,
2366388,27389,26955,32,-21,0,
2366393,27389,26946,32,-21,0,
2366398,27389,26936,32,-21,0,
2366403,27389,26926,32,-21,0,
2366408,27389,26919,32,-21,0,
2366413,27389,26919,32,-21,0,
2366418,27389,26919,32,-21,0,
2366423,27389,26919,32,-21,0,
2366428,27389,26919,32,-21,0,
2366433,27389,26919,32,-21,0,
2366438,27389,26919,32,-21,0,
2366443,27389,26931,32,-21,0,
2366448,27389,26938,32,-21,0,
2366453,27377,26947,32,-21,0,
2366458,27377,26955,32,-21,0,
2366463,27377,26962,32,-21,0,
2366468,27377,26969,32,-21,0,
2366473,27370,26969,32,-21,0,
2366478,27370,26969,32,-21,0,
2366483,27362,26969,32,-21,0,
2366488,27362,26969,32,-21,0,
2366493,27351,26969,32,-21,0,
2366498,27351,26969,32,-21,0,
2366503,27338,26969,32,-21,0,
2366508,27330,26969,32,-21,0,
2366513,27330,26958,32,-21,0,
2366518,27319,26950,32,-19,0,
2366523,27319,26950,32,-19,0,
2366528,27312,26938,32,-19,0,
2366533,27312,26938,32,-19,0,
2366538,27303,26938,32,-19,0,
2366543,27303,26929,32,-19,0,
2366548,27303,26929,32,-19,0,
2366553,27303,26929,32,-19,0,
2366558,27303,26937,32,-19,0,
2366563,27311,26946,32,-19,0,
2366568,27311,26954,32,-19,0,
2366573,27311,26962,32,-18,0,
2366578,27311,26969,32,-18,0,
2366583,27311,26969,32,-18,0,
2366588,27311,26977,32,-18,0,
2366593,27311,26977,32,-18,0,
2366598,27311,26977,32,-18,0,
2366603,27311,26977,32,-18,0,
2366608,27311,26977,32,-18,0,
2366610,27311,26977,32,-18,3,
2366615,27300,26968,32,-18,30,
2366620,27300,26955,33,-17,70,
2366625,27300,26947,33,-17,98,
2366630,27293,26947,33,-17,121,
2366635,27293,26938,33,-17,147,
2366640,27293,26938,33,-17,170,
2366645,27293,26938,33,-17,197,
2366650,27293,26931,33,-17,224,
2366655,27293,26931,33,-16,253,
2366660,27293,26921,33,-16,279,
2366665,27293,26921,35,-16,300,
2366670,27303,26913,35,-16,321,
2366675,27303,26913,35,-16,340,
2366680,27314,26901,35,-16,362,
2366685,27314,26893,35,-16,381,
2366690,27314,26886,35,-16,396,
2366695,27314,26879,35,-16,404,
2366700,27321,26870,35,-16,414,
2366705,27321,26862,35,-16,424,
2366710,27321,26852,35,-16,433,
2366715,27321,26841,35,-15,448,
2366720,27329,26829,35,-15,462,
2366725,27329,26817,35,-15,468,
2366730,27329,26806,35,-15,469,
2366735,27338,26796,35,-15,473,
2366740,27338,26783,35,-15,482,
2366745,27347,26768,35,-15,492,
2366750,27347,26749,35,-15,501,
2366755,27355,26728,35,-15,523,
2366760,27355,26703,35,-15,548,
2366765,27370,26676,35,-15,553,
2366770,27379,26652,35,-15,562,
2366775,27386,26623,35,-15,583,
2366780,27393,26592,35,-15,602,
2366785,27402,26556,35,-15,612,
2366790,27411,26516,35,-15,618,
2366795,27423,26478,35,-15,618,
2366800,27435,26445,35,-15,626,
2366805,27444,26415,35,-15,641,
2366810,27453,26383,35,-15,643,
2366815,27464,26342,35,-15,653,
2366820,27476,26298,36,-14,669,
2366825,27488,26253,37,-14,681,
2366830,27499,26207,37,-14,688,
2366835,27508,26171,39,-14,695,
2366840,27517,26132,39,-12,703,
2366845,27530,26089,39,-12,711,
2366850,27545,26040,41,-12,726,
2366855,27558,25990,41,-11,733,
2366860,27567,25945,42,-11,734,
2366865,27567,25903,42,-11,740,
2366870,27577,25860,44,-10,745,
2366875,27577,25806,44,-10,759,
2366880,27588,25754,44,-8,772,
2366885,27588,25699,44,-8,774,
2366890,27599,25648,46,-8,777,
2366895,27599,25601,46,-8,791,
2366900,27610,25550,46,-8,802,
2366905,27610,25497,46,-8,799,
2366910,27617,25446,46,-8,806,
2366915,27617,25394,46,-8,819,
2366920,27627,25339,46,-8,823,
2366925,27636,25283,46,-8,828,
2366930,27646,25221,47,-10,830,
2366935,27656,25161,47,-10,843,
2366940,27666,25103,47,-10,847,
2366945,27675,25043,47,-10,845,
2366950,27682,24987,47,-10,848,
2366955,27682,24930,47,-10,856,
2366960,27693,24873,47,-10,870,
2366965,27702,24817,47,-10,872,
2366970,27714,24760,47,-10,869,
2366975,27724,24706,47,-10,877,
2366980,27732,24643,46,-8,879,
2366985,27740,24580,46,-8,886,
2366990,27740,24518,46,-8,885,
2366995,27750,24446,46,-8,889,
2367000,27761,24375,46,-8,908,
2367005,27769,24306,46,-7,902,
2367010,27779,24240,46,-7,901,
2367015,27787,24178,46,-7,903,
2367020,27787,24116,45,-7,925,
2367025,27804,24043,45,-7,921,
2367030,27818,23968,43,-7,917,
2367035,27831,23893,44,-6,919,
2367040,27843,23815,44,-6,921,
2367045,27843,23738,44,-6,925,
2367050,27855,23662,44,-6,929,
2367055,27864,23581,44,-6,930,
2367060,27876,23502,44,-6,933,
2367065,27887,23426,44,-6,931,
2367070,27895,23341,44,-6,940,
2367075,27906,23255,44,-6,939,
2367080,27917,23171,44,-6,943,
2367085,27933,23085,44,-6,945,
2367090,27951,22994,44,-4,944,
2367095,27967,22903,44,-4,947,
2367100,27978,22811,44,-4,948,
2367105,27985,22718,44,-4,945,
2367110,27985,22626,44,-4,943,
2367115,27985,22525,44,-4,949,
2367120,27997,22426,44,-4,956,
2367125,28008,22327,44,-4,954,
2367130,28023,22228,44,-4,946,
2367135,28034,22137,44,-4,955,
2367140,28043,22036,44,-3,958,
2367145,28055,21929,44,-3,964,
2367150,28067,21827,44,-3,961,
2367155,28079,21720,44,-2,960,
2367160,28091,21611,44,-2,966,
2367165,28101,21507,44,-2,974,
2367170,28113,21398,42,-2,971,
2367175,28127,21292,42,-2,974,
2367180,28140,21185,41,-2,978,
2367185,28155,21074,41,-2,977,
2367190,28168,20969,41,-2,974,
2367195,28177,20865,41,-2,979,
2367200,28177,20761,41,-1,974,
2367205,28189,20657,41,-1,974,
2367210,28189,20549,41,-1,983,
2367215,28204,20440,41,-1,983,
2367220,28219,20331,41,-1,989,
2367225,28230,20223,41,-1,990,
2367230,28240,20117,41,-1,987,
2367235,28249,20011,41,-1,989,
2367240,28249,19904,41,0,999,
2367245,28265,19796,41,0,1000,
2367250,28275,19688,41,0,993,
2367255,28283,19579,41,0,995,
2367260,28292,19472,41,0,1006,
2367265,28300,19365,41,0,1005,
2367270,28307,19262,41,0,996,
2367275,28315,19157,41,0,999,
2367280,28323,19051,41,0,1004,
2367285,28331,18942,41,0,1009,
2367290,28331,18837,41,0,1009,
2367295,28343,18729,40,0,1003,
2367300,28350,18620,40,0,1005,
2367305,28350,18520,38,0,1023,
2367310,28360,18412,38,0,1017,
2367315,28370,18310,38,0,1016,
2367320,28377,18222,38,0,1023,
2367325,28386,18128,38,0,1010,
2367331,28386,18031,38,0,1023,
2367336,28397,17944,38,0,1023,
2367341,28405,17854,38,0,1023,
2367346,28420,17761,38,0,1020,
2367351,28434,17672,38,0,1023,
2367356,28444,17583,38,0,1023,
2367361,28452,17495,38,0,1023,
2367366,28459,17415,38,1,1023,
2367371,28466,17338,38,1,1023,
2367376,28466,17259,38,1,1023,
2367381,28478,17182,38,1,1023,
2367386,28485,17107,38,1,1023,
2367391,28493,17040,38,1,1023,
2367396,28493,16979,38,1,1023,
2367401,28493,16919,38,1,1023,
2367406,28504,16856,38,1,1023,
2367411,28511,16783,38,1,1023,
2367416,28521,16715,38,1,1023,
2367421,28530,16660,38,1,1023,
2367426,28530,16612,38,0,1023,
2367431,28537,16573,38,0,1023,
2367436,28537,16537,38,0,1023,
2367441,28544,16498,38,0,1023,
2367446,28552,16455,38,0,1023,
2367451,28552,16415,38,0,1023,
2367456,28560,16382,38,0,1023,
2367461,28560,16355,38,0,1023,
2367466,28568,16338,38,0,1023,
2367471,28568,16323,38,0,1023,
2367476,28568,16301,38,0,1023,
2367481,28568,16281,38,0,1023,
2367486,28576,16268,38,0,1023,
2367491,28576,16268,38,0,1023,
2367496,28576,16261,38,0,1023,
2367501,28576,16261,38,0,1023,
2367506,28576,16261,38,0,1023,
2367511,28576,16253,38,0,1023,
2367516,28576,16253,38,0,1023,
2367521,28576,16253,38,0,1023,
2367526,28576,16253,38,0,1023,
2367531,28576,16253,38,0,1023,
2367536,28576,16253,38,0,1023,
2367541,28576,16244,38,0,1023,
2367546,28576,16244,38,0,1023,
2367551,28576,16227,38,1,1023,
2367556,28576,16210,38,1,1023,
2367561,28584,16190,38,1,1023,
2367566,28584,16166,38,1,1023,
2367571,28584,16140,38,1,1023,
2367576,28595,16112,38,1,1023,
2367581,28595,16087,38,1,1023,
2367586,28606,16064,38,1,1023,
2367591,28606,16045,38,1,1023,
2367596,28606,16032,38,1,1023,
2367601,28613,16020,38,1,1023,
2367606,28613,16011,38,1,1023,
2367611,28613,16011,38,1,1023,
2367616,28613,15998,38,1,1023,
2367621,28621,15991,38,1,1023,
2367626,28621,15991,38,1,1023,
2367631,28621,15991,38,1,1023,
2367636,28621,15991,38,1,1023,
2367641,28621,15984,38,1,1023,
2367646,28621,15984,38,1,1023,
2367651,28621,15976,38,1,1023,
2367656,28621,15976,38,1,1023,
2367661,28621,15964,38,1,1023,
2367666,28621,15957,38,2,1023,
2367671,28621,15957,38,2,1023,
2367676,28621,15945,38,2,1023,
2367681,28621,15945,38,2,1023,
2367686,28621,15933,38,2,1023,
2367691,28621,15926,38,2,1023,
2367696,28621,15919,38,2,1023,
2367701,28628,15919,38,2,1023,
2367706,28628,15907,38,2,1023,
2367711,28628,15907,38,2,1023,
2367716,28628,15896,38,2,1023,
2367721,28628,15896,38,2,1023,
2367726,28628,15882,38,4,1023,
2367731,28628,15869,38,4,1023,
2367736,28628,15851,38,4,1023,
2367741,28639,15832,38,4,1023,
2367746,28639,15818,38,4,1023,
2367751,28639,15808,38,4,1023,
2367756,28639,15808,38,4,1023,
2367761,28639,15797,38,4,1023,
2367766,28639,15787,38,4,1023,
2367771,28639,15776,38,4,1023,
2367776,28639,15763,38,4,1023,
2367781,28639,15751,38,4,1023,
2367786,28639,15739,38,4,1023,
2367791,28647,15725,38,4,1023,
2367796,28647,15710,38,4,1023,
2367801,28647,15696,38,4,1023,
2367806,28647,15687,38,4,1023,
2367811,28647,15687,38,4,1023,
2367816,28647,15687,38,4,1023,
2367821,28647,15687,38,4,1009,
2367826,28647,15687,38,6,986,
2367831,28655,15687,38,6,958,
2367836,28655,15680,38,6,924,
2367841,28655,15680,38,6,885,
2367846,28655,15680,38,6,837,
2367851,28655,15680,38,6,781,
2367856,28655,15680,38,6,713,
2367861,28655,15680,38,6,625,
2367866,28655,15680,38,7,500,
2367871,28655,15680,38,7,329,
2367876,28640,15680,38,7,67,
2367881,28640,15680,38,7,0,
2367886,28590,15673,38,7,0,
2367891,28547,15691,38,7,0,
2367896,28494,15719,38,7,0,
2367901,28436,15762,38,7,0,
2367906,28380,15818,40,8,0,
2367911,28327,15879,40,8,0,
2367916,28278,15943,41,10,0,
2367921,28240,16009,43,9,0,
2367926,28212,16082,44,10,0,
2367931,28196,16154,47,10,0,
2367936,28196,16226,48,11,0,
2367941,28216,16292,51,10,0,
2367946,28247,16348,54,10,0,
2367951,28282,16401,57,9,0,
2367956,28322,16445,61,8,0,
2367961,28322,16445,61,8,0,
