2390702,17279,21816,82,13,0,
2390707,17279,21816,82,13,0,
2390712,17279,21816,82,13,0,
2390717,17279,21816,82,13,0,
2390722,17279,21816,82,13,0,
2390727,17279,21816,82,13,0,
2390732,17279,21824,82,13,0,
2390737,17279,21831,82,13,0,
2390742,17279,21841,82,13,0,
2390747,17279,21848,82,13,0,
2390752,17279,21856,80,12,0,
2390757,17272,21863,80,12,0,
2390762,17272,21871,80,12,0,
2390767,17262,21879,80,12,0,
2390772,17262,21889,82,11,0,
2390777,17254,21899,82,11,0,
2390782,17254,21910,82,11,0,
2390787,17254,21923,82,11,0,
2390792,17254,21935,82,11,0,
2390797,17254,21950,82,11,0,
2390802,17254,21969,82,11,0,
2390807,17254,21992,82,11,0,
2390812,17254,22017,82,11,0,
2390817,17254,22046,82,10,0,
2390822,17254,22078,82,10,0,
2390827,17254,22110,82,10,0,
2390832,17254,22143,82,8,0,
2390837,17254,22174,82,8,0,
2390842,17254,22202,82,8,0,
2390847,17263,22232,82,8,0,
2390852,17263,22261,83,7,0,
2390857,17272,22290,83,7,0,
2390862,17272,22316,83,7,0,
2390867,17272,22343,83,5,0,
2390872,17272,22370,83,4,0,
2390877,17281,22394,83,4,0,
2390882,17281,22420,83,4,0,
2390887,17281,22438,83,2,0,
2390892,17281,22455,83,2,0,
2390897,17281,22473,83,2,0,
2390902,17290,22484,83,2,0,
2390907,17297,22499,83,1,0,
2390912,17297,22508,83,1,0,
2390917,17307,22508,83,1,0,
2390922,17307,22518,83,1,0,
2390927,17314,22518,83,0,0,
2390932,17314,22518,83,0,0,
2390937,17314,22518,83,0,0,
2390942,17322,22518,83,0,0,
2390947,17322,22518,83,0,0,
2390952,17334,22518,83,0,0,
2390957,17343,22518,83,0,0,
2390962,17354,22531,83,0,0,
2390967,17366,22542,83,0,0,
2390972,17381,22550,83,0,0,
2390977,17393,22559,83,0,0,
2390982,17406,22569,83,0,0,
2390987,17416,22580,81,0,0,
2390992,17416,22599,81,0,0,
2390997,17429,22618,80,0,0,
2391002,17438,22638,80,0,0,
2391007,17446,22658,79,0,0,
2391012,17455,22678,79,0,0,
2391017,17464,22698,77,-1,0,
2391022,17471,22718,76,-1,0,
2391027,17478,22737,76,-1,0,
2391032,17486,22755,74,-1,0,
2391037,17486,22772,73,-1,0,
2391042,17495,22789,73,-2,0,
2391047,17495,22805,72,-2,0,
2391052,17495,22820,70,-2,0,
2391057,17503,22834,70,-2,0,
2391062,17503,22846,69,-3,0,
2391067,17511,22854,69,-3,0,
2391072,17511,22862,69,-3,0,
2391077,17511,22869,69,-3,0,
2391082,17511,22869,67,-3,0,
2391087,17499,22882,67,-4,0,
2391092,17499,22882,66,-5,0,
2391097,17492,22889,66,-5,0,
2391102,17492,22889,66,-5,0,
2391107,17484,22897,66,-5,0,
2391112,17477,22904,66,-5,0,
2391117,17477,22912,66,-5,0,
2391122,17464,22920,66,-5,0,
2391127,17464,22928,66,-5,0,
2391132,17456,22937,66,-5,0,
2391137,17456,22947,66,-5,0,
2391142,17456,22958,66,-5,0,
2391147,17448,22972,66,-5,0,
2391152,17448,22985,66,-6,0,
2391157,17448,22998,66,-6,0,
2391162,17448,23016,66,-6,0,
2391167,17455,23033,66,-6,0,
2391172,17455,23053,66,-6,0,
2391177,17455,23072,66,-6,0,
2391182,17455,23084,66,-6,0,
2391187,17462,23095,66,-8,0,
2391192,17462,23106,66,-8,0,
2391197,17462,23117,66,-8,0,
2391202,17462,23132,66,-8,0,
2391207,17462,23141,66,-9,0,
2391212,17469,23148,66,-9,0,
2391217,17469,23148,66,-9,0,
2391222,17469,23159,66,-9,0,
2391227,17469,23170,65,-10,0,
2391232,17469,23180,65,-10,0,
2391237,17477,23187,65,-10,0,
2391242,17477,23187,64,-10,0,
2391247,17485,23187,64,-10,0,
2391252,17485,23195,62,-11,0,
2391257,17492,23203,62,-11,0,
2391262,17492,23210,62,-11,0,
2391267,17501,23210,61,-10,0,
2391272,17508,23219,61,-10,0,
2391277,17517,23219,60,-10,0,
2391282,17524,23219,59,-11,0,
2391287,17524,23211,58,-11,0,
2391292,17533,23202,56,-9,0,
2391294,17533,23202,54,-10,386,
2391299,17514,23184,54,-10,362,
2391304,17491,23177,51,-9,291,
2391309,17466,23177,50,-9,276,
2391314,17446,23166,50,-9,339,
2391319,17435,23159,49,-8,375,
2391324,17435,23159,47,-8,386,
2391329,17435,23150,46,-8,394,
2391334,17435,23150,45,-7,396,
2391339,17435,23135,45,-7,396,
2391344,17447,23126,43,-7,393,
2391349,17447,23118,44,-6,392,
2391354,17458,23107,44,-6,393,
2391359,17467,23090,44,-6,403,
2391364,17478,23067,44,-6,414,
2391369,17493,23035,44,-4,416,
2391374,17506,23001,44,-4,442,
2391379,17515,22967,44,-4,462,
2391384,17522,22933,44,-4,471,
2391389,17522,22903,44,-4,488,
2391394,17529,22873,44,-4,510,
2391399,17529,22838,44,-3,540,
2391404,17540,22806,44,-3,572,
2391409,17547,22773,44,-3,586,
2391414,17556,22738,44,-3,589,
2391419,17564,22703,44,-2,600,
2391424,17564,22667,44,-2,617,
2391429,17564,22628,44,-2,620,
2391434,17572,22586,44,-2,633,
2391439,17572,22547,42,-2,665,
2391444,17572,22509,42,-2,664,
2391449,17572,22472,41,-2,663,
2391454,17581,22436,41,-1,676,
2391459,17581,22397,41,-1,696,
2391464,17581,22352,41,-1,701,
2391469,17590,22305,41,-1,710,
2391474,17590,22259,41,-1,711,
2391479,17590,22212,41,-1,714,
2391484,17590,22166,41,-1,740,
2391489,17590,22121,41,-1,743,
2391494,17598,22074,41,-1,740,
2391499,17598,22026,41,0,752,
2391504,17598,21970,41,0,758,
2391509,17606,21910,41,0,756,
2391514,17606,21848,41,0,761,
2391519,17606,21785,41,0,777,
2391524,17614,21723,41,0,775,
2391529,17614,21655,41,0,772,
2391534,17614,21591,41,0,804,
2391539,17614,21525,41,0,812,
2391544,17614,21458,41,0,804,
2391549,17614,21394,41,0,802,
2391554,17614,21324,41,0,819,
2391559,17614,21251,41,0,822,
2391564,17614,21177,41,0,826,
2391569,17614,21104,41,0,832,
2391574,17614,21030,41,0,836,
2391579,17614,20954,41,0,851,
2391584,17614,20877,41,0,856,
2391589,17614,20796,41,0,854,
2391594,17614,20716,41,0,865,
2391599,17614,20639,41,0,868,
2391604,17606,20563,41,0,868,
2391609,17606,20490,41,0,889,
2391614,17606,20416,41,0,891,
2391619,17598,20339,41,0,894,
2391624,17598,20263,41,0,899,
2391629,17585,20182,41,0,900,
2391634,17585,20103,41,0,908,
2391639,17576,20024,41,1,917,
2391644,17576,19945,41,1,928,
2391649,17576,19869,41,2,934,
2391654,17576,19788,41,2,934,
2391659,17569,19707,41,2,939,
2391664,17559,19623,41,3,937,
2391669,17559,19534,41,3,941,
2391674,17551,19447,41,3,945,
2391679,17551,19364,41,5,951,
2391684,17551,19281,41,5,963,
2391689,17540,19198,41,5,953,
2391694,17540,19107,41,5,960,
2391699,17540,19016,41,5,983,
2391704,17540,18931,41,3,986,
2391709,17540,18845,41,3,968,
2391714,17540,18763,41,3,977,
2391719,17527,18678,41,3,990,
2391724,17527,18589,41,3,988,
2391729,17518,18506,41,3,984,
2391734,17518,18424,41,2,985,
2391739,17511,18343,41,2,983,
2391744,17511,18261,41,2,988,
2391749,17502,18182,41,1,1002,
2391754,17502,18103,41,1,999,
2391759,17502,18027,41,1,1000,
2391764,17502,17953,41,2,1007,
2391769,17502,17874,41,2,1009,
2391774,17502,17800,41,2,1012,
2391779,17502,17724,41,3,1011,
2391784,17513,17647,41,3,1014,
2391789,17513,17571,41,3,1013,
2391794,17513,17493,41,5,1020,
2391799,17513,17417,41,5,1023,
2391804,17513,17340,41,5,1023,
2391809,17513,17266,41,6,1023,
2391814,17504,17191,41,5,1023,
2391819,17504,17113,39,4,1023,
2391824,17496,17035,39,4,1023,
2391829,17496,16951,38,4,1023,
2391834,17489,16871,38,4,1023,
2391839,17489,16794,38,4,1023,
2391844,17477,16715,38,4,1023,
2391849,17469,16641,38,4,1023,
2391854,17469,16567,38,4,1023,
2391859,17459,16492,38,4,1023,
2391864,17449,16418,38,4,1023,
2391869,17449,16341,38,4,1023,
2391874,17439,16261,38,4,1023,
2391879,17439,16184,38,4,1023,
2391884,17439,16106,38,4,1023,
2391889,17439,16028,38,4,1023,
2391894,17424,15949,38,4,1023,
2391899,17415,15868,38,4,1023,
2391904,17404,15791,38,4,1023,
2391909,17396,15717,38,4,1023,
2391914,17396,15647,38,4,1023,
2391919,17389,15569,38,4,1023,
2391924,17389,15488,39,6,1023,
2391929,17389,15411,39,6,1023,
2391934,17376,15330,41,6,1023,
2391939,17376,15258,41,7,1023,
2391944,17362,15182,41,7,1023,
2391950,17362,15096,41,7,1023,
2391955,17362,15017,41,7,1023,
2391960,17353,14936,41,7,1023,
2391965,17345,14863,41,7,1023,
2391970,17332,14796,41,7,1023,
2391975,17321,14725,41,7,1023,
2391980,17321,14651,41,7,1023,
2391985,17314,14577,41,7,1023,
2391990,17314,14504,41,6,1023,
2391995,17314,14434,41,6,1023,
2392000,17299,14364,41,6,1023,
2392005,17290,14293,41,6,1023,
2392010,17281,14218,41,6,1023,
2392015,17281,14145,41,6,1023,
2392020,17281,14080,41,6,1023,
2392025,17274,14018,41,6,1023,
2392030,17274,13950,41,6,1023,
2392035,17265,13879,41,6,1023,
2392040,17265,13802,41,6,1023,
2392045,17254,13727,41,6,1023,
2392050,17254,13660,41,7,1023,
2392055,17243,13596,41,7,1023,
2392060,17243,13535,41,7,1023,
2392065,17236,13471,41,7,1023,
2392070,17236,13408,42,8,1023,
2392075,17236,13357,42,8,1023,
2392080,17228,13299,42,8,1023,
2392085,17228,13240,42,8,1023,
2392090,17214,13185,42,8,1023,
2392095,17207,13118,41,10,1023,
2392100,17207,13062,42,8,1023,
2392105,17207,13017,42,8,1023,
2392110,17207,12970,42,8,1023,
2392115,17198,12926,42,8,1023,
2392120,17198,12876,42,8,1023,
2392125,17186,12822,41,7,1023,
2392130,17186,12771,41,7,1023,
2392135,17186,12720,41,7,1023,
2392140,17179,12672,41,7,1023,
2392145,17179,12630,41,7,1023,
2392150,17179,12592,41,6,1023,
2392155,17179,12553,41,6,1023,
2392160,17179,12514,41,6,1023,
2392165,17172,12469,41,6,1023,
2392170,17172,12427,41,6,1023,
2392175,17163,12394,41,6,1023,
2392180,17163,12371,41,6,1023,
2392185,17156,12350,41,6,1023,
2392190,17156,12326,41,6,1023,
2392195,17156,12301,41,6,1023,
2392200,17156,12278,41,7,1023,
2392205,17156,12263,41,7,1023,
2392210,17156,12253,41,7,1023,
2392215,17156,12244,41,7,1023,
2392220,17156,12236,41,7,1023,
2392225,17156,12225,41,7,1023,
2392230,17149,12215,42,8,1023,
2392235,17149,12204,42,8,1023,
2392240,17149,12193,42,8,1023,
2392245,17139,12193,42,8,1023,
2392250,17139,12180,42,8,1023,
2392255,17139,12180,42,8,1023,
2392260,17139,12171,42,8,1023,
2392265,17139,12171,42,8,1023,
2392270,17139,12171,42,8,1023,
2392275,17139,12171,42,8,1023,
2392280,17139,12171,42,8,1023,
2392285,17139,12171,42,8,1023,
2392290,17147,12171,42,8,1023,
2392295,17147,12171,42,8,1023,
2392300,17147,12171,42,8,1023,
2392305,17147,12171,42,8,1023,
2392310,17147,12171,42,8,1023,
2392315,17147,12171,42,8,1023,
2392320,17147,12171,42,8,1023,
2392325,17147,12171,42,8,1023,
2392330,17147,12171,42,8,1023,
2392335,17147,12171,42,8,1023,
2392340,17147,12171,42,8,1023,
2392345,17147,12171,42,8,1023,
2392350,17147,12171,42,8,1023,
2392355,17147,12171,42,8,1023,
2392360,17156,12171,42,8,1023,
2392365,17156,12171,42,8,1023,
2392370,17156,12171,42,8,1023,
2392375,17156,12171,42,8,1023,
2392380,17156,12171,42,8,1023,
2392385,17165,12171,42,8,1023,
2392390,17165,12171,42,8,1023,
2392395,17172,12171,42,8,1023,
2392400,17172,12171,42,8,1023,
2392405,17186,12171,42,8,1023,
2392410,17200,12171,42,8,1023,
2392415,17215,12162,42,8,1023,
2392420,17230,12162,42,8,1023,
2392425,17242,12162,42,8,1023,
2392430,17257,12162,42,8,1023,
2392435,17284,12155,42,8,1023,
2392440,17318,12155,42,8,1023,
2392445,17357,12155,42,8,1023,
2392450,17400,12155,42,8,1023,
2392455,17439,12155,42,8,1023,
2392460,17475,12155,42,8,1023,
2392465,17517,12155,40,8,1023,
2392470,17566,12155,40,8,1023,
2392475,17624,12155,39,9,1023,
2392480,17686,12155,39,9,1023,
2392485,17750,12167,39,9,1023,
2392490,17813,12167,39,9,1023,
2392495,17880,12178,39,9,1023,
2392500,17952,12178,39,9,1023,
2392505,18028,12178,39,9,1023,
2392510,18100,12189,36,7,1023,
2392515,18173,12197,36,7,1023,
2392520,18248,12207,36,7,1023,
2392525,18328,12214,36,7,1023,
2392530,18411,12214,36,9,1023,
2392535,18494,12228,36,9,1023,
2392540,18580,12236,36,9,1023,
2392545,18662,12246,34,9,1023,
2392550,18747,12246,34,9,1023,
2392555,18825,12246,33,8,1023,
2392560,18905,12246,33,8,1023,
2392565,18980,12246,33,7,1023,
2392570,19055,12253,32,8,1023,
2392575,19135,12253,32,8,1023,
2392580,19211,12253,32,8,1023,
2392585,19289,12260,32,8,1023,
2392590,19364,12260,33,7,1023,
2392595,19433,12260,33,7,1023,
2392600,19498,12260,33,7,1023,
2392605,19563,12260,33,7,1023,
2392610,19630,12260,33,7,1023,
2392615,19699,12260,33,7,1023,
2392620,19770,12260,33,7,1023,
2392625,19840,12260,33,7,1023,
2392630,19908,12260,33,7,1023,
2392635,19974,12260,35,8,1023,
2392640,20046,12270,35,8,1023,
2392645,20116,12270,36,7,1023,
2392650,20184,12283,36,7,1023,
2392655,20256,12290,36,7,1023,
2392660,20323,12300,36,7,1023,
2392665,20398,12309,36,7,1023,
2392670,20475,12317,36,7,1023,
2392675,20549,12329,35,8,1023,
2392680,20624,12336,35,8,1023,
2392685,20696,12336,33,7,1023,
2392690,20767,12343,33,7,1023,
2392695,20838,12343,33,7,1023,
2392700,20910,12354,33,7,1023,
2392705,20983,12365,32,8,1023,
2392710,21059,12376,32,8,1023,
2392715,21139,12384,30,8,1023,
2392720,21218,12391,30,8,1023,
2392725,21288,12400,30,8,1023,
2392730,21357,12408,30,8,1023,
2392735,21422,12421,32,8,1023,
2392740,21490,12434,31,6,1023,
2392745,21565,12445,32,6,1023,
2392750,21638,12460,32,6,1023,
2392755,21710,12473,32,6,1023,
2392760,21781,12486,32,6,1023,
2392765,21856,12501,32,6,1023,
2392770,21933,12509,32,6,1023,
2392775,22010,12518,32,6,1023,
2392780,22090,12526,32,6,1023,
2392785,22169,12526,32,6,1023,
2392790,22244,12539,34,6,1023,
2392795,22322,12548,34,6,1023,
2392800,22398,12560,35,6,1023,
2392805,22472,12574,35,6,1023,
2392810,22551,12587,34,6,1023,
2392815,22635,12587,34,6,1023,
2392820,22714,12601,32,5,1023,
2392825,22791,12609,32,5,1023,
2392830,22867,12619,32,5,1023,
2392835,22942,12631,32,5,1023,
2392840,23018,12642,31,4,1023,
2392845,23097,12650,31,4,1023,
2392850,23174,12657,30,5,1023,
2392855,23247,12667,30,5,1023,
2392860,23324,12674,30,5,1023,
2392865,23395,12683,30,5,1023,
2392870,23464,12692,30,5,1023,
2392875,23535,12700,30,5,1023,
2392880,23597,12709,30,5,1023,
2392885,23667,12719,31,4,1023,
2392890,23738,12719,31,4,1023,
2392895,23806,12731,32,5,1023,
2392900,23879,12731,32,5,1023,
2392905,23947,12731,32,5,1023,
2392910,24018,12731,32,5,1023,
2392915,24095,12740,33,4,1023,
2392920,24168,12747,33,4,1023,
2392925,24241,12754,34,3,1023,
2392930,24317,12754,34,3,1023,
2392935,24387,12763,35,3,1023,
2392940,24462,12763,35,3,1023,
2392945,24531,12771,35,3,1023,
2392950,24595,12771,35,3,1023,
2392955,24663,12782,34,3,1023,
2392960,24737,12782,34,3,1023,
2392965,24818,12789,33,4,1023,
2392970,24901,12789,33,4,1023,
2392975,24979,12789,33,4,1023,
2392980,25050,12789,33,4,1023,
2392985,25123,12789,33,4,1023,
2392990,25189,12789,31,3,1023,
2392995,25263,12789,31,3,1023,
2393000,25339,12789,30,3,1023,
2393005,25415,12782,30,3,1023,
2393010,25492,12782,31,3,1023,
2393015,25559,12782,31,3,1023,
2393020,25624,12773,33,4,1023,
2393025,25687,12773,33,4,1023,
2393030,25754,12773,33,4,1023,
2393035,25824,12773,33,4,1023,
2393040,25897,12773,33,4,1023,
2393045,25972,12773,33,4,1023,
2393050,26044,12773,33,4,1023,
2393055,26122,12764,33,4,1023,
2393060,26200,12764,34,3,1023,
2393065,26279,12764,34,3,1023,
2393070,26361,12764,35,3,1023,
2393075,26440,12764,35,3,1023,
2393080,26522,12764,35,3,1023,
2393085,26603,12764,35,3,1023,
2393090,26688,12764,35,3,1023,
2393095,26776,12764,35,3,1023,
2393100,26857,12764,35,3,1023,
2393105,26940,12764,34,3,1023,
2393110,27025,12773,34,3,1023,
2393115,27110,12773,33,4,1023,
2393120,27191,12781,33,4,1023,
2393125,27267,12781,33,4,1023,
2393130,27347,12781,33,4,1023,
2393135,27424,12781,33,4,1023,
2393140,27509,12774,33,4,1023,
2393145,27582,12774,33,4,1023,
2393150,27647,12784,33,4,1023,
2393155,27714,12793,33,2,1023,
2393160,27775,12793,33,2,1023,
2393165,27841,12800,33,2,1023,
2393170,27908,12800,33,2,1023,
2393175,27968,12800,33,2,1023,
2393180,28028,12812,33,2,1023,
2393185,28091,12812,33,2,1023,
2393190,28150,12812,34,2,1023,
2393195,28207,12812,34,2,1023,
2393200,28263,12812,36,2,1023,
2393205,28317,12819,36,2,1023,
2393210,28371,12819,36,2,1023,
2393215,28425,12819,36,2,1023,
2393220,28478,12819,36,2,1023,
2393225,28531,12819,36,2,1023,
2393230,28578,12819,36,2,1023,
2393235,28625,12819,36,2,1023,
2393240,28671,12826,36,2,1023,
2393245,28717,12826,36,2,1023,
2393250,28765,12826,34,2,1023,
2393255,28815,12826,34,2,1023,
2393260,28867,12826,33,2,1023,
2393265,28913,12826,33,2,1023,
2393270,28962,12826,33,2,1023,
2393275,29012,12826,33,2,1023,
2393280,29054,12826,33,2,1023,
2393285,29097,12826,33,2,1023,
2393290,29136,12826,33,2,1023,
2393295,29169,12834,33,2,1023,
2393300,29217,12834,33,2,1023,
2393305,29274,12834,31,2,1023,
2393310,29331,12849,31,2,1023,
2393315,29391,12859,30,2,1023,
2393320,29437,12869,30,2,1023,
2393325,29480,12877,30,2,1023,
2393330,29525,12877,30,2,1023,
2393335,29576,12877,30,2,1023,
2393340,29624,12877,30,1,1023,
2393345,29668,12877,30,1,1023,
2393350,29706,12877,30,1,1023,
2393355,29737,12877,30,1,1023,
2393360,29768,12877,31,1,1023,
2393365,29793,12877,31,1,1023,
2393370,29816,12877,33,1,1023,
2393375,29838,12877,33,1,1023,
2393380,29859,12870,33,1,1023,
2393385,29884,12870,33,1,1023,
2393390,29906,12870,34,1,1023,
2393395,29920,12870,34,1,1023,
2393400,29930,12870,36,1,1023,
2393405,29930,12870,36,1,1023,
2393410,29938,12870,36,1,1023,
2393415,29938,12870,36,1,1023,
2393420,29938,12870,36,1,1023,
2393425,29938,12870,36,1,1023,
2393430,29938,12870,36,1,1023,
2393435,29938,12870,36,1,1023,
2393440,29938,12870,36,1,1023,
2393445,29938,12870,36,1,1023,
2393450,29938,12870,36,1,1023,
2393455,29938,12877,36,1,1023,
2393460,29938,12877,36,1,1023,
2393465,29938,12877,36,1,1023,
2393470,29938,12885,36,1,1023,
2393475,29938,12885,36,1,1023,
2393480,29938,12885,36,1,1023,
2393485,29938,12885,36,2,1023,
2393490,29938,12885,36,2,1023,
2393495,29938,12885,36,2,1023,
2393500,29938,12885,36,2,1023,
2393505,29931,12885,36,2,1023,
2393510,29931,12885,36,2,1023,
2393515,29931,12894,36,2,1023,
2393520,29931,12894,36,2,1023,
2393525,29931,12901,36,2,1023,
2393530,29923,12908,36,2,1023,
2393535,29923,12916,36,2,1023,
2393540,29923,12929,35,3,1023,
2393545,29923,12949,35,3,1023,
2393550,29923,12982,35,3,1023,
2393555,29923,13020,35,3,1023,
2393560,29915,13064,35,3,1023,
2393565,29915,13108,35,3,1023,
2393570,29915,13153,35,3,1023,
2393575,29926,13202,35,3,1023,
2393580,29933,13256,35,3,1023,
2393585,29940,13314,35,3,1023,
2393590,29947,13373,35,3,1023,
2393595,29947,13434,35,5,1023,
2393600,29963,13498,34,5,1023,
2393605,29963,13565,34,5,1023,
2393610,29971,13633,32,6,1023,
2393615,29978,13696,32,6,1023,
2393620,29978,13755,32,6,1023,
2393625,29989,13822,32,6,1023,
2393630,29989,13892,33,7,1023,
2393635,29997,13966,33,7,1023,
2393640,29997,14042,33,7,1023,
2393645,29997,14114,33,7,1023,
2393650,30004,14188,33,7,1023,
2393655,30004,14266,33,7,1023,
2393660,30004,14343,33,8,1023,
2393665,30015,14418,33,7,1023,
2393670,30025,14490,33,7,1023,
2393675,30025,14565,33,7,1023,
2393680,30025,14643,33,7,1023,
2393685,30025,14724,33,7,1023,
2393690,30025,14806,32,6,1023,
2393695,30036,14889,32,6,1023,
2393700,30045,14969,32,6,1023,
2393705,30053,15048,32,5,1023,
2393710,30053,15128,32,5,1023,
2393715,30053,15209,32,5,1023,
2393720,30053,15294,32,5,1023,
2393725,30053,15380,32,5,1023,
2393730,30060,15464,32,5,1023,
2393735,30060,15546,32,5,1023,
2393740,30060,15624,32,5,1023,
2393745,30060,15705,32,5,1023,
2393750,30060,15788,32,5,1023,
2393755,30067,15871,32,5,1023,
2393760,30067,15961,32,6,1023,
2393765,30067,16049,32,6,1023,
2393770,30075,16135,32,6,1023,
2393775,30075,16219,32,6,1023,
2393780,30085,16299,32,6,1023,
2393785,30092,16384,32,6,1023,
2393790,30092,16478,32,6,1023,
2393795,30092,16573,33,7,1023,
2393800,30092,16673,33,7,1023,
2393805,30092,16771,32,6,1023,
2393810,30092,16860,32,6,1023,
2393815,30092,16945,32,6,1023,
2393820,30092,17030,32,5,1023,
2393825,30103,17116,32,5,1023,
2393830,30103,17206,32,5,1023,
2393835,30103,17300,33,4,1023,
2393840,30103,17394,33,4,1023,
2393845,30103,17482,33,4,1023,
2393850,30103,17570,33,4,1023,
2393855,30103,17655,33,4,1023,
2393860,30103,17736,33,4,1023,
2393865,30103,17819,32,5,1023,
2393870,30093,17901,32,5,1023,
2393875,30093,17985,32,5,1023,
2393880,30093,18074,32,5,1023,
2393885,30093,18160,32,5,1023,
2393890,30100,18250,32,5,1023,
2393895,30100,18341,32,5,1023,
2393900,30100,18429,32,5,1023,
2393905,30100,18520,32,5,1023,
2393910,30100,18608,32,5,1023,
2393915,30100,18692,32,5,1023,
2393920,30092,18777,32,6,1023,
2393925,30092,18854,34,5,1023,
2393930,30092,18933,34,5,1023,
2393935,30092,19014,35,5,1023,
2393940,30092,19089,35,3,1023,
2393945,30092,19167,35,3,1023,
2393950,30092,19250,35,3,1023,
2393955,30092,19330,36,2,1023,
2393960,30092,19410,36,2,1023,
2393965,30092,19491,36,2,1023,
2393970,30085,19560,36,2,1023,
2393975,30085,19634,36,2,1023,
2393980,30085,19710,35,3,1023,
2393985,30073,19780,35,3,1023,
2393990,30073,19852,35,3,1023,
2393995,30073,19925,35,3,1023,
2394000,30073,20002,35,3,1023,
2394005,30073,20079,35,3,1023,
2394010,30073,20157,35,3,1023,
2394015,30066,20228,35,5,1023,
2394020,30066,20293,35,5,1023,
2394025,30073,20364,35,5,1023,
2394030,30073,20431,35,5,1023,
2394035,30073,20496,35,5,1023,
2394040,30081,20568,35,5,1023,
2394045,30081,20638,35,5,1023,
2394050,30081,20713,35,5,1023,
2394055,30081,20789,35,5,1023,
2394060,30081,20859,35,3,1023,
2394065,30081,20931,35,3,1023,
2394070,30091,20994,35,3,1023,
2394075,30091,21056,36,2,1023,
2394080,30091,21121,36,2,1023,
2394085,30091,21182,36,2,1023,
2394090,30091,21240,36,1,1023,
2394095,30091,21298,36,1,1023,
2394100,30091,21353,36,1,1023,
2394105,30091,21408,36,0,1023,
2394110,30091,21469,36,0,1023,
2394115,30082,21529,36,0,1023,
2394120,30082,21583,36,0,1023,
2394125,30082,21634,36,0,1023,
2394130,30082,21684,36,0,1023,
2394135,30082,21737,36,0,1023,
2394140,30082,21795,36,0,1023,
2394145,30082,21847,36,0,1023,
2394150,30082,21900,36,1,1023,
2394155,30082,21956,36,1,1023,
2394160,30082,22019,36,1,1023,
2394165,30082,22081,36,1,1023,
2394170,30082,22141,36,1,1023,
2394175,30082,22192,36,1,1023,
2394180,30082,22237,36,1,1023,
2394185,30082,22286,36,1,1023,
2394190,30082,22340,36,1,1023,
2394195,30082,22395,36,0,1023,
2394200,30082,22454,36,0,1023,
2394205,30082,22508,36,0,1023,
2394210,30082,22560,36,0,1023,
2394215,30082,22604,36,0,1023,
2394220,30093,22642,36,0,1023,
2394225,30093,22685,36,0,1023,
2394230,30093,22730,36,0,1023,
2394235,30093,22785,36,0,1023,
2394240,30093,22843,36,0,1023,
2394245,30093,22904,36,0,1023,
2394250,30102,22959,36,0,1023,
2394255,30102,23004,36,0,1023,
2394260,30110,23049,36,0,1023,
2394265,30110,23089,36,0,1023,
2394270,30110,23130,36,0,1023,
2394275,30110,23174,36,0,1023,
2394280,30110,23219,36,0,1023,
2394285,30110,23259,36,-1,1023,
2394290,30122,23295,36,-1,1023,
2394295,30122,23332,36,-1,1023,
2394300,30129,23369,36,-1,1023,
2394305,30129,23406,36,-1,1023,
2394310,30129,23440,36,-2,1023,
2394315,30122,23467,36,-2,1023,
2394320,30122,23491,36,-2,1023,
2394325,30122,23519,35,-3,1023,
2394330,30122,23554,35,-3,1023,
2394335,30122,23589,35,-3,1023,
2394340,30122,23625,35,-5,1023,
2394345,30122,23654,35,-5,1023,
2394350,30129,23677,35,-3,1023,
2394355,30129,23698,35,-3,1023,
2394360,30129,23715,35,-3,1023,
2394365,30129,23734,35,-3,1023,
2394370,30129,23752,36,-2,1023,
2394375,30129,23767,36,-2,1023,
2394380,30136,23780,36,-2,1023,
2394385,30136,23789,36,-2,1023,
2394390,30136,23798,36,-2,1023,
2394395,30136,23807,36,-2,1023,
2394400,30136,23817,36,-1,1023,
2394405,30136,23827,36,-1,1023,
2394410,30136,23836,36,-1,1023,
2394415,30126,23846,36,-1,1023,
2394420,30126,23858,36,-1,1023,
2394425,30119,23868,36,-1,1023,
2394430,30119,23875,36,-1,1023,
2394435,30119,23875,36,-1,1023,
2394440,30119,23875,36,-1,1023,
2394445,30119,23883,36,-1,1023,
2394451,30119,23883,36,-2,1023,
2394456,30109,23891,36,-2,1023,
2394461,30109,23891,36,-2,1023,
2394466,30109,23891,36,-2,1023,
2394471,30109,23891,36,-2,1023,
2394476,30109,23891,36,-2,1023,
2394481,30109,23891,36,-2,1023,
2394486,30109,23891,36,-2,1023,
2394491,30101,23891,36,-2,1023,
2394496,30101,23891,36,-2,1023,
2394501,30101,23891,36,-2,1023,
2394506,30101,23891,36,-2,1023,
2394511,30094,23891,36,-2,1023,
2394516,30094,23891,36,-2,1023,
2394521,30094,23891,36,-2,1023,
2394526,30085,23891,36,-2,1023,
2394531,30085,23891,36,-2,1023,
2394536,30078,23891,34,-2,1023,
2394541,30078,23891,34,-2,1023,
2394546,30067,23891,33,-2,1023,
2394551,30067,23891,33,-2,1023,
2394556,30057,23891,33,-2,1023,
2394561,30057,23891,33,-2,1023,
2394566,30047,23891,33,-2,1023,
2394571,30040,23899,33,-2,1023,
2394576,30031,23899,33,-2,1023,
2394581,30020,23899,33,-2,1023,
2394586,30009,23899,33,-2,1023,
2394591,29995,23899,33,-2,1023,
2394596,29981,23899,33,-2,1023,
2394601,29966,23899,33,-2,1023,
2394606,29943,23899,33,-2,1023,
2394611,29917,23906,34,-2,1023,
2394616,29892,23906,34,-2,1023,
2394621,29868,23906,36,-2,1023,
2394626,29845,23906,36,-2,1023,
2394631,29823,23906,36,-2,1023,
2394636,29796,23906,36,-2,1023,
2394641,29763,23906,36,-2,1023,
2394646,29732,23906,36,-2,1023,
2394651,29701,23897,36,-2,1023,
2394656,29668,23897,36,-2,1023,
2394661,29630,23897,36,-2,1014,
2394666,29587,23897,36,-2,1023,
2394671,29537,23897,35,-3,1023,
2394676,29485,23885,35,-3,1023,
2394681,29435,23885,35,-3,1023,
2394686,29384,23872,34,-3,1023,
2394691,29330,23872,34,-3,1023,
2394696,29275,23858,33,-4,1023,
2394701,29215,23849,33,-4,1023,
2394706,29152,23849,31,-2,1023,
2394711,29090,23841,31,-2,1023,
2394716,29024,23841,30,-2,1023,
2394721,28956,23841,30,-2,1023,
2394726,28886,23834,30,-2,1023,
2394731,28813,23834,30,-2,1023,
2394736,28741,23824,30,-2,1023,
2394741,28670,23824,29,-2,1023,
2394746,28597,23810,29,-2,1023,
2394751,28523,23800,27,-2,1023,
2394756,28446,23793,27,-2,1023,
2394761,28364,23793,29,-2,1023,
2394766,28282,23781,29,-1,1023,
2394771,28199,23774,30,-1,1023,
2394776,28114,23767,30,-1,1023,
2394781,28030,23759,30,-1,1023,
2394786,27943,23759,30,-1,1023,
2394791,27856,23751,31,-1,1023,
2394796,27768,23751,31,-1,1023,
2394801,27680,23751,33,-1,1023,
2394806,27592,23751,33,-1,1023,
2394811,27500,23741,33,-1,1023,
2394816,27404,23734,33,-1,1023,
2394821,27305,23734,33,-1,1023,
2394826,27206,23724,33,-1,1023,
2394831,27108,23724,33,-1,1023,
2394836,27016,23724,33,-1,1023,
2394841,26925,23716,33,-1,1023,
2394846,26834,23716,31,-1,1023,
2394851,26745,23707,31,-1,1023,
2394856,26654,23707,30,0,1023,
2394861,26565,23707,30,0,1023,
2394866,26479,23707,30,0,1023,
2394871,26393,23707,30,0,1023,
2394876,26306,23707,30,0,1023,
2394881,26218,23707,30,0,1023,
2394886,26129,23707,30,0,1023,
2394891,26042,23707,30,0,1023,
2394896,25961,23707,30,0,1023,
2394901,25880,23707,30,0,1023,
2394906,25796,23707,30,0,1023,
2394911,25711,23707,31,0,1023,
2394916,25626,23707,31,0,1023,
2394921,25542,23707,33,0,1023,
2394926,25459,23707,33,0,1023,
2394931,25374,23693,33,0,1023,
2394936,25286,23680,33,0,1023,
2394941,25198,23668,33,0,1023,
2394946,25106,23658,33,0,1023,
2394951,25017,23650,33,0,1023,
2394956,24926,23642,33,0,1023,
2394961,24838,23635,31,0,1023,
2394966,24751,23635,31,0,1023,
2394971,24663,23626,30,0,1023,
2394976,24581,23626,30,0,1023,
2394981,24499,23617,30,0,1023,
2394986,24420,23609,30,0,1023,
2394991,24344,23600,30,0,1023,
2394996,24261,23600,30,0,1023,
2395001,24179,23590,30,0,1023,
2395006,24099,23590,30,0,1023,
2395011,24018,23590,30,0,1023,
2395016,23944,23590,30,0,1023,
2395021,23868,23590,30,0,1023,
2395026,23792,23590,30,-1,1023,
2395031,23717,23590,30,-1,1023,
2395036,23638,23590,31,-1,1023,
2395041,23563,23590,31,-2,1023,
2395046,23493,23590,33,-2,1023,
2395051,23420,23590,33,-4,1023,
2395056,23352,23590,33,-4,1023,
2395061,23283,23583,34,-5,1023,
2395066,23208,23583,34,-5,1023,
2395071,23136,23590,34,-6,1023,
2395076,23065,23590,32,-6,1023,
2395081,22997,23590,32,-6,1023,
2395086,22931,23590,33,-7,1023,
2395091,22862,23590,33,-7,1023,
2395096,22790,23582,32,-8,1023,
2395101,22720,23573,31,-6,1023,
2395106,22653,23565,29,-6,1023,
2395111,22590,23565,29,-6,1023,
2395116,22527,23556,29,-6,1023,
2395121,22460,23556,29,-6,1023,
2395126,22392,23556,29,-6,1023,
2395131,22330,23556,28,-6,1023,
2395136,22268,23556,28,-6,1023,
2395141,22206,23556,28,-7,1023,
2395146,22145,23556,28,-7,1023,
2395151,22081,23556,28,-6,1023,
2395156,22021,23547,28,-5,1023,
2395161,21962,23547,30,-5,1023,
2395166,21900,23547,30,-5,1023,
2395171,21837,23547,30,-5,1023,
2395176,21777,23555,30,-5,1023,
2395181,21719,23555,30,-5,1023,
2395186,21664,23555,31,-4,1023,
2395191,21607,23555,31,-4,1023,
2395196,21549,23555,32,-5,1023,
2395201,21488,23555,32,-5,1023,
2395206,21428,23555,32,-5,1023,
2395211,21371,23555,32,-5,1023,
2395216,21316,23555,32,-5,1023,
2395221,21260,23555,34,-5,1023,
2395226,21197,23548,34,-5,1023,
2395231,21136,23548,34,-5,1023,
2395236,21071,23541,34,-5,1023,
2395241,21010,23541,32,-5,1023,
2395246,20954,23541,32,-5,1023,
2395251,20898,23541,32,-5,1023,
2395256,20841,23541,32,-5,1023,
2395261,20783,23541,31,-4,1023,
2395266,20726,23541,31,-4,1023,
2395271,20664,23541,30,-5,1023,
2395276,20606,23548,30,-5,1023,
2395281,20552,23548,30,-5,1023,
2395286,20496,23548,30,-5,1023,
2395291,20442,23548,28,-4,1023,
2395296,20385,23539,28,-4,1023,
2395301,20328,23539,27,-3,1023,
2395306,20273,23539,27,-3,1023,
2395311,20221,23539,27,-3,1023,
2395316,20168,23539,27,-3,1023,
2395321,20110,23539,27,-3,1023,
2395326,20052,23546,28,-4,1023,
2395331,19995,23546,28,-5,1023,
2395336,19940,23538,30,-5,1023,
2395341,19892,23531,30,-5,1023,
2395346,19842,23523,30,-5,1023,
2395351,19791,23523,30,-5,1023,
2395356,19737,23512,30,-5,1023,
2395361,19683,23512,31,-4,1023,
2395366,19634,23512,31,-4,1023,
2395371,19584,23503,32,-5,1023,
2395376,19540,23495,32,-5,1023,
2395381,19496,23482,32,-5,1023,
2395386,19445,23473,32,-5,1023,
2395391,19397,23463,32,-5,1023,
2395396,19347,23463,32,-5,1023,
2395401,19298,23454,34,-5,1023,
2395406,19256,23454,34,-5,1023,
2395411,19215,23454,35,-5,1023,
2395416,19176,23454,35,-5,1023,
2395421,19133,23445,35,-5,1023,
2395426,19087,23445,34,-3,1023,
2395431,19042,23445,34,-3,1023,
2395436,18998,23453,33,-4,1023,
2395441,18956,23453,33,-4,1023,
2395446,18918,23453,33,-4,1023,
2395451,18881,23461,31,-3,1023,
2395456,18845,23461,31,-3,1023,
2395461,18812,23461,30,-3,1023,
2395466,18776,23470,30,-3,1023,
2395471,18742,23470,28,-4,1023,
2395476,18709,23470,28,-4,1023,
2395481,18678,23479,27,-3,1023,
2395486,18649,23479,27,-3,1023,
2395491,18615,23471,27,-3,1023,
2395496,18577,23471,27,-3,1023,
2395501,18535,23463,27,-3,1023,
2395506,18495,23463,27,-3,1023,
2395511,18461,23453,27,-3,1023,
2395516,18426,23446,27,-3,1023,
2395521,18388,23439,27,-3,1023,
2395526,18348,23439,28,-4,1023,
2395531,18309,23428,28,-4,1023,
2395536,18273,23428,30,-3,1023,
2395541,18237,23420,30,-3,1023,
2395546,18200,23420,30,-3,1023,
2395551,18158,23412,30,-3,1023,
2395556,18116,23412,30,-3,1023,
2395561,18078,23412,30,-3,1023,
2395566,18044,23412,30,-3,1023,
2395571,18011,23412,31,-3,1023,
2395576,17979,23412,31,-3,1023,
2395581,17944,23412,33,-4,1023,
2395586,17911,23412,33,-4,1023,
2395591,17883,23412,33,-4,1023,
2395596,17859,23412,33,-4,1023,
2395601,17837,23412,33,-4,1023,
2395606,17812,23412,33,-4,1023,
2395611,17787,23404,33,-4,1023,
2395616,17765,23404,33,-4,1023,
2395621,17751,23397,33,-4,1023,
2395626,17742,23397,33,-4,1023,
2395631,17742,23397,32,-5,1023,
2395636,17742,23397,32,-5,1023,
2395641,17731,23397,32,-5,1023,
2395646,17724,23397,32,-5,1023,
2395651,17715,23397,32,-5,1023,
2395656,17705,23397,32,-5,1023,
2395661,17695,23397,32,-5,1023,
2395666,17685,23397,34,-5,1023,
2395671,17674,23397,34,-5,1023,
2395676,17664,23397,35,-5,1023,
2395681,17654,23397,35,-5,1023,
2395686,17646,23397,35,-5,1023,
2395691,17646,23397,35,-5,1023,
2395696,17634,23397,35,-5,1023,
2395701,17623,23397,35,-5,1023,
2395706,17610,23397,35,-5,1023,
2395711,17595,23397,35,-5,1023,
2395716,17583,23397,35,-5,1023,
2395721,17573,23397,35,-5,1023,
2395726,17564,23397,35,-5,1023,
2395731,17556,23397,35,-5,1023,
2395736,17546,23397,35,-5,1023,
2395741,17537,23397,35,-5,1023,
2395746,17528,23397,35,-5,1023,
2395751,17518,23397,35,-5,1023,
2395756,17508,23397,35,-5,1023,
2395761,17497,23397,35,-5,1023,
2395766,17484,23405,35,-5,1021,
2395771,17473,23405,35,-5,1020,
2395776,17463,23405,35,-5,1020,
2395781,17453,23405,35,-5,1017,
2395786,17441,23405,35,-5,1007,
2395791,17425,23405,35,-5,1000,
2395796,17410,23405,37,-5,1005,
2395801,17396,23405,37,-5,1006,
2395806,17388,23405,38,-4,1006,
2395811,17388,23395,38,-4,1006,
2395816,17380,23395,38,-4,1006,
2395821,17380,23395,38,-4,1006,
2395826,17372,23395,38,-4,1006,
2395831,17372,23395,38,-6,1006,
2395836,17372,23395,38,-6,1006,
2395841,17372,23395,38,-6,1006,
2395846,17372,23395,38,-6,1006,
2395851,17363,23395,38,-6,1006,
2395856,17363,23395,39,-6,1007,
2395861,17353,23395,39,-6,1008,
2395866,17353,23395,41,-6,1007,
2395871,17353,23395,41,-6,1006,
2395876,17340,23387,41,-6,1003,
2395881,17329,23387,41,-6,1000,
2395886,17315,23387,41,-6,994,
2395891,17300,23387,41,-6,988,
2395896,17285,23387,41,-6,987,
2395901,17271,23387,41,-6,986,
2395906,17258,23377,41,-6,983,
2395911,17246,23377,41,-6,980,
2395916,17234,23377,41,-6,979,
2395921,17225,23377,41,-6,978,
2395926,17225,23370,41,-6,976,
2395931,17215,23370,41,-6,970,
2395936,17215,23370,41,-6,963,
2395941,17215,23370,41,-6,952,
2395946,17207,23370,41,-6,938,
2395951,17207,23370,41,-5,920,
2395956,17207,23370,41,-5,899,
2395961,17199,23370,41,-5,873,
2395966,17199,23361,41,-5,836,
2395971,17190,23361,41,-5,795,
2395976,17190,23350,41,-5,750,
2395981,17181,23350,41,-5,692,
2395986,17181,23340,41,-3,618,
2395991,17181,23340,41,-3,529,
2395996,17181,23332,42,-3,412,
2396001,17174,23332,42,-3,263,
2396006,17174,23322,44,-3,82,
2396011,17174,23322,44,-3,0,
2396016,17174,23305,44,-2,0,
2396021,17174,23296,44,-2,0,
2396026,17174,23296,44,-2,0,
2396031,17162,23296,44,-2,0,
2396036,17154,23308,45,-2,0,
2396041,17154,23327,47,-2,0,
2396046,17154,23349,48,-2,0,
2396051,17168,23374,49,-2,0,
2396056,17193,23404,52,-2,0,
2396061,17228,23435,54,-3,0,
2396066,17267,23471,56,-4,0,
2396071,17312,23510,59,-5,0,
2396076,17366,23551,62,-6,0,
2396081,17425,23597,64,-6,0,
2396086,17484,23650,67,-5,0,
2396091,17546,23700,70,-4,0,
2396096,17604,23747,73,-2,0,
2396101,17665,23785,76,-1,0,
2396106,17731,23819,77,0,0,
2396111,17796,23851,79,0,0,
2396116,17863,23888,80,1,0,
2396121,17932,23936,80,2,0,
2396126,17998,23984,80,4,0,
2396131,18082,24034,80,5,0,
2396136,18182,24077,78,6,0,
2396141,18307,24108,77,8,0,
2396146,18470,24136,74,10,0,
2396151,18656,24172,71,12,0,
2396156,18876,24227,69,14,0,
2396161,19119,24289,67,15,0,
2396166,19370,24362,67,16,0,
2396171,19628,24429,69,15,0,
2396176,19877,24487,69,13,0,
2396181,20127,24556,67,11,0,
2396186,20386,24627,65,10,0,
2396191,20656,24714,64,7,0,
2396196,20938,24815,63,6,0,
2396201,21213,24906,63,4,0,
2396206,21470,24989,63,2,0,
2396211,21707,25065,66,0,0,
2396216,21904,25170,68,-2,0,
2396221,22080,25334,67,-4,0,
2396226,22256,25571,69,-7,0,
2396231,22438,25853,70,-8,0,
2396236,22651,26126,68,-9,0,
2396241,22891,26361,68,-10,0,
2396246,23144,26541,68,-13,0,
2396251,23398,26679,66,-15,0,
2396256,23643,26794,67,-16,0,
2396261,23877,26884,68,-17,0,
2396266,24092,26950,69,-19,0,
2396271,24297,27005,70,-20,0,
2396276,24495,27047,70,-21,0,
2396281,24682,27089,68,-22,0,
2396286,24862,27140,66,-24,0,
2396291,25031,27197,61,-26,0,
2396296,25191,27270,59,-27,0,
2396301,25340,27366,58,-28,0,
2396306,25468,27477,59,-29,0,
2396311,25581,27613,62,-29,0,
2396316,25672,27762,65,-30,0,
2396321,25746,27908,68,-30,0,
2396326,25808,28055,67,-28,0,
2396331,25854,28193,68,-27,0,
2396336,25883,28321,66,-27,0,
2396341,25892,28444,67,-25,0,
2396346,25884,28553,67,-24,0,
2396351,25855,28643,69,-23,0,
2396356,25807,28710,71,-21,0,
2396361,25743,28757,75,-20,0,
2396366,25665,28786,79,-18,0,
2396371,25571,28805,81,-15,0,
2396376,25460,28817,81,-15,0,
2396381,25333,28824,82,-13,0,
2396386,25192,28849,82,-13,0,
2396391,25043,28901,82,-11,0,
2396396,24894,28971,82,-10,0,
2396401,24751,29039,82,-10,0,
2396406,24608,29078,81,-9,0,
2396411,24470,29078,79,-11,0,
2396416,24335,29037,78,-12,0,
2396421,24194,28959,76,-12,0,
2396426,24047,28857,76,-13,0,
2396431,23890,28723,76,-13,0,
2396436,23722,28552,76,-13,0,
2396441,23539,28331,76,-13,0,
2396446,23333,28049,74,-14,0,
2396451,23110,27723,74,-15,0,
2396456,22880,27382,71,-16,0,
2396461,22656,27049,66,-20,0,
2396466,22450,26722,63,-20,0,
2396471,22259,26400,63,-20,0,
2396476,22080,26087,63,-19,0,
2396481,21906,25797,66,-19,0,
2396486,21742,25541,69,-18,0,
2396491,21592,25318,74,-17,0,
2396496,21446,25131,77,-16,0,
2396501,21312,24963,80,-15,0,
2396506,21186,24813,81,-15,0,
2396511,21069,24671,82,-14,0,
2396516,20968,24530,82,-13,0,
2396521,20881,24397,79,-13,0,
2396526,20803,24286,78,-12,0,
2396531,20733,24192,75,-9,0,
2396536,20660,24108,74,-6,0,
2396541,20584,24027,74,-3,0,
2396546,20501,23953,74,-1,0,
2396551,20406,23895,73,0,0,
2396556,20313,23851,72,0,0,
2396561,20215,23822,70,2,0,
2396566,20120,23789,67,3,0,
2396571,20026,23751,64,6,0,
2396576,19922,23723,61,9,0,
2396581,19810,23699,59,13,0,
2396586,19693,23680,56,15,0,
2396591,19573,23668,54,17,0,
2396596,19450,23657,54,19,0,
2396601,19316,23648,57,20,0,
2396606,19175,23648,60,21,0,
2396611,19027,23648,61,22,0,
2396616,18882,23657,61,22,0,
2396621,18750,23670,61,22,0,
2396626,18629,23679,59,23,0,
2396631,18524,23669,59,23,0,
2396636,18428,23649,59,23,0,
2396641,18339,23622,59,23,0,
2396646,18257,23591,58,24,0,
2396651,18180,23562,59,23,0,
2396656,18114,23528,58,22,0,
2396661,18056,23491,59,20,0,
2396666,18000,23456,56,18,0,
2396671,17946,23425,56,16,0,
2396676,17894,23395,56,14,0,
2396681,17847,23366,54,10,0,
2396686,17799,23343,53,8,0,
2396691,17749,23325,55,5,0,
2396696,17696,23313,56,2,0,
2396701,17640,23306,59,2,0,
2396706,17588,23298,62,0,0,
2396711,17543,23298,65,-1,0,
2396716,17506,23282,67,-3,0,
2396721,17471,23282,70,-4,0,
2396726,17441,23282,73,-6,0,
2396731,17415,23289,75,-7,0,
2396736,17390,23299,77,-9,0,
2396741,17377,23306,80,-8,0,
2396746,17367,23313,81,-8,0,
2396751,17358,23324,82,-8,0,
2396756,17358,23324,82,-8,0,
2396761,17358,23324,82,-8,0,
2396766,17358,23324,82,-8,0,
2396771,17358,23324,82,-8,0,
2396776,17358,23324,82,-8,0,
2396781,17358,23324,82,-8,0,
2396786,17349,23316,82,-8,0,
2396791,17342,23316,82,-8,0,
2396796,17333,23316,82,-8,0,
2396801,17333,23328,82,-8,0,
2396806,17315,23338,82,-8,0,
2396811,17300,23345,82,-8,0,
2396816,17279,23353,82,-8,0,
2396821,17257,23360,82,-8,0,
2396826,17233,23360,82,-8,0,
2396831,17210,23370,82,-8,0,
2396836,17193,23370,83,-7,0,
2396841,17174,23370,83,-7,0,
2396846,17158,23360,83,-7,0,
2396851,17146,23360,83,-7,0,
2396856,17137,23360,83,-7,0,
2396861,17137,23348,83,-7,0,
2396866,17137,23340,83,-7,0,
2396871,17137,23332,83,-7,0,
2396876,17128,23332,83,-7,0,
2396881,17128,23332,83,-7,0,
2396886,17120,23332,83,-7,0,
2396891,17120,23332,83,-7,0,
2396896,17120,23325,83,-5,0,
2396901,17128,23325,83,-5,0,
2396906,17128,23325,83,-5,0,
2396911,17136,23338,83,-5,0,
2396916,17136,23338,83,-4,0,
2396921,17149,23348,83,-4,0,
2396926,17163,23348,83,-4,0,
2396931,17176,23360,81,-5,0,
2396936,17191,23370,80,-4,0,
2396941,17209,23382,77,-4,0,
2396946,17228,23395,76,-5,0,
2396952,17253,23407,74,-3,0,
2396958,17253,23407,72,-3,82,
2396963,17280,23426,70,-3,422,
2396968,17280,23426,67,-3,311,
2396973,17271,23426,66,-3,278,
2396978,17271,23426,63,-3,321,
2396983,17271,23426,62,-2,328,
2396988,17290,23447,61,-2,330,
2396993,17306,23472,59,-2,357,
2396998,17320,23508,58,-2,380,
2397003,17337,23548,56,-1,389,
2397008,17353,23587,55,0,407,
2397013,17373,23626,54,0,423,
2397018,17397,23661,52,0,437,
2397023,17425,23696,51,0,480,
2397028,17461,23735,51,0,495,
2397033,17499,23777,50,0,497,
2397038,17541,23826,50,0,501,
2397043,17586,23877,50,0,504,
2397048,17635,23935,50,0,516,
2397053,17686,23993,50,0,524,
2397058,17741,24051,50,0,536,
2397063,17803,24110,50,0,550,
2397068,17867,24168,50,0,554,
2397073,17940,24231,50,0,569,
2397078,18014,24296,50,0,576,
2397083,18088,24358,48,0,587,
2397088,18166,24422,48,0,600,
2397093,18247,24493,47,0,616,
2397098,18329,24563,47,0,622,
2397103,18416,24633,47,0,631,
2397108,18503,24703,47,0,630,
2397113,18591,24769,47,0,641,
2397118,18686,24842,47,0,647,
2397123,18780,24922,45,-1,661,
2397128,18876,25003,45,-1,660,
2397133,18970,25078,44,-1,663,
2397138,19061,25151,44,-1,660,
2397143,19154,25229,44,-1,670,
2397148,19245,25314,44,-2,671,
2397153,19337,25405,44,-2,670,
2397158,19428,25498,44,-2,678,
2397163,19520,25587,44,-2,682,
2397168,19615,25672,44,-2,675,
2397173,19708,25761,44,-2,682,
2397178,19803,25854,44,-3,688,
2397183,19902,25954,44,-3,691,
2397188,20000,26049,44,-3,694,
2397193,20102,26139,44,-3,695,
2397198,20203,26225,44,-3,693,
2397203,20298,26309,44,-3,695,
2397208,20392,26402,45,-3,697,
2397213,20483,26499,45,-3,695,
2397218,20572,26597,46,-4,702,
2397223,20664,26689,46,-4,698,
2397228,20755,26769,45,-4,701,
2397233,20848,26842,45,-4,708,
2397238,20945,26914,44,-4,710,
2397243,21033,26989,44,-4,709,
2397248,21119,27070,42,-5,717,
2397253,21205,27156,42,-5,714,
2397258,21285,27234,41,-6,720,
2397263,21368,27305,41,-6,718,
2397268,21447,27367,42,-5,721,
2397273,21524,27420,42,-7,725,
2397278,21601,27476,43,-7,723,
2397283,21677,27536,43,-7,727,
2397288,21756,27606,43,-7,726,
2397293,21834,27682,43,-8,728,
2397298,21912,27756,43,-8,723,
2397303,21991,27828,43,-8,726,
2397308,22069,27895,43,-8,726,
2397313,22146,27959,43,-8,733,
2397318,22222,28020,43,-8,734,
2397323,22296,28076,43,-8,734,
2397328,22369,28134,43,-8,737,
2397333,22440,28188,46,-9,737,
2397338,22509,28242,46,-9,734,
2397343,22576,28297,46,-9,734,
2397348,22644,28354,44,-10,734,
2397353,22713,28411,44,-10,735,
2397358,22784,28469,44,-10,736,
2397363,22854,28528,44,-11,735,
2397368,22922,28582,44,-11,740,
2397373,22982,28629,42,-11,734,
2397378,23038,28668,42,-11,740,
2397383,23097,28709,41,-11,740,
2397388,23149,28753,41,-12,740,
2397393,23201,28803,41,-12,745,
2397398,23255,28856,41,-12,739,
2397403,23305,28899,40,-14,740,
2397408,23361,28934,40,-14,739,
2397413,23418,28966,40,-14,740,
2397418,23468,28999,40,-14,742,
2397423,23513,29035,41,-15,742,
2397428,23555,29070,41,-15,741,
2397433,23594,29102,41,-15,744,
2397438,23636,29131,41,-15,741,
2397443,23677,29161,41,-15,743,
2397448,23715,29189,41,-15,742,
2397453,23752,29217,41,-15,746,
2397458,23786,29244,41,-15,748,
2397463,23820,29267,41,-15,749,
2397468,23850,29288,43,-14,747,
2397473,23881,29308,42,-13,749,
2397478,23911,29325,43,-13,752,
2397483,23938,29344,43,-13,755,
2397488,23962,29368,43,-13,751,
2397493,23984,29388,43,-13,759,
2397498,24007,29410,43,-13,756,
2397503,24032,29436,43,-13,758,
2397508,24061,29463,43,-13,759,
2397513,24089,29491,43,-13,757,
2397518,24115,29517,42,-12,758,
2397523,24143,29537,42,-12,762,
2397528,24171,29555,41,-12,763,
2397533,24202,29582,41,-12,758,
2397538,24231,29609,41,-12,758,
2397543,24261,29634,41,-12,760,
2397548,24289,29661,41,-11,760,
2397553,24313,29681,41,-11,758,
2397558,24337,29698,41,-11,759,
2397563,24357,29714,41,-11,761,
2397568,24375,29725,41,-11,761,
2397573,24392,29735,41,-10,760,
2397578,24407,29748,41,-10,760,
2397583,24421,29761,41,-10,760,
2397588,24436,29774,41,-10,763,
2397593,24455,29788,41,-10,762,
2397598,24478,29807,41,-10,764,
2397603,24503,29828,41,-10,764,
2397608,24524,29848,41,-10,761,
2397613,24543,29862,41,-10,760,
2397618,24559,29873,41,-10,760,
2397623,24578,29883,41,-10,760,
2397628,24599,29900,41,-10,760,
2397633,24625,29924,41,-10,763,
2397638,24656,29950,41,-10,764,
2397643,24687,29979,41,-10,766,
2397648,24718,30004,41,-10,763,
2397653,24748,30025,41,-10,764,
2397658,24773,30044,41,-10,763,
2397663,24800,30065,41,-10,769,
2397668,24832,30095,40,-10,767,
2397673,24863,30128,40,-10,765,
2397678,24891,30157,38,-10,764,
2397683,24914,30178,38,-11,766,
2397688,24930,30188,38,-11,766,
2397693,24946,30196,38,-11,766,
2397698,24963,30206,38,-11,769,
2397703,24984,30215,38,-11,771,
2397708,25006,30228,37,-11,769,
2397713,25030,30247,37,-11,770,
2397718,25056,30267,35,-11,772,
2397723,25077,30287,35,-12,769,
2397729,25095,30300,35,-12,769,
2397734,25111,30300,35,-12,772,
2397739,25126,30312,35,-12,772,
2397744,25145,30322,35,-12,774,
2397749,25169,30342,36,-14,773,
2397754,25195,30368,36,-14,779,
2397759,25225,30393,36,-14,785,
2397764,25250,30422,34,-14,780,
2397769,25268,30443,34,-14,778,
2397774,25279,30456,32,-14,779,
2397779,25279,30464,32,-15,778,
2397784,25286,30464,32,-15,765,
2397789,25286,30464,32,-15,735,
2397794,25286,30464,32,-15,697,
2397799,25286,30464,32,-15,640,
2397804,25286,30464,33,-17,561,
2397809,25277,30464,33,-17,448,
2397814,25266,30451,33,-17,298,
2397819,25247,30434,33,-17,52,
2397824,25247,30434,33,-17,0,
2397829,25176,30364,33,-17,0,
2397834,25127,30316,33,-17,0,
2397839,25074,30276,33,-17,0,
2397844,25026,30250,32,-15,0,
2397849,24985,30250,32,-15,0,
2397854,24958,30258,33,-15,0,
2397859,24946,30282,33,-15,0,
2397864,24946,30317,35,-15,0,
2397869,24961,30363,35,-15,0,
2397874,24991,30410,35,-15,0,
2397879,25034,30448,36,-14,0,
2397884,25093,30473,36,-14,0,
2397889,25162,30478,36,-14,0,
2397894,25235,30478,36,-14,0,
2397899,25315,30478,36,-14,0,
2397904,25397,30478,37,-14,0,
2397909,25480,30478,39,-13,0,
2397914,25566,30478,42,-13,0,
2397919,25648,30478,43,-13,0,
2397924,25719,30478,46,-13,0,
2397929,25782,30478,48,-13,0,
2397934,25834,30478,49,-13,0,
2397939,25876,30478,51,-11,0,
2397944,25909,30478,52,-12,0,
2397949,25928,30478,54,-11,0,
2397954,25936,30478,54,-10,0,
2397959,25936,30478,54,-10,0,
2397964,25920,30478,56,-9,0,
2397969,25902,30478,57,-9,0,
2397974,25879,30478,58,-9,0,
2397979,25855,30478,58,-9,0,
2397984,25831,30478,58,-9,0,
2397989,25808,30478,57,-9,0,
2397994,25784,30478,54,-9,0,
2397999,25758,30478,53,-9,0,
2398004,25732,30478,51,-9,0,
2398009,25706,30478,50,-9,0,
2398014,25682,30478,50,-9,0,
2398019,25663,30478,50,-10,0,
2398024,25648,30478,50,-10,0,
2398029,25638,30478,50,-10,0,
2398034,25638,30478,50,-10,0,
2398039,25628,30478,50,-10,0,
2398044,25628,30478,49,-12,0,
2398049,25620,30478,49,-12,0,
2398054,25620,30478,49,-12,0,
2398059,25608,30478,49,-12,0,
2398064,25598,30478,49,-13,0,
2398069,25586,30478,49,-13,0,
2398074,25572,30478,49,-13,0,
2398079,25556,30478,49,-13,0,
2398084,25540,30478,49,-13,0,
2398089,25522,30478,49,-13,0,
2398094,25502,30478,49,-13,0,
2398099,25480,30478,49,-13,0,
2398104,25454,30478,49,-13,0,
2398109,25431,30478,51,-12,0,
2398114,25409,30478,51,-12,0,
2398119,25387,30478,52,-13,0,
2398124,25368,30478,52,-13,0,
2398129,25349,30478,52,-13,0,
2398134,25334,30478,51,-12,0,
2398139,25323,30478,51,-12,0,
2398144,25316,30478,49,-13,0,
2398149,25316,30478,48,-13,0,
2398154,25308,30478,48,-13,0,
2398159,25308,30478,46,-13,0,
2398164,25308,30478,45,-13,0,
2398169,25316,30478,43,-13,0,
2398174,25316,30478,42,-13,0,
2398179,25328,30478,42,-13,0,
2398184,25328,30478,40,-14,0,
2398189,25328,30478,39,-13,0,
2398194,25328,30478,39,-14,0,
2398199,25328,30478,37,-14,0,
2398204,25328,30478,37,-14,0,
2398209,25328,30478,36,-14,0,
2398214,25321,30478,35,-15,0,
2398218,25321,30478,35,-15,54,
2398223,25306,30478,35,-15,64,
2398228,25296,30478,35,-15,86,
2398233,25296,30478,35,-15,129,
2398238,25289,30478,35,-15,148,
2398243,25289,30478,35,-15,171,
2398248,25289,30478,35,-15,200,
2398253,25296,30478,35,-15,225,
2398258,25296,30478,35,-16,254,
2398263,25296,30478,35,-16,291,
2398268,25307,30478,35,-16,326,
2398273,25307,30478,35,-16,355,
2398278,25315,30478,35,-16,378,
2398283,25315,30478,35,-16,393,
2398288,25315,30478,35,-16,401,
2398293,25315,30478,35,-16,407,
2398298,25324,30478,35,-16,416,
2398303,25324,30478,35,-16,429,
2398308,25324,30478,35,-18,435,
2398313,25324,30478,35,-18,445,
2398318,25324,30478,35,-18,459,
2398323,25324,30478,35,-18,474,
2398328,25333,30478,35,-18,490,
2398333,25333,30478,35,-18,507,
2398338,25333,30478,35,-18,524,
2398343,25333,30478,35,-18,545,
2398348,25333,30478,35,-18,563,
2398353,25333,30478,35,-18,580,
2398358,25333,30478,35,-18,601,
2398363,25333,30478,35,-18,620,
2398368,25333,30478,35,-18,636,
2398373,25333,30478,35,-18,653,
2398378,25333,30478,34,-18,673,
2398383,25333,30478,34,-18,694,
2398388,25333,30478,32,-18,714,
2398393,25333,30478,32,-18,733,
2398398,25333,30478,32,-18,750,
2398403,25333,30478,32,-18,766,
2398408,25333,30478,32,-18,781,
2398413,25333,30478,32,-18,794,
2398418,25333,30478,32,-18,807,
2398423,25333,30478,32,-18,819,
2398428,25333,30478,32,-18,829,
2398433,25333,30478,32,-18,841,
2398438,25340,30478,32,-18,849,
2398443,25340,30478,32,-18,855,
2398448,25340,30478,32,-18,862,
2398453,25340,30478,32,-18,868,
2398458,25340,30478,32,-18,873,
2398463,25340,30478,32,-18,876,
2398468,25349,30473,32,-18,881,
2398473,25349,30473,32,-18,885,
2398478,25359,30473,32,-18,891,
2398483,25369,30473,32,-18,899,
2398488,25381,30463,32,-18,903,
2398493,25394,30463,34,-18,902,
2398498,25408,30463,34,-18,903,
2398503,25425,30463,35,-18,913,
2398508,25445,30463,35,-18,922,
2398513,25465,30463,35,-18,921,
2398518,25486,30463,35,-18,928,
2398523,25509,30463,37,-18,937,
2398528,25530,30463,37,-18,933,
2398533,25552,30463,37,-17,933,
2398538,25575,30463,37,-17,952,
2398543,25599,30463,37,-17,960,
2398548,25630,30463,37,-17,957,
2398553,25666,30463,37,-17,957,
2398558,25701,30463,37,-17,954,
2398563,25734,30463,37,-17,954,
2398568,25763,30463,37,-17,963,
2398573,25791,30463,37,-17,963,
2398578,25820,30456,37,-17,961,
2398583,25848,30456,37,-17,963,
2398588,25877,30447,37,-17,982,
2398593,25913,30447,37,-17,977,
2398598,25952,30447,37,-17,979,
2398603,25994,30439,37,-17,975,
2398608,26035,30439,37,-17,982,
2398613,26076,30439,37,-17,977,
2398618,26119,30439,37,-17,978,
2398623,26170,30454,37,-17,976,
2398628,26219,30464,37,-17,977,
2398633,26266,30471,37,-17,977,
2398638,26312,30471,37,-17,979,
2398643,26356,30471,37,-17,979,
2398648,26411,30471,37,-17,982,
2398653,26473,30471,37,-17,982,
2398658,26533,30478,37,-17,978,
2398663,26591,30478,37,-17,979,
2398668,26637,30478,37,-17,979,
2398673,26680,30478,37,-18,981,
2398678,26724,30465,37,-18,982,
2398683,26768,30465,35,-18,983,
2398688,26816,30458,35,-18,982,
2398693,26862,30458,35,-19,980,
2398698,26902,30465,35,-19,978,
2398703,26939,30465,35,-19,980,
2398708,26973,30455,35,-19,991,
2398713,27008,30442,35,-19,992,
2398718,27045,30430,33,-19,991,
2398723,27085,30422,33,-19,996,
2398728,27124,30422,32,-19,993,
2398733,27162,30422,32,-19,994,
2398738,27204,30422,32,-19,1002,
2398743,27249,30422,32,-19,1005,
2398748,27299,30422,32,-19,1005,
2398753,27354,30422,31,-19,1004,
2398758,27410,30422,31,-19,1007,
2398763,27464,30422,29,-20,1011,
2398768,27515,30413,29,-20,1011,
2398773,27561,30413,29,-20,1012,
2398778,27607,30399,29,-20,1016,
2398783,27652,30390,29,-20,1020,
2398788,27698,30382,29,-20,1018,
2398793,27746,30382,29,-20,1018,
2398798,27795,30382,31,-19,1020,
2398803,27846,30396,31,-19,1020,
2398808,27895,30396,31,-19,1023,
2398813,27946,30396,31,-19,1023,
2398818,27993,30396,31,-19,1023,
2398823,28041,30389,31,-19,1023,
2398828,28087,30389,32,-19,1023,
2398833,28133,30389,32,-19,1023,
2398838,28179,30389,32,-21,1023,
2398843,28228,30389,32,-21,1023,
2398848,28277,30376,32,-21,1023,
2398853,28327,30364,32,-21,1023,
2398858,28380,30356,32,-21,1023,
2398863,28433,30356,32,-21,1023,
2398868,28492,30356,31,-20,1023,
2398873,28554,30356,31,-20,1023,
2398878,28614,30356,29,-20,1023,
2398883,28671,30356,29,-22,1023,
2398888,28724,30347,29,-22,1023,
2398894,28773,30338,29,-22,1023,
2398899,28823,30331,29,-22,1023,
2398904,28875,30324,29,-22,1023,
2398909,28931,30324,29,-20,1023,
2398914,28989,30324,29,-20,1023,
2398919,29049,30315,29,-20,1023,
2398924,29104,30315,28,-21,1023,
2398929,29154,30303,28,-21,1023,
2398934,29200,30289,27,-21,1023,
2398939,29244,30277,27,-21,1023,
2398944,29295,30262,27,-21,1023,
2398949,29350,30252,27,-21,1023,
2398954,29408,30244,27,-21,1023,
2398959,29463,30235,25,-21,1023,
2398964,29518,30227,25,-21,1023,
2398969,29574,30218,24,-20,1023,
2398974,29629,30218,24,-20,1023,
2398979,29693,30210,24,-20,1023,
2398984,29762,30210,24,-20,1023,
2398989,29831,30210,24,-20,1023,
2398994,29898,30210,24,-20,1023,
2398999,29955,30210,24,-20,1023,
2399004,30007,30199,24,-20,1023,
2399009,30060,30192,24,-20,1023,
2399014,30123,30181,24,-20,1023,
2399019,30194,30174,24,-20,1023,
2399024,30260,30174,24,-20,1023,
2399029,30320,30162,24,-20,1023,
2399034,30369,30162,26,-20,1023,
2399039,30413,30162,26,-20,1023,
2399044,30458,30155,26,-19,1023,
2399049,30501,30155,26,-19,1023,
2399054,30553,30143,26,-19,1023,
2399059,30606,30131,26,-19,1023,
2399064,30662,30120,27,-18,1023,
2399069,30726,30113,27,-18,1023,
2399074,30785,30113,27,-18,1023,
2399079,30845,30113,25,-18,1023,
2399084,30904,30103,25,-18,1023,
2399089,30963,30103,24,-18,1023,
2399094,31022,30103,24,-18,1023,
2399099,31078,30094,24,-18,1023,
2399104,31136,30094,24,-18,1023,
2399109,31198,30080,24,-18,1023,
2399114,31263,30073,24,-18,1023,
2399119,31328,30073,24,-18,1023,
2399124,31389,30073,24,-18,1023,
2399129,31445,30073,23,-19,1023,
2399134,31494,30073,23,-19,1023,
2399139,31536,30053,22,-19,1023,
2399144,31576,30042,22,-19,1023,
2399149,31614,30042,22,-19,1023,
2399154,31653,30035,22,-19,1023,
2399159,31695,30035,22,-19,1023,
2399164,31739,30022,22,-19,1023,
2399169,31778,30022,22,-19,1023,
2399174,31813,30015,22,-19,1023,
2399179,31848,30015,22,-19,1023,
2399184,31886,30022,21,-19,1023,
2399189,31931,30022,21,-19,1023,
2399194,31991,30022,21,-19,1023,
2399199,32056,30022,21,-19,1023,
2399204,32121,30022,21,-19,1023,
2399209,32178,30022,21,-19,1023,
2399214,32222,30022,21,-21,1023,
2399219,32258,30022,23,-21,1023,
2399224,32292,30022,23,-21,1023,
2399229,32332,30022,24,-20,1023,
2399234,32377,30022,24,-20,1023,
2399239,32423,30022,24,-20,1023,
2399244,32467,30022,23,-21,1023,
2399249,32503,30015,23,-21,1023,
2399254,32532,30004,21,-21,1023,
2399259,32561,29994,21,-21,1023,
2399264,32593,29994,21,-21,1023,
2399269,32628,29994,21,-21,1023,
2399274,32663,29994,21,-19,1023,
2399279,32699,29994,21,-19,1023,
2399284,32737,29994,21,-19,1023,
2399289,32774,29994,21,-19,1023,
2399294,32813,29994,21,-19,1023,
2399299,32852,29986,21,-19,1023,
2399304,32881,29976,21,-19,1023,
2399309,32905,29963,21,-19,1023,
2399314,32928,29953,21,-19,1023,
2399319,32954,29953,21,-19,1023,
2399324,32985,29953,21,-19,1023,
2399329,33019,29953,21,-19,1023,
2399334,33047,29953,21,-21,1023,
2399339,33062,29953,21,-21,1023,
2399344,33062,29953,21,-21,1023,
2399349,33062,29942,19,-21,1023,
2399354,33054,29942,19,-21,1023,
2399359,33054,29942,19,-22,1023,
2399364,33054,29942,19,-22,1023,
2399369,33054,29942,19,-22,1014,
2399374,33054,29934,19,-22,986,
2399379,33054,29934,19,-22,947,
2399384,33054,29934,19,-22,898,
2399389,33054,29934,19,-22,833,
2399394,33054,29934,19,-22,732,
2399399,33047,29934,19,-22,577,
2399404,33036,29943,19,-22,313,
2399409,33005,29936,19,-22,4,
2399414,33005,29936,19,-22,0,
2399419,32845,29880,19,-22,0,
2399424,32705,29845,19,-23,0,
2399429,32538,29821,20,-23,0,
2399434,32366,29821,20,-23,0,
2399439,32213,29835,21,-23,0,
2399444,32090,29853,22,-22,0,
2399449,32001,29872,25,-23,0,
2399454,31935,29872,28,-22,0,
2399459,31890,29862,31,-22,0,
2399464,31853,29810,33,-21,0,
2399469,31828,29713,38,-22,0,
2399474,31805,29586,42,-21,0,
2399479,31776,29428,46,-19,0,
2399484,31744,29255,50,-19,0,
2399489,31710,29077,55,-18,0,
2399494,31672,28902,58,-16,0,
2399499,31636,28733,64,-16,0,
2399504,31600,28565,69,-15,0,
2399509,31545,28386,72,-14,0,
2399514,31487,28163,74,-14,0,
2399519,31412,27899,77,-16,0,
2399524,31323,27612,77,-17,0,
2399529,31243,27327,73,-22,0,
2399534,31161,27078,72,-24,0,
2399539,31086,26859,68,-27,0,
2399544,31022,26650,64,-31,0,
2399549,31022,26650,64,-31,0,
2399611,30962,24350,35,-15,0,
2399616,30962,24317,36,-14,0,
2399621,30970,24250,36,-14,0,
2399626,30979,24148,36,-14,0,
2399631,30991,24019,35,-12,0,
2399636,30991,23910,35,-11,0,
2399641,31004,23820,35,-11,0,
2399646,31004,23749,36,-10,0,
2399651,31011,23697,36,-9,0,
2399656,31011,23652,36,-7,0,
2399661,31011,23619,36,-7,0,
2399666,31000,23598,36,-7,0,
2399671,30988,23584,36,-7,0,
2399676,30975,23575,36,-9,0,
2399681,30956,23564,35,-11,0,
2399686,30935,23555,35,-12,0,
2399691,30905,23544,36,-14,0,
2399696,30869,23528,37,-15,0,
2399701,30834,23506,37,-18,0,
2399706,30802,23479,38,-19,0,
2399711,30779,23451,38,-22,0,
2399716,30759,23424,38,-22,0,
2399721,30741,23401,39,-25,0,
2399726,30722,23382,38,-27,0,
2399731,30700,23365,40,-29,0,
2399736,30675,23355,39,-32,0,
2399741,30651,23355,41,-33,0,
2399746,30625,23355,41,-33,0,
2399751,30599,23355,41,-32,0,
2399756,30577,23355,41,-32,0,
2399761,30555,23355,43,-31,0,
2399766,30534,23363,43,-29,0,
2399771,30511,23363,45,-28,0,
2399776,30482,23363,45,-27,0,
2399781,30451,23363,45,-27,0,
2399786,30417,23372,45,-26,0,
2399791,30386,23372,47,-26,0,
2399796,30360,23372,47,-23,0,
2399801,30341,23364,48,-24,0,
2399806,30329,23364,49,-22,0,
2399811,30316,23356,49,-22,0,
2399816,30304,23356,49,-22,0,
2399821,30287,23356,49,-22,0,
2399826,30269,23356,49,-22,0,
2399831,30252,23364,48,-20,0,
2399836,30235,23364,48,-20,0,
2399841,30221,23364,48,-20,0,
2399846,30206,23364,48,-19,0,
2399851,30193,23372,48,-19,0,
2399856,30182,23372,48,-19,0,
2399861,30169,23381,49,-18,0,
2399866,30156,23381,49,-18,0,
2399871,30142,23381,49,-17,0,
2399876,30123,23381,49,-17,0,
2399881,30102,23381,49,-17,0,
2399886,30083,23381,50,-16,0,
2399891,30067,23381,50,-16,0,
2399896,30055,23381,52,-14,0,
2399901,30047,23381,52,-14,0,
2399906,30040,23388,52,-14,0,
2399911,30040,23388,52,-14,0,
2399916,30027,23388,52,-14,0,
2399921,30020,23399,52,-14,0,
2399926,30020,23399,52,-14,0,
2399931,30007,23406,52,-14,0,
2399936,29999,23406,52,-14,0,
2399941,29991,23416,52,-14,0,
2399946,29983,23424,52,-14,0,
2399951,29983,23431,52,-14,0,
2399956,29976,23431,52,-14,0,
2399961,29976,23441,52,-14,0,
2399966,29976,23441,52,-14,0,
2399971,29987,23455,50,-14,0,
2399976,29996,23465,50,-14,0,
2399981,30009,23476,49,-14,0,
2399986,30023,23486,49,-13,0,
2399991,30038,23496,49,-13,0,
2399990,30038,23496,49,-13,39,
2399995,30049,23518,49,-13,113,
2400000,30057,23533,49,-12,66,
2400005,30057,23548,49,-12,110,
2400010,30072,23569,48,-12,191,
2400015,30086,23594,48,-12,225,
2400020,30105,23621,47,-10,257,
2400025,30119,23654,47,-10,311,
2400030,30135,23686,47,-10,344,
2400035,30151,23719,47,-10,373,
2400040,30168,23757,47,-10,407,
2400045,30182,23789,46,-8,402,
2400050,30193,23814,44,-8,404,
2400055,30202,23832,45,-7,450,
2400060,30209,23846,43,-7,493,
2400065,30220,23864,43,-7,524,
2400070,30240,23891,43,-7,546,
2400075,30265,23925,43,-7,549,
2400080,30293,23960,43,-7,565,
2400085,30325,23997,43,-7,581,
2400090,30353,24030,43,-7,608,
2400095,30382,24067,44,-6,621,
2400100,30415,24100,44,-6,639,
2400105,30448,24129,44,-6,647,
2400110,30480,24156,44,-6,656,
2400115,30508,24174,43,-7,685,
2400120,30535,24196,43,-7,690,
2400125,30565,24227,43,-7,686,
2400130,30598,24266,43,-8,693,
2400135,30635,24309,43,-9,706,
2400140,30670,24352,43,-9,708,
2400145,30702,24393,41,-10,713,
2400150,30736,24432,41,-10,729,
2400155,30771,24476,41,-10,732,
2400160,30810,24526,41,-11,748,
2400165,30852,24574,41,-11,762,
2400170,30892,24615,41,-11,769,
2400175,30930,24655,41,-11,778,
2400180,30968,24697,41,-12,798,
2400185,31009,24745,41,-12,799,
2400190,31057,24798,39,-12,807,
2400195,31106,24850,39,-12,816,
2400200,31152,24890,38,-12,815,
2400205,31194,24927,38,-12,823,
2400210,31230,24969,38,-12,827,
2400215,31274,25017,38,-12,842,
2400220,31317,25071,36,-12,840,
2400225,31363,25123,37,-14,842,
2400230,31410,25174,36,-14,842,
2400235,31446,25223,36,-14,848,
2400240,31481,25266,36,-14,851,
2400245,31515,25305,36,-14,858,
2400250,31549,25339,34,-14,878,
2400255,31590,25374,34,-14,884,
2400260,31638,25422,33,-15,879,
2400265,31685,25485,33,-15,880,
2400270,31728,25551,35,-16,883,
2400275,31768,25610,35,-16,885,
2400280,31803,25662,35,-16,889,
2400285,31843,25709,37,-18,898,
2400290,31883,25758,37,-18,901,
2400295,31921,25808,37,-17,903,
2400300,31959,25857,37,-17,908,
2400305,31996,25905,37,-17,911,
2400310,32034,25952,39,-17,918,
2400315,32076,25999,39,-17,932,
2400320,32117,26040,40,-17,926,
2400325,32156,26075,40,-17,931,
2400330,32197,26117,40,-17,930,
2400335,32237,26167,40,-17,939,
2400340,32281,26224,40,-17,938,
2400345,32327,26286,40,-17,939,
2400350,32375,26341,40,-17,941,
2400355,32425,26392,40,-17,942,
2400360,32474,26444,40,-17,940,
2400365,32522,26495,40,-17,945,
2400370,32569,26550,39,-19,940,
2400375,32610,26607,39,-19,939,
2400380,32646,26659,38,-20,942,
2400385,32675,26709,38,-22,945,
2400390,32703,26755,38,-22,950,
2400395,32735,26798,38,-22,951,
2400400,32770,26841,38,-22,953,
2400405,32810,26882,38,-22,953,
2400410,32843,26918,38,-22,954,
2400415,32869,26947,37,-24,954,
2400420,32895,26974,36,-24,956,
2400425,32917,27006,36,-24,962,
2400430,32945,27044,34,-25,963,
2400435,32978,27085,34,-25,965,
2400440,33012,27126,34,-25,966,
2400445,33045,27161,34,-25,965,
2400450,33070,27190,35,-27,968,
2400455,33095,27226,35,-27,980,
2400460,33125,27266,35,-27,978,
2400465,33160,27303,35,-27,978,
2400470,33203,27338,33,-29,983,
2400475,33246,27367,33,-29,993,
2400480,33289,27398,31,-28,991,
2400485,33336,27438,31,-30,994,
2400490,33378,27482,31,-30,994,
2400495,33416,27518,30,-30,995,
2400500,33448,27542,30,-31,1003,
2400505,33475,27558,28,-31,1017,
2400510,33496,27570,28,-31,1014,
2400515,33513,27587,29,-33,1016,
2400520,33533,27613,27,-33,1023,
2400525,33561,27649,27,-33,1023,
2400530,33592,27685,26,-33,1023,
2400535,33625,27722,25,-34,1023,
2400540,33658,27760,25,-34,1023,
2400545,33687,27798,25,-34,1023,
2400550,33720,27840,26,-35,1023,
2400555,33752,27877,25,-34,1023,
2400560,33781,27920,25,-34,1023,
2400565,33810,27973,25,-34,1023,
2400570,33841,28028,26,-33,1023,
2400575,33879,28083,26,-33,1023,
2400580,33916,28121,27,-31,1023,
2400585,33954,28144,27,-31,1023,
2400590,33988,28167,28,-29,1023,
2400595,34023,28198,28,-29,1023,
2400600,34063,28236,29,-29,1023,
2400605,34099,28273,29,-29,1023,
2400610,34129,28305,29,-29,1023,
2400615,34159,28333,28,-27,1023,
2400620,34182,28361,30,-27,1023,
2400625,34210,28388,30,-26,1023,
2400630,34240,28410,32,-26,1023,
2400635,34270,28432,30,-26,1023,
2400640,34303,28456,30,-26,1023,
2400645,34335,28483,29,-26,1023,
2400650,34369,28520,28,-27,1023,
2400655,34403,28556,28,-27,1023,
2400660,34434,28592,29,-29,1023,
2400665,34460,28626,29,-29,1023,
2400670,34482,28662,29,-29,1023,
2400675,34503,28700,28,-29,1023,
2400680,34522,28739,27,-30,1023,
2400685,34543,28780,27,-31,1023,
2400690,34570,28814,26,-32,1023,
2400696,34594,28838,26,-32,1023,
2400701,34617,28860,26,-33,1023,
2400706,34637,28879,26,-33,1023,
2400711,34657,28901,26,-33,1023,
2400716,34676,28926,25,-34,1023,
2400721,34696,28948,25,-34,1023,
2400726,34713,28966,25,-34,1023,
2400731,34726,28981,26,-35,1023,
2400736,34737,28992,26,-35,1023,
2400741,34749,29002,26,-35,1023,
2400746,34761,29013,26,-35,1023,
2400751,34772,29025,26,-35,1023,
2400756,34785,29037,24,-36,1023,
2400761,34798,29051,24,-36,1023,
2400766,34815,29066,23,-36,1023,
2400771,34836,29081,23,-36,1017,
2400776,34858,29099,23,-36,998,
2400781,34882,29115,23,-36,988,
2400786,34900,29129,23,-36,978,
2400791,34910,29137,23,-36,966,
2400796,34910,29137,23,-36,943,
2400801,34910,29137,23,-36,902,
2400806,34901,29137,23,-36,855,
2400811,34901,29137,23,-36,787,
2400816,34894,29137,23,-36,702,
2400821,34894,29137,23,-36,596,
2400826,34887,29145,23,-36,448,
2400831,34877,29145,23,-36,230,
2400836,34877,29145,23,-36,0,
2400841,34790,29126,23,-36,0,
2400846,34702,29114,23,-36,0,
2400851,34592,29104,23,-36,0,
2400856,34478,29104,23,-36,0,
2400861,34376,29121,23,-36,0,
2400866,34294,29145,24,-36,0,
2400871,34234,29172,24,-36,0,
2400876,34191,29195,26,-35,0,
2400881,34156,29210,27,-36,0,
2400886,34121,29218,27,-36,0,
2400891,34076,29218,28,-34,0,
2400896,34015,29218,30,-34,0,
2400901,33947,29226,30,-34,0,
2400906,33880,29235,32,-33,0,
2400911,33820,29251,34,-34,0,
2400916,33769,29269,36,-34,0,
2400921,33721,29286,38,-32,0,
2400926,33674,29303,38,-32,0,
2400931,33621,29318,39,-32,0,
2400936,33571,29328,39,-32,0,
2400941,33522,29328,37,-30,0,
2400946,33477,29328,37,-30,0,
2400951,33439,29342,37,-31,0,
2400956,33405,29355,35,-30,0,
2400961,33371,29375,34,-30,0,
2400966,33339,29403,32,-31,0,
2400971,33307,29432,32,-31,0,
2400976,33278,29464,31,-31,0,
2400981,33256,29500,30,-31,0,
2400986,33237,29538,28,-31,0,
2400991,33221,29577,27,-31,0,
2400996,33206,29617,26,-32,0,
2401001,33192,29654,23,-32,0,
2401006,33177,29695,23,-32,0,
2401011,33167,29734,21,-32,0,
2401016,33160,29768,21,-32,0,
2401021,33152,29798,23,-32,0,
2401026,33142,29818,24,-31,0,
2401031,33130,29832,24,-31,0,
2401036,33114,29843,26,-30,0,
2401041,33100,29854,26,-30,0,
2401046,33086,29867,26,-30,0,
2401051,33075,29883,26,-30,0,
2401056,33062,29904,27,-30,0,
2401061,33049,29926,27,-28,0,
2401066,33039,29942,29,-29,0,
2401071,33027,29956,29,-29,0,
2401076,33020,29966,29,-29,0,
2401081,33012,29975,29,-29,0,
2401086,33000,29983,29,-29,0,
2401091,32991,29983,29,-29,0,
2401096,32981,29991,29,-29,0,
2401101,32973,29991,29,-29,0,
2401106,32973,30000,29,-29,0,
2401111,32964,30007,29,-29,0,
2401116,32964,30016,29,-29,0,
2401121,32951,30024,29,-29,0,
2401126,32951,30035,29,-29,0,
2401131,32941,30046,29,-29,0,
2401136,32941,30060,29,-29,0,
2401141,32941,30072,29,-29,0,
2401146,32941,30081,29,-29,0,
2401151,32941,30081,29,-29,0,
2401156,32941,30081,29,-29,0,
2401161,32941,30081,29,-29,0,
2401166,32941,30081,29,-29,0,
2401171,32933,30081,29,-29,0,
2401176,32933,30081,29,-29,0,
2401181,32924,30081,29,-29,0,
2401186,32924,30081,29,-29,0,
2401191,32912,30089,29,-29,0,
2401196,32905,30096,29,-28,0,
2401201,32895,30096,29,-28,0,
2401206,32883,30105,31,-28,0,
2401211,32873,30105,31,-28,0,
2401216,32864,30105,31,-28,0,
2401221,32857,30092,31,-28,0,
2401226,32857,30092,31,-28,0,
2401231,32857,30082,31,-28,0,
2401236,32857,30082,31,-28,0,
2401241,32857,30071,31,-28,0,
2401246,32857,30064,31,-28,0,
2401251,32847,30064,31,-28,0,
2401256,32847,30064,31,-28,0,
2401262,32847,30064,31,-28,2,
2401267,32847,30071,31,-28,27,
2401272,32858,30071,31,-28,48,
2401277,32866,30071,31,-28,85,
2401282,32877,30078,31,-28,112,
2401287,32889,30078,31,-28,140,
2401292,32900,30078,31,-28,182,
2401297,32910,30078,31,-28,213,
2401302,32923,30078,31,-28,253,
2401307,32939,30078,31,-28,281,
2401312,32957,30071,31,-28,287,
2401317,32977,30071,31,-28,305,
2401322,32994,30071,31,-28,350,
2401327,33010,30071,31,-28,385,
2401332,33026,30060,31,-28,412,
2401337,33044,30050,31,-28,430,
2401342,33064,30040,31,-30,439,
2401347,33084,30031,31,-28,445,
2401352,33104,30022,31,-28,461,
2401357,33124,30013,31,-28,475,
2401362,33144,30004,31,-28,484,
2401367,33167,29992,31,-28,483,
2401372,33194,29984,31,-28,512,
2401377,33226,29977,31,-28,515,
2401382,33265,29969,29,-28,517,
2401387,33305,29969,29,-28,516,
2401392,33344,29969,29,-29,515,
2401397,33385,29962,29,-29,523,
2401402,33424,29962,29,-29,529,
2401407,33465,29947,29,-29,536,
2401412,33506,29930,29,-29,548,
2401417,33546,29910,28,-27,560,
2401422,33582,29892,28,-27,557,
2401427,33617,29872,28,-27,574,
2401432,33653,29859,27,-27,590,
2401437,33689,29847,27,-27,594,
2401442,33728,29829,27,-27,605,
2401447,33768,29810,27,-27,606,
2401452,33806,29787,27,-27,620,
2401457,33846,29765,28,-27,630,
2401462,33883,29749,28,-27,627,
2401467,33917,29735,28,-27,638,
2401472,33948,29724,28,-27,636,
2401477,33979,29710,29,-29,639,
2401482,34013,29695,29,-29,648,
2401487,34054,29679,29,-29,653,
2401492,34099,29665,29,-29,646,
2401497,34144,29648,29,-29,655,
2401502,34182,29632,29,-29,658,
2401507,34213,29615,28,-29,673,
2401512,34241,29599,28,-29,673,
2401517,34268,29588,28,-29,671,
2401522,34299,29588,28,-31,673,
2401527,34328,29580,28,-31,670,
2401532,34351,29580,28,-31,673,
2401537,34372,29565,28,-31,690,
2401542,34391,29552,28,-31,694,
2401547,34411,29535,28,-31,700,
2401552,34433,29518,28,-31,705,
2401557,34454,29507,28,-31,704,
2401562,34478,29497,27,-31,708,
2401567,34503,29497,27,-33,708,
2401572,34531,29488,26,-33,711,
2401577,34559,29488,26,-33,710,
2401582,34585,29479,26,-33,707,
2401587,34613,29472,26,-33,710,
2401592,34637,29465,26,-33,714,
2401597,34663,29455,26,-33,720,
2401602,34689,29447,26,-33,725,
2401607,34713,29447,26,-33,724,
2401612,34740,29437,26,-33,730,
2401617,34768,29437,26,-33,730,
2401622,34795,29429,26,-33,732,
2401627,34822,29422,26,-33,732,
2401632,34842,29422,26,-33,734,
2401637,34861,29406,26,-33,739,
2401642,34876,29395,26,-33,742,
2401647,34891,29386,26,-33,742,
2401652,34904,29386,26,-33,742,
2401657,34916,29377,26,-33,742,
2401662,34925,29377,26,-33,744,
2401667,34934,29377,26,-33,750,
2401672,34942,29365,26,-33,757,
2401677,34953,29365,26,-33,760,
2401682,34966,29355,26,-33,758,
2401687,34977,29355,26,-33,760,
2401692,34988,29355,26,-33,767,
2401697,34996,29355,26,-33,772,
2401702,35003,29346,24,-33,774,
2401707,35010,29346,24,-33,775,
2401712,35017,29338,23,-34,775,
2401717,35017,29338,23,-34,776,
2401722,35017,29338,23,-34,776,
2401727,35017,29338,23,-34,775,
2401732,35017,29330,23,-34,760,
2401737,35017,29330,23,-34,739,
2401742,35017,29330,23,-34,705,
2401747,35017,29330,23,-34,656,
2401752,35017,29330,23,-34,589,
2401757,35017,29330,23,-34,494,
2401762,35005,29330,23,-34,369,
2401767,34997,29330,23,-34,189,
2401772,34997,29330,23,-34,0,
2401777,34959,29295,23,-34,0,
2401782,34922,29286,23,-34,0,
2401787,34876,29286,23,-34,0,
2401792,34826,29301,23,-34,0,
2401797,34785,29324,24,-33,0,
2401802,34761,29344,24,-35,0,
2401807,34751,29360,25,-34,0,
2401812,34751,29370,25,-34,0,
2401817,34768,29370,26,-33,0,
2401822,34784,29370,27,-33,0,
2401827,34805,29344,27,-33,0,
2401832,34826,29306,29,-33,0,
2401837,34838,29251,29,-33,0,
2401842,34838,29183,29,-33,0,
2401847,34821,29095,30,-31,0,
2401852,34792,28995,30,-31,0,
2401857,34758,28886,31,-31,0,
2401862,34714,28767,31,-31,0,
2401867,34665,28644,32,-31,0,
2401872,34604,28514,34,-30,0,
2401877,34528,28365,36,-30,0,
2401882,34442,28191,37,-31,0,
2401887,34344,27983,37,-32,0,
2401892,34239,27738,38,-35,0,
2401897,34122,27471,40,-40,0,
2401902,33994,27189,43,-43,0,
2401907,33851,26899,45,-45,0,
2401913,33697,26597,46,-45,0,
2401917,33697,26597,46,-45,0,
2401975,32350,21729,72,-2,0,
2401980,32335,21627,72,-2,0,
2401985,32303,21422,72,-2,0,
2401990,32259,21120,72,-2,0,
2401995,32200,20730,72,-2,0,
2402000,32144,20348,72,-3,0,
2402005,32097,19963,73,-3,0,
2402010,32057,19584,74,-3,0,
2402015,32025,19204,76,-5,0,
2402020,32009,18839,77,-4,0,
2402025,32009,18510,78,-5,0,
2402030,32027,18209,80,-5,0,
2402035,32070,17942,83,-4,0,
2402040,32136,17703,83,-4,0,
2402045,32218,17489,83,-4,0,
2402050,32309,17308,83,-4,0,
2402055,32417,17148,83,-5,0,
2402060,32535,17013,83,-7,0,
2402065,32664,16903,82,-8,0,
2402070,32799,16806,82,-8,0,
2402075,32929,16725,81,-9,0,
2402080,33057,16662,78,-9,0,
2402085,33182,16613,75,-10,0,
2402090,33312,16574,71,-12,0,
2402095,33445,16547,70,-13,0,
2402100,33574,16523,69,-14,0,
2402105,33694,16501,69,-14,0,
2402110,33798,16482,70,-13,0,
2402115,33885,16463,70,-15,0,
2402120,33960,16440,71,-16,0,
2402125,34023,16407,71,-17,0,
2402130,34072,16367,72,-18,0,
2402135,34107,16320,74,-17,0,
2402140,34127,16268,76,-16,0,
2402145,34135,16201,76,-13,0,
2402150,34135,16124,79,-12,0,
2402155,34135,16027,81,-11,0,
2402160,34116,15913,82,-10,0,
2402165,34094,15797,82,-8,0,
2402170,34064,15675,83,-7,0,
2402175,34030,15548,83,-5,0,
2402180,33991,15422,83,-4,0,
2402185,33949,15293,83,-4,0,
2402190,33900,15160,83,-4,0,
2402195,33846,15028,83,-4,0,
2402200,33781,14892,83,-5,0,
2402205,33709,14755,83,-5,0,
2402210,33631,14619,83,-7,0,
2402215,33541,14487,83,-7,0,
2402220,33446,14358,83,-7,0,
2402225,33340,14236,83,-7,0,
2402230,33225,14117,83,-7,0,
2402235,33104,13999,83,-7,0,
2402240,32982,13880,83,-5,0,
2402245,32863,13760,83,-5,0,
2402250,32747,13642,81,-5,0,
2402255,32633,13527,78,-6,0,
2402260,32523,13423,77,-5,0,
2402265,32416,13327,76,-3,0,
2402270,32318,13236,74,-1,0,
2402275,32226,13153,73,-1,0,
2402280,32135,13083,73,0,0,
2402285,32049,13025,72,-1,0,
2402290,31964,12980,70,-1,0,
2402295,31877,12941,72,-2,0,
2402300,31794,12902,73,-2,0,
2402305,31710,12859,77,-4,0,
2402310,31616,12816,81,-5,0,
2402315,31517,12775,83,-7,0,
2402320,31412,12734,83,-7,0,
2402325,31307,12693,82,-8,0,
2402330,31203,12651,82,-11,0,
2402335,31104,12608,82,-13,0,
2402340,31003,12563,82,-14,0,
2402345,30901,12518,81,-15,0,
2402350,30801,12471,79,-18,0,
2402355,30701,12421,78,-19,0,
2402360,30609,12367,76,-19,0,
2402365,30521,12315,74,-18,0,
2402370,30443,12268,72,-18,0,
2402375,30370,12219,70,-16,0,
2402380,30305,12176,69,-15,0,
2402385,30252,12134,66,-14,0,
2402390,30214,12096,65,-12,0,
2402395,30187,12064,62,-11,0,
2402400,30165,12039,63,-9,0,
2402405,30145,12022,64,-7,0,
2402410,30123,12011,66,-5,0,
2402415,30098,12004,69,-4,0,
2402420,30078,11995,70,-4,0,
2402425,30059,11979,72,-3,0,
2402430,30043,11958,73,-2,0,
2402435,30031,11942,73,-2,0,
2402440,30024,11942,74,-1,0,
2402445,30024,11942,74,-1,0,
2402450,30024,11965,74,-1,0,
2402455,30041,11996,73,-1,0,
2402460,30059,12035,73,-1,0,
2402465,30082,12083,72,-1,0,
2402470,30107,12140,70,-1,0,
2402475,30132,12203,69,-1,0,
2402480,30158,12271,68,-1,0,
2402485,30187,12341,66,-1,0,
2402490,30218,12410,65,-1,0,
2402495,30245,12481,65,-1,0,
2402500,30270,12550,63,-2,0,
2402505,30294,12616,62,-2,0,
2402510,30317,12674,61,-3,0,
2402515,30339,12727,59,-4,0,
2402520,30362,12771,59,-5,0,
2402525,30378,12807,58,-6,0,
2402530,30387,12837,56,-6,0,
2402535,30387,12856,56,-7,0,
2402540,30387,12868,54,-9,0,
2402545,30373,12868,54,-9,0,
2402550,30357,12868,54,-10,0,
2402555,30338,12868,54,-10,0,
2402560,30316,12860,55,-11,0,
2402565,30289,12860,55,-11,0,
2402570,30262,12860,55,-11,0,
2402575,30235,12860,55,-12,0,
2402580,30207,12860,55,-12,0,
2402585,30177,12860,55,-12,0,
2402590,30152,12848,55,-12,0,
2402595,30126,12848,55,-12,0,
2402600,30104,12839,55,-12,0,
2402605,30086,12839,55,-12,0,
2402610,30070,12824,55,-12,0,
2402615,30057,12814,55,-11,0,
2402620,30046,12800,55,-11,0,
2402625,30035,12786,55,-11,0,
2402630,30025,12770,55,-11,0,
2402635,30017,12752,54,-10,0,
2402640,30010,12734,54,-10,0,
2402645,30003,12719,54,-10,0,
2402651,29994,12719,54,-10,0,
2402656,29985,12719,54,-10,0,
2402661,29978,12719,54,-9,0,
2402666,29971,12730,54,-9,0,
2402671,29971,12730,54,-9,0,
2402676,29971,12739,54,-9,0,
2402681,29971,12739,54,-9,0,
2402686,29971,12739,54,-9,0,
2402691,29971,12739,54,-9,0,
2402696,29971,12739,55,-7,0,
2402701,29981,12739,55,-7,0,
2402706,29981,12729,55,-7,0,
2402711,29994,12729,55,-7,0,
2402716,29994,12722,55,-7,0,
2402721,30003,12722,55,-7,0,
2402726,30003,12722,55,-7,0,
2402731,30003,12714,55,-7,0,
2402736,30012,12706,55,-7,0,
2402741,30012,12706,53,-8,0,
2402738,30012,12706,53,-6,48,
2402743,30004,12696,52,-7,50,
2402748,30004,12696,52,-7,27,
2402753,30004,12696,52,-7,56,
2402758,30004,12696,52,-7,78,
2402763,30004,12696,51,-6,95,
2402768,30014,12704,51,-6,128,
2402773,30024,12725,49,-6,157,
2402778,30039,12747,49,-6,189,
2402783,30057,12772,49,-6,223,
2402788,30076,12797,49,-6,253,
2402793,30097,12820,49,-6,284,
2402798,30118,12846,49,-6,309,
2402803,30141,12877,49,-6,325,
2402808,30166,12909,49,-6,363,
2402813,30191,12943,49,-6,389,
2402818,30222,12975,49,-6,414,
2402823,30249,13005,49,-6,420,
2402828,30277,13034,49,-6,430,
2402833,30304,13062,49,-6,459,
2402838,30328,13088,49,-6,456,
2402843,30359,13112,48,-5,473,
2402848,30393,13138,48,-7,496,
2402853,30430,13169,46,-7,501,
2402858,30470,13205,46,-7,519,
2402863,30511,13246,46,-7,539,
2402868,30553,13286,46,-7,551,
2402873,30600,13323,46,-7,580,
2402878,30648,13359,46,-7,582,
2402883,30695,13396,46,-7,577,
2402888,30744,13437,46,-7,591,
2402893,30794,13486,46,-7,593,
2402898,30842,13540,46,-7,587,
2402903,30896,13590,46,-7,609,
2402908,30953,13637,46,-7,613,
2402913,31012,13676,46,-7,621,
2402918,31073,13715,46,-7,639,
2402923,31130,13764,46,-7,636,
2402928,31189,13822,45,-7,642,
2402933,31247,13886,45,-7,644,
2402938,31312,13950,43,-7,674,
2402943,31385,14008,43,-7,673,
2402948,31450,14061,43,-7,673,
2402953,31518,14114,43,-7,700,
2402958,31583,14165,43,-7,703,
2402963,31641,14215,43,-8,706,
2402968,31699,14260,43,-8,705,
2402973,31750,14308,43,-8,724,
2402978,31801,14361,44,-10,726,
2402983,31847,14420,44,-10,724,
2402988,31897,14487,44,-10,735,
2402993,31947,14546,44,-10,741,
2402998,31993,14595,44,-10,743,
2403003,32046,14641,45,-11,767,
2403008,32102,14689,45,-11,771,
2403013,32160,14745,47,-10,775,
2403018,32220,14815,47,-10,780,
2403023,32281,14884,47,-10,784,
2403028,32340,14945,46,-12,792,
2403033,32393,14999,46,-12,791,
2403038,32451,15054,46,-12,805,
2403043,32501,15099,46,-12,803,
2403048,32546,15138,46,-13,809,
2403053,32600,15180,46,-13,813,
2403058,32653,15215,46,-13,812,
2403063,32709,15262,46,-13,814,
2403068,32767,15312,46,-14,819,
2403073,32820,15356,44,-14,822,
2403078,32872,15402,44,-14,830,
2403083,32928,15442,43,-14,831,
2403088,32983,15486,43,-14,828,
2403093,33036,15532,43,-14,833,
2403098,33088,15569,43,-14,842,
2403103,33137,15602,43,-13,846,
2403108,33195,15637,43,-13,852,
2403113,33256,15677,42,-13,850,
2403118,33319,15718,42,-13,852,
2403123,33384,15758,40,-14,854,
2403128,33447,15795,40,-14,854,
2403133,33504,15829,40,-14,854,
2403138,33559,15861,39,-13,854,
2403143,33604,15891,39,-13,856,
2403148,33645,15919,39,-14,862,
2403153,33690,15952,39,-14,868,
2403158,33743,15998,39,-14,872,
2403163,33794,16049,39,-14,871,
2403168,33848,16100,38,-15,874,
2403173,33904,16149,38,-15,871,
2403178,33960,16193,40,-15,872,
2403183,34024,16242,39,-16,874,
2403188,34085,16294,41,-16,873,
2403193,34141,16338,41,-16,874,
2403198,34191,16384,41,-16,876,
2403203,34241,16432,40,-17,874,
2403208,34299,16480,40,-17,876,
2403213,34357,16535,40,-17,876,
2403218,34411,16583,40,-17,879,
2403223,34461,16626,42,-17,882,
2403228,34506,16672,41,-18,886,
2403233,34555,16721,43,-18,900,
2403238,34605,16766,41,-18,900,
2403243,34657,16805,41,-18,904,
2403248,34713,16838,40,-18,902,
2403253,34762,16872,41,-20,899,
2403258,34816,16916,41,-20,903,
2403263,34868,16963,41,-20,905,
2403268,34912,16999,41,-20,902,
2403273,34959,17034,40,-21,905,
2403278,35006,17069,40,-21,907,
2403283,35051,17103,40,-21,906,
2403288,35099,17140,40,-21,908,
2403293,35148,17171,41,-22,908,
2403298,35194,17200,41,-22,904,
2403303,35241,17231,41,-22,905,
2403308,35288,17271,40,-24,905,
2403313,35329,17311,40,-24,904,
2403318,35367,17349,40,-24,906,
2403323,35405,17384,39,-25,908,
2403328,35438,17413,39,-25,909,
2403333,35470,17440,37,-25,909,
2403338,35499,17464,37,-25,908,
2403343,35522,17488,37,-25,907,
2403348,35543,17513,37,-25,904,
2403353,35562,17540,37,-24,905,
2403358,35580,17570,36,-24,891,
2403363,35602,17604,36,-23,870,
2403368,35623,17638,34,-23,841,
2403373,35640,17667,35,-22,802,
2403378,35651,17687,35,-22,757,
2403383,35651,17703,36,-20,698,
2403388,35644,17719,36,-20,575,
2403393,35637,17741,35,-19,439,
2403398,35637,17772,35,-19,228,
2403403,35637,17772,35,-18,0,
2403408,35619,17845,35,-16,0,
2403413,35590,17888,35,-16,0,
2403418,35541,17938,35,-16,0,
2403423,35480,17995,35,-16,0,
2403428,35412,18058,35,-16,0,
2403433,35347,18131,35,-16,0,
2403438,35288,18214,36,-16,0,
2403443,35243,18316,37,-18,0,
2403448,35225,18425,37,-17,0,
2403453,35225,18539,38,-19,0,
2403458,35258,18654,39,-20,0,
2403463,35312,18767,38,-21,0,
2403469,35373,18899,41,-22,0,
2403474,35444,19042,40,-25,0,
2403479,35509,19191,39,-27,0,
2403484,35567,19355,38,-29,0,
2403489,35622,19514,37,-30,0,
2403494,35667,19669,37,-30,0,
2403499,35707,19834,40,-28,0,
2403504,35739,19993,44,-28,0,
2403509,35760,20155,49,-27,0,
2403514,35775,20316,53,-27,0,
2403519,35775,20477,58,-25,0,
2403524,35768,20641,61,-26,0,
2403529,35749,20809,64,-26,0,
2403534,35719,20993,68,-26,0,
2403539,35681,21186,73,-26,0,
2403544,35643,21399,75,-24,0,
2403549,35602,21620,76,-24,0,
2403554,35559,21846,78,-22,0,
2403559,35517,22073,79,-21,0,
2403564,35475,22283,79,-19,0,
2403569,35433,22490,80,-20,0,
2403574,35394,22695,78,-22,0,
2403579,35357,22899,76,-24,0,
2403584,35327,23101,74,-27,0,
2403589,35295,23305,69,-31,0,
2403594,35256,23511,64,-35,0,
2403599,35215,23716,60,-37,0,
2403604,35165,23933,55,-39,0,
2403609,35124,24153,51,-40,0,
2403614,35097,24371,47,-41,0,
2403619,35077,24598,42,-41,0,
2403624,35064,24833,42,-42,0,
2403629,35057,25070,39,-44,0,
2403634,35057,25289,38,-49,0,
2403639,35044,25483,38,-52,0,
2403644,35036,25653,37,-57,0,
2403649,35015,25802,36,-60,0,
2403654,34983,25950,36,-62,0,
2403659,34951,26104,37,-61,0,
2403664,34923,26254,37,-61,0,
2403669,34889,26428,38,-61,0,
2403674,34845,26626,39,-60,0,
2403679,34794,26821,39,-62,0,
2403684,34743,27003,39,-63,0,
2403689,34705,27143,38,-67,0,
2403694,34691,27242,38,-69,0,
2403699,34684,27319,37,-71,0,
2403704,34674,27388,37,-74,0,
2403709,34663,27458,37,-76,0,
2403714,34640,27530,37,-76,0,
2403719,34615,27593,37,-77,0,
2403724,34591,27638,37,-77,0,
2403729,34561,27667,39,-76,0,
2403734,34529,27667,38,-78,0,
2403739,34492,27679,39,-77,0,
2403744,34454,27699,39,-77,0,
2403749,34420,27736,39,-77,0,
2403754,34393,27791,39,-77,0,
2403759,34378,27853,39,-77,0,
2403764,34378,27918,41,-77,0,
2403769,34390,27985,41,-77,0,
2403774,34417,28058,42,-76,0,
2403779,34453,28133,41,-77,0,
2403784,34490,28207,41,-77,0,
2403789,34525,28272,39,-77,0,
2403794,34559,28333,40,-76,0,
2403799,34592,28383,42,-71,0,
2403804,34621,28428,45,-66,0,
2403809,34652,28463,45,-61,0,
2403814,34683,28490,48,-57,0,
2403819,34718,28521,47,-52,0,
2403824,34756,28549,47,-48,0,
2403829,34791,28582,48,-45,0,
2403834,34824,28612,48,-41,0,
2403839,34851,28636,47,-38,0,
2403844,34875,28652,48,-35,0,
2403849,34898,28666,47,-33,0,
2403854,34918,28682,46,-33,0,
2403859,34938,28697,46,-33,0,
2403864,34955,28716,44,-33,0,
2403869,34971,28733,44,-33,0,
2403874,34990,28748,44,-33,0,
2403879,35008,28762,44,-33,0,
2403884,35025,28775,43,-34,0,
2403889,35040,28791,43,-34,0,
2403894,35053,28804,41,-34,0,
2403899,35065,28818,41,-37,0,
2403904,35076,28833,41,-37,0,
2403909,35089,28851,41,-37,0,
2403914,35101,28873,41,-37,0,
2403919,35114,28897,40,-37,0,
2403924,35125,28925,40,-37,0,
2403929,35134,28951,40,-37,0,
2403934,35143,28973,39,-38,0,
2403939,35150,28991,39,-38,0,
2403944,35150,29007,38,-38,0,
2403949,35150,29024,38,-38,0,
2403954,35150,29042,38,-38,0,
2403959,35150,29061,38,-38,0,
2403964,35134,29072,38,-39,0,
2403969,35122,29079,38,-39,0,
2403974,35109,29087,38,-39,0,
2403979,35096,29095,38,-39,0,
2403984,35081,29105,38,-39,0,
2403989,35067,29113,38,-39,0,
2403994,35057,29121,38,-39,0,
2403999,35048,29131,38,-39,0,
2404004,35048,29146,38,-39,0,
2404009,35041,29165,38,-39,0,
2404014,35041,29188,38,-39,0,
2404019,35041,29208,37,-40,0,
2404024,35034,29226,37,-40,0,
2404029,35034,29245,39,-40,0,
2404034,35034,29259,39,-40,0,
2404039,35034,29273,40,-40,0,
2404044,35034,29290,40,-40,0,
2404049,35034,29303,40,-40,0,
2404054,35034,29321,40,-40,0,
2404059,35034,29337,40,-40,0,
2404064,35034,29352,40,-40,0,
2404069,35034,29372,40,-39,0,
2404074,35041,29382,40,-39,0,
2404082,35041,29382,40,-39,13,
2404087,35041,29405,40,-39,32,
2404092,35041,29405,40,-39,52,
2404097,35041,29414,40,-39,73,
2404102,35041,29414,40,-39,94,
2404107,35041,29414,40,-39,113,
2404112,35031,29422,40,-39,136,
2404117,35031,29422,40,-39,162,
2404122,35031,29422,40,-39,194,
2404127,35024,29422,40,-39,226,
2404132,35024,29413,40,-39,258,
2404137,35024,29413,40,-39,283,
2404142,35015,29404,40,-39,295,
2404147,35015,29397,40,-39,304,
2404152,35006,29389,40,-39,312,
2404157,35006,29379,40,-39,320,
2404162,34999,29366,40,-39,358,
2404167,34999,29350,40,-39,375,
2404172,34999,29326,40,-39,381,
2404177,34999,29303,40,-39,396,
2404182,35007,29273,40,-39,428,
2404187,35014,29235,40,-39,451,
2404192,35022,29194,40,-39,461,
2404197,35022,29147,40,-40,478,
2404202,35034,29098,40,-40,499,
2404207,35045,29050,40,-40,532,
2404212,35055,29001,40,-40,532,
2404217,35066,28950,40,-40,526,
2404222,35079,28897,40,-40,542,
2404227,35090,28846,40,-40,576,
2404232,35100,28795,40,-40,583,
2404237,35114,28743,40,-41,604,
2404242,35128,28691,40,-41,603,
2404247,35144,28638,40,-41,604,
2404252,35166,28579,40,-41,648,
2404257,35187,28515,40,-41,648,
2404262,35203,28446,40,-41,663,
2404267,35210,28376,40,-40,673,
2404272,35210,28306,40,-40,696,
2404277,35222,28234,40,-40,705,
2404282,35231,28161,40,-40,703,
2404287,35243,28089,40,-40,717,
2404292,35252,28021,40,-39,717,
2404297,35260,27952,40,-39,731,
2404302,35272,27887,40,-40,755,
2404307,35286,27815,39,-40,767,
2404312,35306,27741,39,-40,779,
2404317,35326,27674,38,-42,784,
2404322,35345,27608,38,-42,784,
2404327,35361,27544,38,-42,797,
2404332,35373,27480,38,-44,812,
2404337,35385,27411,38,-44,825,
2404342,35397,27343,38,-44,816,
2404347,35412,27268,38,-44,851,
2404352,35423,27190,37,-44,849,
2404357,35431,27116,37,-44,847,
2404362,35443,27040,37,-44,856,
2404367,35459,26970,36,-47,868,
2404372,35480,26898,36,-47,876,
2404377,35501,26820,35,-46,876,
2404382,35516,26742,35,-46,876,
2404387,35525,26660,34,-47,898,
2404392,35525,26580,34,-47,902,
2404397,35525,26501,34,-45,913,
2404402,35532,26425,34,-45,911,
2404407,35545,26351,34,-45,928,
2404412,35565,26274,35,-44,939,
2404417,35565,26200,35,-44,928,
2404422,35576,26124,34,-43,952,
2404427,35576,26037,34,-43,953,
2404432,35586,25952,34,-43,961,
2404437,35606,25855,34,-41,966,
2404442,35616,25757,36,-40,964,
2404447,35616,25671,36,-40,966,
2404452,35624,25584,36,-40,988,
2404457,35624,25496,36,-40,984,
2404462,35624,25407,36,-40,993,
2404467,35639,25315,36,-40,999,
2404472,35639,25224,36,-40,992,
2404477,35651,25136,36,-40,1004,
2404482,35661,25044,36,-40,1006,
2404487,35670,24944,36,-40,1014,
2404492,35683,24837,36,-40,1023,
2404497,35683,24732,36,-40,1023,
2404502,35691,24632,36,-40,1023,
2404507,35691,24537,36,-40,1023,
2404512,35691,24446,36,-40,1023,
2404517,35701,24353,36,-40,1023,
2404522,35701,24247,36,-40,1023,
2404527,35693,24140,36,-40,1023,
2404532,35693,24027,36,-40,1023,
2404537,35693,23917,35,-38,1023,
2404542,35708,23819,35,-38,1023,
2404547,35719,23709,36,-37,1023,
2404552,35719,23610,36,-37,1023,
2404557,35728,23513,36,-36,1023,
2404562,35728,23413,36,-36,1023,
2404567,35740,23331,36,-36,1023,
2404572,35751,23246,36,-36,1023,
2404577,35761,23150,37,-35,1023,
2404582,35761,23051,39,-34,1023,
2404587,35761,22948,40,-33,1023,
2404592,35750,22851,42,-34,1023,
2404597,35750,22766,43,-34,1023,
2404602,35750,22681,43,-34,1023,
2404607,35750,22586,44,-33,1023,
2404612,35750,22488,46,-33,1023,
2404617,35750,22387,46,-33,1023,
2404622,35750,22292,47,-33,1023,
2404627,35750,22206,48,-32,1023,
2404632,35760,22119,50,-32,1023,
2404637,35760,22024,51,-30,1023,
2404642,35767,21935,52,-30,1023,
2404647,35767,21845,54,-30,1023,
2404652,35767,21761,55,-29,1023,
2404657,35767,21682,55,-29,1023,
2404662,35778,21594,53,-29,1023,
2404667,35778,21511,53,-29,1023,
2404672,35786,21424,53,-28,1023,
2404677,35793,21343,53,-28,1023,
2404682,35793,21269,53,-28,1023,
2404687,35807,21197,53,-28,1023,
2404692,35819,21126,53,-28,1023,
2404697,35827,21053,53,-28,1023,
2404702,35836,20982,53,-28,1023,
2404707,35849,20910,53,-27,1023,
2404712,35857,20838,53,-27,1023,
2404717,35857,20765,53,-27,1023,
2404722,35866,20697,53,-27,1023,
2404727,35866,20625,51,-27,1023,
2404732,35876,20555,51,-27,1023,
2404737,35887,20485,51,-28,1023,
2404742,35901,20410,51,-28,1023,
2404747,35913,20343,51,-28,1023,
2404752,35922,20275,51,-28,1023,
2404757,35929,20217,51,-28,1023,
2404762,35937,20163,51,-28,1023,
2404767,35937,20101,51,-28,1023,
2404772,35944,20042,49,-27,1023,
2404777,35944,19976,50,-26,1023,
2404782,35944,19916,48,-26,1023,
2404787,35957,19865,48,-26,1023,
2404792,35966,19815,48,-26,1023,
2404797,35966,19764,48,-26,1023,
2404803,35978,19709,47,-25,1023,
2404808,35978,19647,47,-25,1023,
2404813,35969,19593,47,-25,1023,
2404818,35969,19549,48,-24,1023,
2404823,35962,19498,48,-24,1023,
2404828,35962,19449,48,-24,1023,
2404833,35973,19397,48,-24,1023,
2404838,35973,19340,48,-24,1023,
2404843,35981,19296,48,-24,1023,
2404848,35981,19258,47,-26,1023,
2404853,35981,19216,47,-26,1023,
2404858,35989,19175,45,-26,1023,
2404863,35989,19129,45,-26,1023,
2404868,35989,19080,45,-26,1023,
2404873,35989,19033,47,-26,1023,
2404878,35982,18987,47,-26,1023,
2404883,35982,18945,47,-25,1023,
2404888,35982,18909,47,-25,1023,
2404893,35982,18876,48,-26,1023,
2404898,35982,18844,48,-26,1023,
2404903,35982,18811,48,-26,1023,
2404908,35982,18781,48,-26,1023,
2404913,35973,18756,48,-26,1023,
2404918,35973,18738,48,-26,1023,
2404923,35973,18726,48,-26,1023,
2404928,35973,18707,48,-26,1023,
2404933,35973,18687,48,-26,1023,
2404938,35973,18664,48,-26,1023,
2404943,35964,18643,48,-26,1023,
2404948,35964,18623,47,-25,1023,
2404953,35964,18598,47,-25,1023,
2404958,35956,18572,47,-25,1023,
2404963,35956,18548,47,-25,1023,
2404968,35956,18529,47,-25,1023,
2404973,35956,18510,47,-25,1023,
2404978,35947,18494,47,-25,1023,
2404983,35947,18477,47,-25,1023,
2404988,35947,18465,48,-24,1023,
2404993,35947,18465,48,-24,1023,
2404998,35947,18454,48,-24,1023,
2405003,35947,18442,48,-24,1023,
2405008,35938,18416,48,-24,1023,
2405013,35930,18379,48,-24,1023,
2405018,35921,18341,48,-24,1023,
2405023,35921,18309,48,-24,1023,
2405028,35911,18288,48,-24,1023,
2405033,35911,18268,48,-24,1023,
2405038,35911,18244,48,-24,1023,
2405043,35911,18218,48,-24,1023,
2405048,35911,18193,48,-24,1023,
2405053,35911,18175,48,-24,1023,
2405058,35911,18161,48,-24,1023,
2405063,35902,18143,49,-22,1023,
2405068,35902,18122,49,-22,1023,
2405073,35902,18101,49,-22,1023,
2405078,35902,18080,49,-22,1023,
2405083,35902,18063,49,-22,1023,
2405088,35902,18041,49,-22,1023,
2405093,35888,18018,49,-22,1023,
2405098,35888,17998,49,-22,1023,
2405103,35881,17983,49,-22,1023,
2405108,35881,17983,49,-22,1023,
2405113,35881,17983,49,-22,1023,
2405118,35888,17970,49,-22,1023,
2405123,35888,17950,48,-20,1023,
2405128,35888,17916,48,-20,1023,
2405133,35878,17872,48,-20,1023,
2405138,35870,17833,48,-20,1023,
2405143,35870,17804,48,-20,1023,
2405148,35863,17787,48,-19,1023,
2405153,35863,17772,48,-19,1023,
2405158,35863,17754,48,-19,1023,
2405163,35863,17733,49,-18,1023,
2405168,35863,17707,49,-18,1023,
2405173,35863,17681,49,-18,1023,
2405178,35863,17654,49,-18,1023,
2405183,35863,17628,49,-18,1023,
2405188,35863,17605,49,-17,1023,
2405193,35863,17589,50,-16,1023,
2405198,35863,17573,50,-16,1023,
2405203,35863,17546,52,-14,1023,
2405208,35870,17512,52,-14,1023,
2405213,35870,17475,52,-14,1023,
2405218,35870,17439,52,-14,1023,
2405223,35870,17413,52,-14,1023,
2405228,35870,17394,52,-14,1023,
2405233,35870,17374,52,-14,1023,
2405238,35870,17350,52,-14,1023,
2405243,35870,17326,52,-14,1023,
2405248,35870,17303,51,-16,1023,
2405253,35870,17285,51,-16,1023,
2405258,35870,17268,51,-16,1023,
2405263,35870,17245,51,-16,1023,
2405268,35870,17222,50,-18,1023,
2405273,35870,17198,50,-18,1023,
2405278,35870,17183,49,-18,1023,
2405283,35870,17183,48,-19,1023,
2405288,35870,17171,48,-19,1023,
2405293,35870,17171,48,-19,1023,
2405298,35870,17171,48,-19,1023,
2405303,35870,17171,48,-20,1023,
2405308,35870,17171,48,-20,1023,
2405313,35870,17171,48,-20,1023,
2405318,35870,17171,48,-19,1023,
2405323,35870,17171,48,-19,1023,
2405328,35870,17171,48,-19,1023,
2405333,35870,17171,48,-19,1023,
2405338,35870,17171,48,-19,1023,
2405343,35870,17171,48,-19,1023,
2405348,35870,17171,49,-18,1023,
2405353,35870,17171,49,-18,1023,
2405358,35870,17171,49,-18,1023,
2405363,35870,17171,49,-18,1023,
2405368,35870,17171,49,-18,1023,
2405373,35870,17171,49,-18,1018,
2405378,35870,17171,49,-18,980,
2405383,35870,17171,49,-18,933,
2405388,35870,17179,49,-18,876,
2405393,35870,17179,49,-18,806,
2405398,35870,17187,49,-18,721,
2405403,35870,17195,50,-18,600,
2405408,35854,17208,50,-18,408,
2405413,35833,17221,52,-18,196,
2405418,35803,17234,52,-18,55,
2405423,35803,17234,52,-18,0,
2405428,35714,17244,52,-18,0,
2405433,35662,17244,52,-18,0,
2405438,35610,17244,52,-18,0,
2405443,35561,17232,50,-19,0,
2405448,35520,17224,50,-19,0,
2405453,35482,17224,48,-19,0,
2405458,35448,17224,48,-20,0,
2405463,35418,17224,48,-20,0,
2405468,35394,17224,47,-22,0,
2405473,35378,17235,47,-22,0,
2405478,35366,17242,45,-23,0,
2405483,35354,17252,45,-23,0,
2405488,35343,17260,45,-24,0,
2405493,35333,17267,45,-26,0,
2405498,35325,17274,44,-26,0,
2405503,35318,17274,43,-27,0,
2405508,35309,17274,42,-28,0,
2405513,35298,17274,42,-28,0,
2405518,35283,17274,42,-28,0,
2405523,35268,17267,42,-29,0,
2405528,35249,17267,43,-29,0,
2405533,35231,17267,43,-29,0,
2405538,35211,17259,45,-29,0,
2405543,35190,17259,44,-31,0,
2405548,35172,17259,44,-31,0,
2405553,35155,17259,44,-31,0,
2405558,35140,17259,45,-29,0,
2405563,35133,17251,45,-29,0,
2405568,35133,17251,45,-29,0,
2405573,35133,17251,45,-28,0,
2405578,35133,17251,45,-28,0,
2405583,35141,17251,45,-28,0,
2405588,35153,17251,45,-27,0,
2405593,35167,17251,45,-27,0,
2405598,35185,17251,45,-27,0,
2405603,35206,17251,45,-26,0,
2405608,35226,17251,45,-26,0,
2405613,35247,17251,45,-26,0,
2405618,35247,17251,45,-24,322,
2405623,35274,17259,45,-24,327,
2405628,35283,17259,45,-23,365,
2405633,35294,17273,45,-23,439,
2405638,35307,17280,45,-23,485,
2405643,35321,17287,45,-23,542,
2405648,35338,17287,46,-22,590,
2405653,35355,17294,46,-22,624,
2405658,35377,17294,44,-22,636,
2405663,35401,17304,44,-22,655,
2405668,35426,17313,43,-22,667,
2405673,35454,17325,43,-21,703,
2405678,35483,17335,43,-21,706,
2405683,35512,17346,43,-21,712,
2405688,35546,17356,43,-21,726,
2405693,35577,17371,43,-21,740,
2405698,35605,17387,43,-21,743,
2405703,35632,17404,43,-21,758,
2405708,35652,17418,43,-21,769,
2405713,35673,17428,42,-21,774,
2405718,35697,17440,42,-20,781,
2405723,35722,17448,42,-20,793,
2405728,35751,17459,41,-18,798,
2405733,35778,17472,41,-18,797,
2405738,35805,17483,43,-17,797,
2405743,35830,17494,43,-17,793,
2405748,35854,17502,45,-17,796,
2405753,35876,17502,45,-16,798,
2405758,35895,17512,45,-15,745,
2405763,35913,17520,46,-14,711,
2405768,35923,17533,46,-14,664,
2405773,35933,17542,48,-13,615,
2405778,35933,17549,48,-13,556,
2405783,35942,17549,49,-12,484,
2405788,35942,17549,49,-12,400,
2405793,35942,17549,51,-11,294,
2405798,35942,17549,51,-11,152,
2405803,35942,17549,52,-12,0,
2405808,35942,17549,52,-12,0,
2405813,35928,17535,52,-12,0,
2405818,35900,17535,52,-12,0,
2405823,35860,17526,53,-10,0,
2405828,35815,17526,54,-10,0,
2405833,35771,17533,54,-10,0,
2405838,35735,17546,56,-8,0,
2405843,35700,17563,57,-9,0,
2405848,35665,17590,59,-8,0,
2405853,35629,17627,60,-6,0,
2405858,35595,17672,59,-5,0,
2405863,35571,17727,59,-5,0,
2405868,35558,17790,58,-4,0,
2405873,35558,17790,58,-4,0,
