2676519,11956,13103,65,-23,0,
2676524,11938,13145,64,-24,0,
2676529,11919,13181,64,-24,0,
2676534,11900,13213,64,-24,0,
2676539,11878,13240,65,-23,0,
2676544,11861,13254,64,-21,0,
2676549,11841,13254,65,-18,0,
2676554,11814,13254,66,-16,0,
2676559,11785,13244,66,-14,0,
2676564,11754,13222,65,-10,0,
2676569,11725,13194,67,-9,0,
2676574,11697,13155,67,-8,0,
2676579,11670,13110,69,-7,0,
2676584,11645,13065,69,-7,0,
2676589,11625,13016,69,-7,0,
2676594,11612,12975,69,-7,0,
2676599,11612,12939,70,-6,0,
2676604,11612,12912,70,-6,0,
2676609,11620,12898,71,-6,0,
2676614,11627,12891,71,-6,0,
2676619,11627,12891,71,-6,0,
2676624,11640,12901,71,-7,0,
2676629,11647,12911,71,-11,0,
2676634,11656,12922,71,-12,0,
2676639,11666,12940,70,-15,0,
2676644,11676,12964,70,-17,0,
2676649,11688,12997,68,-19,0,
2676654,11704,13038,67,-20,0,
2676659,11723,13081,67,-20,0,
2676664,11744,13134,66,-21,0,
2676669,11769,13195,66,-21,0,
2676674,11796,13265,65,-19,0,
2676679,11822,13344,63,-20,0,
2676684,11852,13426,63,-19,0,
2676689,11883,13511,62,-17,0,
2676694,11914,13597,63,-16,0,
2676699,11945,13680,63,-15,0,
2676704,11973,13762,62,-14,0,
2676709,11997,13839,62,-13,0,
2676714,12021,13909,61,-12,0,
2676719,12043,13973,61,-11,0,
2676724,12061,14033,60,-10,0,
2676729,12075,14088,59,-11,0,
2676734,12075,14141,58,-10,0,
2676739,12087,14194,57,-9,0,
2676744,12087,14242,57,-9,0,
2676749,12097,14289,57,-8,0,
2676754,12097,14335,57,-8,0,
2676759,12097,14383,57,-8,0,
2676764,12097,14438,56,-7,0,
2676769,12097,14494,56,-8,0,
2676774,12097,14552,54,-10,0,
2676779,12107,14608,55,-11,0,
2676784,12107,14660,55,-12,0,
2676789,12115,14709,55,-13,0,
2676794,12115,14755,55,-13,0,
2676799,12123,14797,55,-14,0,
2676804,12123,14835,54,-16,0,
2676809,12133,14867,54,-16,0,
2676814,12141,14893,54,-17,0,
2676819,12141,14917,54,-17,0,
2676824,12141,14942,55,-18,0,
2676829,12149,14968,55,-18,0,
2676834,12149,14996,55,-18,0,
2676839,12149,15024,54,-19,0,
2676844,12161,15051,54,-19,0,
2676849,12161,15079,54,-19,0,
2676854,12161,15105,54,-20,0,
2676859,12161,15131,54,-20,0,
2676864,12161,15153,54,-20,0,
2676869,12161,15173,54,-20,0,
2676874,12161,15192,54,-20,0,
2676879,12161,15209,54,-21,0,
2676884,12161,15226,54,-21,0,
2676889,12161,15241,54,-21,0,
2676894,12161,15252,54,-21,0,
2676899,12161,15265,54,-21,0,
2676904,12161,15282,52,-22,0,
2676909,12154,15302,52,-22,0,
2676914,12154,15325,50,-22,0,
2676919,12143,15351,51,-21,0,
2676924,12143,15378,51,-21,0,
2676929,12135,15409,51,-21,0,
2676934,12135,15445,51,-19,0,
2676939,12125,15484,53,-18,0,
2676944,12125,15526,53,-18,0,
2676949,12112,15565,54,-17,0,
2676954,12112,15597,54,-17,0,
2676959,12105,15618,54,-16,0,
2676964,12097,15627,54,-16,0,
2676969,12087,15627,55,-14,0,
2676974,12075,15627,55,-14,0,
2676979,12065,15627,55,-13,0,
2676984,12065,15634,55,-13,0,
2676989,12055,15634,55,-12,0,
2676994,12055,15634,55,-12,0,
2676999,12055,15634,55,-12,0,
2677004,12055,15634,55,-12,0,
2677009,12055,15634,55,-12,0,
2677014,12062,15646,55,-12,0,
2677020,12071,15646,55,-13,0,
2677025,12081,15662,55,-13,0,
2677030,12091,15675,55,-13,0,
2677035,12106,15687,55,-13,0,
2677040,12120,15697,55,-13,0,
2677045,12133,15704,55,-13,0,
2677050,12146,15704,55,-13,0,
2677055,12153,15704,55,-13,0,
2677060,12160,15714,55,-13,0,
2677065,12160,15724,55,-13,0,
2677070,12170,15739,55,-13,0,
2677075,12170,15759,55,-13,0,
2677080,12178,15783,55,-13,0,
2677085,12178,15810,55,-14,0,
2677090,12178,15842,55,-14,0,
2677095,12178,15877,55,-14,0,
2677100,12178,15910,55,-14,0,
2677105,12187,15940,55,-14,0,
2677110,12187,15968,54,-16,0,
2677115,12194,15990,54,-16,0,
2677120,12194,16009,54,-16,0,
2677125,12194,16022,54,-17,0,
2677130,12194,16029,54,-17,0,
2677135,12194,16036,54,-17,0,
2677140,12194,16036,54,-17,0,
2677145,12194,16036,55,-18,0,
2677150,12194,16048,55,-18,0,
2677155,12194,16056,55,-18,0,
2677160,12194,16070,55,-18,0,
2677165,12194,16083,54,-19,0,
2677170,12201,16096,54,-19,0,
2677175,12201,16110,54,-19,0,
2677180,12209,16123,54,-19,0,
2677185,12209,16138,54,-19,0,
2677190,12218,16156,54,-19,0,
2677195,12218,16172,54,-19,0,
2677200,12229,16191,54,-19,0,
2677205,12229,16212,54,-19,0,
2677210,12229,16233,54,-19,0,
2677215,12229,16251,52,-21,0,
2677220,12236,16268,52,-21,0,
2677225,12236,16281,51,-21,0,
2677230,12244,16291,51,-21,0,
2677235,12244,16304,51,-21,0,
2677240,12244,16316,51,-21,0,
2677245,12244,16329,51,-21,0,
2677250,12237,16339,51,-21,0,
2677250,12237,16339,51,-21,54,
2677255,12237,16348,51,-21,120,
2677260,12228,16362,51,-21,188,
2677265,12228,16370,51,-21,253,
2677270,12228,16370,51,-21,308,
2677275,12228,16370,51,-21,355,
2677280,12228,16370,51,-21,397,
2677285,12228,16370,51,-21,428,
2677290,12228,16370,51,-21,454,
2677295,12220,16377,51,-19,476,
2677300,12220,16377,51,-19,499,
2677305,12220,16377,51,-19,525,
2677310,12220,16377,51,-19,547,
2677315,12220,16377,51,-19,563,
2677320,12220,16367,51,-19,577,
2677325,12220,16367,51,-19,595,
2677330,12220,16355,51,-19,610,
2677335,12229,16346,51,-19,627,
2677340,12229,16338,51,-19,644,
2677345,12229,16331,51,-19,651,
2677350,12229,16324,51,-19,661,
2677355,12229,16317,51,-19,671,
2677360,12229,16305,51,-19,688,
2677365,12229,16288,51,-19,707,
2677370,12229,16272,51,-19,714,
2677375,12238,16251,51,-19,720,
2677380,12238,16229,51,-19,732,
2677385,12238,16206,51,-19,733,
2677390,12245,16174,52,-19,742,
2677395,12245,16135,52,-19,743,
2677400,12245,16095,52,-19,743,
2677405,12245,16049,52,-19,746,
2677410,12245,16008,52,-19,744,
2677415,12245,15975,52,-19,740,
2677420,12238,15945,52,-19,739,
2677425,12238,15916,52,-18,740,
2677430,12238,15883,52,-18,743,
2677435,12238,15845,52,-18,746,
2677440,12238,15801,52,-18,749,
2677445,12238,15753,52,-18,755,
2677450,12230,15707,51,-16,753,
2677455,12230,15663,51,-16,752,
2677460,12230,15621,51,-16,751,
2677465,12222,15583,52,-14,750,
2677470,12222,15540,52,-14,750,
2677475,12210,15490,52,-14,752,
2677480,12210,15436,52,-14,750,
2677485,12210,15384,52,-14,750,
2677490,12202,15336,52,-13,750,
2677495,12202,15298,52,-13,752,
2677500,12202,15259,52,-13,752,
2677505,12202,15211,52,-13,759,
2677510,12202,15173,52,-13,760,
2677515,12202,15133,52,-13,763,
2677520,12202,15097,52,-12,769,
2677525,12202,15068,52,-12,787,
2677530,12209,15039,52,-12,787,
2677535,12209,15012,52,-12,788,
2677540,12209,14980,52,-12,796,
2677545,12209,14946,52,-12,803,
2677550,12209,14908,52,-12,823,
2677555,12209,14868,52,-12,827,
2677560,12209,14835,52,-12,827,
2677565,12209,14802,52,-12,844,
2677570,12209,14770,52,-12,852,
2677575,12209,14741,52,-12,855,
2677580,12209,14714,52,-12,854,
2677585,12209,14692,52,-12,858,
2677590,12209,14671,52,-12,862,
2677595,12209,14646,52,-12,864,
2677600,12209,14615,52,-12,868,
2677605,12202,14578,53,-10,875,
2677610,12202,14540,53,-10,882,
2677615,12202,14499,53,-10,885,
2677620,12193,14457,53,-10,890,
2677625,12193,14413,53,-10,896,
2677630,12193,14363,53,-10,900,
2677635,12193,14311,53,-10,905,
2677640,12183,14261,51,-9,904,
2677645,12183,14225,51,-9,902,
2677650,12175,14195,51,-9,901,
2677655,12175,14162,51,-9,902,
2677660,12175,14121,51,-9,907,
2677665,12175,14073,51,-9,912,
2677670,12175,14017,51,-9,916,
2677675,12175,13968,51,-9,921,
2677680,12167,13931,52,-8,919,
2677685,12167,13890,52,-8,921,
2677690,12167,13846,52,-8,924,
2677695,12167,13802,52,-8,925,
2677700,12167,13759,52,-8,922,
2677705,12167,13714,52,-8,922,
2677710,12167,13671,52,-8,923,
2677715,12167,13628,52,-7,920,
2677720,12179,13587,52,-7,920,
2677725,12179,13549,52,-7,922,
2677730,12188,13508,52,-7,923,
2677735,12188,13467,52,-7,922,
2677740,12197,13426,52,-5,921,
2677745,12204,13382,52,-5,922,
2677750,12204,13345,52,-5,922,
2677755,12215,13302,52,-5,923,
2677760,12215,13246,51,-6,928,
2677765,12215,13195,51,-6,930,
2677770,12215,13148,49,-6,929,
2677775,12215,13109,49,-6,929,
2677780,12215,13073,49,-6,929,
2677785,12215,13039,49,-6,930,
2677790,12215,12997,49,-6,933,
2677795,12215,12956,49,-6,937,
2677800,12215,12913,49,-6,940,
2677806,12215,12869,49,-4,942,
2677811,12215,12820,49,-4,943,
2677816,12215,12760,49,-4,948,
2677821,12215,12700,49,-4,949,
2677826,12215,12638,49,-4,948,
2677831,12215,12577,49,-4,950,
2677836,12207,12518,49,-4,952,
2677841,12207,12450,49,-4,955,
2677846,12193,12376,49,-4,963,
2677851,12185,12311,49,-3,972,
2677856,12172,12245,49,-3,972,
2677861,12162,12177,49,-3,973,
2677866,12154,12120,49,-3,985,
2677871,12145,12065,49,-3,989,
2677876,12145,12024,49,-3,987,
2677881,12135,11998,49,-2,986,
2677886,12135,11973,49,-2,987,
2677891,12135,11937,49,-2,989,
2677896,12135,11899,49,-2,987,
2677901,12135,11867,49,-2,985,
2677906,12135,11839,49,-2,983,
2677911,12135,11817,49,-2,983,
2677916,12135,11794,49,-2,983,
2677921,12143,11761,49,-2,986,
2677926,12152,11725,49,-2,987,
2677931,12159,11686,49,-2,989,
2677936,12159,11637,49,-2,994,
2677941,12159,11591,49,-2,995,
2677946,12159,11550,49,-2,1001,
2677951,12159,11508,49,0,1007,
2677956,12159,11459,49,0,1014,
2677961,12159,11406,49,0,1023,
2677966,12159,11360,49,0,1023,
2677971,12148,11303,49,0,1023,
2677976,12148,11240,50,0,1023,
2677981,12137,11175,50,0,1023,
2677986,12137,11077,50,0,1023,
2677991,12124,10975,50,0,1023,
2677996,12111,10884,50,0,1023,
2678001,12100,10792,50,0,1023,
2678006,12090,10712,50,0,1023,
2678011,12081,10642,50,0,1023,
2678016,12070,10575,50,0,1023,
2678021,12059,10507,50,0,1023,
2678026,12047,10444,50,0,1023,
2678031,12038,10391,50,0,1023,
2678036,12038,10344,50,0,1023,
2678041,12031,10311,50,0,1023,
2678046,12031,10289,50,0,1023,
2678051,12031,10272,50,0,1023,
2678056,12021,10253,50,0,1023,
2678061,12021,10233,50,0,1023,
2678066,12021,10203,50,0,1023,
2678071,12021,10159,50,0,1023,
2678076,12021,10119,50,0,1023,
2678081,12021,10084,49,0,1023,
2678086,12021,10056,49,0,1023,
2678091,12021,10035,49,0,1023,
2678096,12021,9995,49,0,1023,
2678101,12021,9930,49,2,1023,
2678106,12021,9854,49,2,1023,
2678111,12021,9776,49,2,1023,
2678116,12012,9700,49,2,1023,
2678121,12003,9626,49,2,1023,
2678126,12003,9566,49,2,1023,
2678131,11994,9498,49,2,1023,
2678136,11994,9429,49,2,1023,
2678141,11987,9365,49,2,1023,
2678146,11987,9289,49,2,1023,
2678151,11979,9224,49,2,1023,
2678156,11979,9169,49,2,1023,
2678161,11979,9105,49,2,1023,
2678166,11979,9048,49,3,1023,
2678171,11979,9001,49,3,1023,
2678176,11979,8956,49,3,1023,
2678181,11979,8920,49,3,1023,
2678186,11979,8880,49,3,1023,
2678191,11979,8835,49,3,1023,
2678196,11989,8795,49,3,1023,
2678201,11989,8767,49,3,1023,
2678206,11989,8741,49,3,1023,
2678211,11989,8702,49,3,1023,
2678216,11996,8646,49,3,1023,
2678221,12003,8585,49,3,1023,
2678226,12011,8527,49,3,1023,
2678231,12011,8475,49,3,1023,
2678236,12019,8425,49,4,1023,
2678241,12019,8380,49,4,1023,
2678246,12019,8345,49,4,1023,
2678251,12019,8310,49,4,1023,
2678256,12019,8269,49,4,1023,
2678261,12019,8216,49,4,1023,
2678266,12019,8155,49,4,1023,
2678271,12019,8106,49,4,1023,
2678276,12019,8071,49,6,1023,
2678281,12011,8034,49,6,1023,
2678286,12011,7987,49,6,1023,
2678291,12004,7935,49,6,1023,
2678296,12004,7894,49,6,1023,
2678301,12004,7870,49,6,1023,
2678306,12004,7853,49,6,1023,
2678311,12004,7821,49,6,1023,
2678316,12004,7778,49,6,1023,
2678321,12004,7733,49,6,1023,
2678326,12004,7690,49,6,1023,
2678331,12004,7658,49,6,1023,
2678336,12004,7630,49,6,1023,
2678341,12004,7601,49,6,1023,
2678346,12004,7572,49,6,1023,
2678351,12004,7543,49,6,1023,
2678356,11997,7516,49,6,1023,
2678361,11997,7488,49,6,1023,
2678366,11997,7466,49,6,1023,
2678371,11997,7448,49,6,1023,
2678376,11997,7431,49,6,1023,
2678381,11997,7416,49,6,1023,
2678386,11997,7403,49,6,1023,
2678391,11997,7390,49,6,1023,
2678396,11997,7376,49,6,1023,
2678401,11997,7365,49,6,1023,
2678406,11997,7358,49,6,1023,
2678411,11997,7349,49,6,1023,
2678416,11997,7342,49,6,1023,
2678421,11997,7334,49,6,1023,
2678426,11997,7326,49,6,1023,
2678431,11997,7326,49,6,1023,
2678436,11997,7317,49,6,1023,
2678441,11997,7317,49,6,1023,
2678446,11997,7317,49,6,1023,
2678451,11997,7317,49,6,1023,
2678456,11997,7309,49,6,1023,
2678461,11997,7309,49,6,1023,
2678466,11997,7309,49,6,1023,
2678471,11997,7309,49,6,1023,
2678476,11997,7309,49,6,1023,
2678481,11997,7309,49,6,1023,
2678486,11997,7309,49,6,1023,
2678491,11997,7309,49,6,1023,
2678496,11997,7309,49,6,1023,
2678501,11997,7309,49,6,1023,
2678506,11997,7309,49,6,1023,
2678511,11997,7309,49,6,1023,
2678516,11997,7309,49,6,1023,
2678521,11997,7309,49,6,1023,
2678526,11997,7309,49,6,1023,
2678531,11997,7309,49,6,1023,
2678536,11997,7309,49,6,1023,
2678541,11997,7309,49,6,1023,
2678546,11997,7309,49,6,1023,
2678551,11997,7309,49,6,1023,
2678556,11997,7309,49,6,1023,
2678561,11997,7309,49,6,1023,
2678566,11997,7309,49,6,1023,
2678571,11997,7309,49,6,1023,
2678576,11997,7309,49,6,1023,
2678581,11990,7309,49,6,1023,
2678586,11990,7309,49,6,1023,
2678591,11990,7309,49,6,1023,
2678596,11990,7309,49,6,1023,
2678601,11990,7309,49,6,1023,
2678606,11990,7309,49,6,1023,
2678611,11990,7309,49,6,1023,
2678616,11990,7309,49,6,1023,
2678621,11990,7309,49,6,1023,
2678626,11990,7309,49,6,1023,
2678631,11990,7309,49,6,1023,
2678636,11990,7309,49,6,1023,
2678641,11990,7309,47,8,1023,
2678646,11990,7309,47,8,1023,
2678651,11990,7309,46,8,1023,
2678656,11990,7309,46,8,1023,
2678661,11990,7309,46,8,1023,
2678666,11990,7309,46,8,1023,
2678671,11990,7309,46,8,1023,
2678676,11990,7317,46,8,1023,
2678681,11990,7317,46,8,1023,
2678686,11990,7317,46,8,1023,
2678691,11990,7317,46,8,1023,
2678696,11990,7317,46,7,1023,
2678701,11990,7317,46,7,1023,
2678706,11990,7317,46,7,1023,
2678711,11990,7317,46,7,1023,
2678716,11990,7317,46,7,1023,
2678721,11990,7317,46,7,1023,
2678726,11990,7317,46,7,1023,
2678731,11990,7317,46,7,1023,
2678736,11983,7324,46,7,1023,
2678741,11983,7324,46,7,1023,
2678746,11983,7324,46,7,1023,
2678751,11983,7324,46,7,1023,
2678756,11983,7324,46,7,1023,
2678761,11983,7324,46,7,1023,
2678766,11983,7324,46,7,1023,
2678771,11983,7324,46,7,1023,
2678776,11983,7324,46,8,1023,
2678781,11983,7324,46,8,1023,
2678786,11983,7324,46,8,1023,
2678791,11975,7331,46,8,1023,
2678796,11975,7331,46,8,1023,
2678801,11975,7331,44,8,1023,
2678806,11975,7331,44,8,1023,
2678811,11975,7331,43,8,1023,
2678816,11975,7331,44,10,1023,
2678821,11975,7331,44,10,1023,
2678826,11975,7331,44,10,1023,
2678831,11975,7331,44,10,1023,
2678836,11982,7331,44,10,1023,
2678841,11982,7331,44,10,1023,
2678846,11982,7331,44,10,1023,
2678851,11982,7331,44,10,1023,
2678856,11982,7324,44,10,1023,
2678861,11982,7324,43,8,1023,
2678866,11982,7324,43,8,1023,
2678871,11982,7324,43,8,1023,
2678876,11982,7324,43,8,1023,
2678881,11982,7324,43,8,1023,
2678886,11982,7324,43,8,1023,
2678891,11982,7324,43,7,1023,
2678896,11991,7324,43,7,1023,
2678901,11991,7324,43,7,1023,
2678906,11991,7324,43,7,1023,
2678911,11991,7324,43,7,1023,
2678916,11991,7324,43,7,1020,
2678921,11991,7324,43,7,1011,
2678926,11991,7324,43,7,1002,
2678931,11991,7324,43,7,995,
2678936,11991,7324,43,7,991,
2678941,11991,7324,43,7,989,
2678946,11991,7324,43,7,988,
2678951,11991,7324,43,7,988,
2678956,11991,7324,43,7,988,
2678961,11991,7324,43,7,984,
2678966,11991,7324,43,7,979,
2678971,11991,7324,43,7,974,
2678976,11991,7324,43,7,972,
2678981,11991,7324,43,7,971,
2678986,11998,7324,43,7,968,
2678991,11998,7324,43,7,966,
2678996,11998,7324,43,8,963,
2679001,11998,7324,43,8,957,
2679006,11998,7324,43,8,954,
2679011,12009,7324,43,8,952,
2679016,12017,7324,43,8,952,
2679021,12027,7317,43,8,954,
2679026,12041,7317,43,8,957,
2679031,12061,7308,43,8,963,
2679036,12087,7308,43,8,965,
2679041,12114,7296,43,8,964,
2679046,12144,7296,43,8,965,
2679051,12171,7285,43,8,978,
2679056,12198,7277,43,8,982,
2679061,12222,7269,43,8,980,
2679066,12244,7260,43,9,981,
2679071,12261,7253,43,9,989,
2679076,12276,7253,42,8,1009,
2679081,12291,7241,42,8,1023,
2679086,12303,7241,42,8,1023,
2679091,12314,7231,42,8,1023,
2679096,12323,7231,42,8,1023,
2679101,12323,7231,42,8,1023,
2679106,12331,7231,42,8,1023,
2679111,12331,7231,42,8,1023,
2679116,12331,7231,42,8,1023,
2679121,12331,7231,42,8,1023,
2679126,12331,7231,42,8,1023,
2679131,12331,7231,42,8,1023,
2679136,12331,7231,42,8,1023,
2679141,12331,7231,42,8,1023,
2679146,12331,7231,42,8,1023,
2679151,12331,7231,42,8,1023,
2679156,12331,7231,42,8,1023,
2679161,12331,7231,42,8,1023,
2679166,12331,7231,42,8,1023,
2679171,12331,7231,42,8,1023,
2679176,12324,7231,42,8,1023,
2679181,12324,7231,42,8,1023,
2679186,12324,7238,42,8,1023,
2679191,12324,7238,42,8,1023,
2679196,12324,7238,41,10,1023,
2679201,12324,7238,41,10,1023,
2679206,12324,7238,41,10,1023,
2679211,12324,7238,41,10,1023,
2679216,12324,7238,41,10,1023,
2679221,12324,7238,41,10,1023,
2679226,12331,7238,41,10,1023,
2679231,12331,7238,41,10,1023,
2679236,12331,7238,41,10,1023,
2679241,12331,7238,41,10,1023,
2679246,12331,7238,41,10,1023,
2679251,12331,7238,41,10,1023,
2679256,12331,7238,41,10,1023,
2679261,12338,7238,41,10,1023,
2679266,12338,7238,41,10,1023,
2679271,12338,7238,41,10,1023,
2679276,12352,7238,41,10,1023,
2679281,12360,7238,41,10,1023,
2679286,12369,7238,41,10,1023,
2679291,12376,7231,41,10,1023,
2679296,12384,7231,41,10,1023,
2679301,12391,7231,41,10,1023,
2679306,12391,7231,41,10,1023,
2679311,12403,7231,41,10,1023,
2679316,12403,7231,40,10,1023,
2679321,12411,7231,40,10,1023,
2679326,12411,7231,38,10,1023,
2679331,12422,7231,38,10,1023,
2679336,12431,7231,38,10,1023,
2679341,12441,7224,38,10,1023,
2679346,12449,7224,38,10,1023,
2679351,12460,7224,38,10,1023,
2679356,12470,7224,38,10,1023,
2679361,12481,7224,38,10,1023,
2679366,12496,7224,38,10,1023,
2679371,12515,7224,38,10,1023,
2679376,12534,7224,38,10,1023,
2679381,12553,7217,38,10,1023,
2679386,12573,7217,38,11,1023,
2679391,12601,7225,38,11,1023,
2679396,12638,7225,38,11,1023,
2679401,12677,7225,37,11,1023,
2679406,12719,7225,37,11,1023,
2679411,12753,7225,35,11,1023,
2679416,12785,7234,35,11,1023,
2679421,12826,7243,35,11,1023,
2679426,12869,7243,35,11,1023,
2679431,12914,7251,35,11,1023,
2679436,12958,7251,35,11,1023,
2679441,12998,7251,35,11,1023,
2679446,13038,7260,37,11,1023,
2679451,13077,7260,36,12,1023,
2679456,13113,7260,38,12,1023,
2679461,13142,7260,38,12,1023,
2679466,13167,7260,38,12,1023,
2679471,13194,7260,38,12,1023,
2679476,13221,7260,38,12,1023,
2679481,13251,7260,39,12,1023,
2679486,13280,7260,39,12,1023,
2679491,13302,7260,41,12,1023,
2679496,13326,7260,41,12,1023,
2679501,13350,7251,41,12,1023,
2679506,13377,7244,42,12,1023,
2679511,13407,7244,42,12,1023,
2679516,13441,7234,44,12,1023,
2679521,13473,7226,44,12,1023,
2679526,13504,7226,42,12,1023,
2679531,13536,7226,42,12,1023,
2679536,13569,7217,41,12,1023,
2679541,13600,7217,41,12,1023,
2679546,13628,7207,41,12,1023,
2679551,13658,7207,41,12,1023,
2679556,13688,7198,40,14,1023,
2679561,13721,7190,40,14,1023,
2679566,13758,7183,40,14,1023,
2679571,13795,7176,40,14,1023,
2679576,13829,7164,40,14,1023,
2679581,13856,7164,40,14,1023,
2679586,13882,7164,40,14,1023,
2679591,13912,7152,40,14,1023,
2679596,13948,7152,40,14,1023,
2679601,13990,7143,40,14,1023,
2679606,14034,7143,40,14,1023,
2679611,14078,7133,40,14,1023,
2679616,14119,7133,40,14,1023,
2679621,14169,7120,40,14,1023,
2679626,14224,7108,39,13,1023,
2679631,14279,7099,40,15,1023,
2679636,14336,7099,38,15,1023,
2679641,14392,7087,38,15,1023,
2679646,14450,7087,38,15,1023,
2679651,14505,7072,38,15,1023,
2679656,14559,7072,38,15,1023,
2679661,14619,7065,38,15,1023,
2679666,14678,7057,38,15,1023,
2679671,14743,7057,37,15,1023,
2679676,14807,7039,37,15,1023,
2679681,14864,7039,35,15,1023,
2679686,14924,7039,35,15,1023,
2679691,14985,7039,35,15,1023,
2679696,15046,7030,35,15,1023,
2679701,15102,7022,35,15,1023,
2679706,15153,7022,35,15,1023,
2679711,15204,7022,35,15,1023,
2679716,15250,7013,35,15,1023,
2679721,15299,7013,35,15,1023,
2679726,15341,7000,37,15,1023,
2679731,15375,7000,37,15,1023,
2679736,15411,6992,38,15,1023,
2679741,15447,6981,38,15,1023,
2679746,15483,6981,38,15,1023,
2679751,15526,6967,38,16,1023,
2679756,15569,6955,38,16,1023,
2679761,15611,6944,39,16,1023,
2679766,15654,6932,39,16,1023,
2679771,15693,6924,41,16,1023,
2679776,15734,6924,41,15,1023,
2679781,15780,6913,41,15,1023,
2679786,15830,6900,41,15,1023,
2679791,15881,6886,41,15,1023,
2679796,15932,6877,39,13,1023,
2679801,15986,6868,39,13,1023,
2679806,16042,6857,39,14,1023,
2679811,16098,6846,38,12,1023,
2679816,16151,6834,38,12,1023,
2679821,16199,6834,38,12,1023,
2679826,16249,6834,38,11,1023,
2679831,16303,6834,38,11,1023,
2679836,16357,6825,38,10,1023,
2679841,16412,6825,38,10,1023,
2679846,16465,6814,38,10,1023,
2679851,16510,6814,38,10,1023,
2679856,16561,6805,37,10,1023,
2679861,16618,6795,37,10,1023,
2679866,16668,6784,36,10,1023,
2679871,16718,6784,36,10,1023,
2679876,16766,6776,36,10,1023,
2679881,16806,6776,36,10,1023,
2679886,16850,6776,36,10,1023,
2679891,16902,6769,35,11,1023,
2679896,16954,6761,34,11,1023,
2679901,17003,6761,34,11,1023,
2679906,17049,6761,32,11,1023,
2679911,17095,6761,32,11,1023,
2679916,17141,6761,32,11,1023,
2679921,17190,6761,32,11,1023,
2679926,17240,6761,34,11,1023,
2679931,17288,6761,34,11,1023,
2679936,17334,6761,35,11,1023,
2679941,17382,6761,35,11,1023,
2679946,17433,6761,35,11,1023,
2679951,17486,6761,35,11,1023,
2679956,17541,6761,36,10,1023,
2679961,17594,6754,37,10,1023,
2679966,17649,6754,37,10,1023,
2679971,17701,6742,38,10,1023,
2679976,17748,6742,38,10,1023,
2679981,17797,6742,38,10,1023,
2679986,17842,6742,38,10,1023,
2679991,17887,6742,38,10,1023,
2679996,17933,6749,38,10,1023,
2680001,17979,6749,38,10,1023,
2680006,18026,6749,38,10,1023,
2680011,18073,6749,38,10,1023,
2680016,18116,6749,37,10,1023,
2680021,18159,6749,37,10,1023,
2680026,18199,6741,36,10,1023,
2680031,18236,6741,36,10,1023,
2680036,18275,6741,36,10,1023,
2680041,18315,6741,36,10,1023,
2680046,18360,6741,36,10,1023,
2680051,18404,6741,36,10,1023,
2680056,18448,6741,36,10,1023,
2680061,18488,6741,36,10,1023,
2680066,18524,6741,34,10,1023,
2680071,18563,6741,34,10,1023,
2680076,18603,6741,33,10,1023,
2680081,18641,6741,33,10,1023,
2680086,18684,6741,33,10,1023,
2680091,18730,6733,33,10,1023,
2680096,18771,6733,33,8,1023,
2680101,18813,6722,33,8,1023,
2680106,18858,6722,32,9,1023,
2680111,18902,6711,32,9,1023,
2680116,18951,6711,30,9,1023,
2680121,18999,6701,30,9,1023,
2680126,19043,6701,30,9,1023,
2680131,19090,6701,30,9,1023,
2680136,19134,6701,30,9,1023,
2680141,19182,6701,30,9,1023,
2680146,19231,6701,30,9,1023,
2680151,19275,6713,30,9,1023,
2680156,19325,6723,30,9,1023,
2680161,19372,6731,30,9,1023,
2680166,19421,6739,32,9,1023,
2680171,19471,6739,32,9,1023,
2680176,19521,6749,33,8,1023,
2680181,19570,6749,33,8,1023,
2680186,19620,6749,33,8,1023,
2680191,19667,6749,33,10,1023,
2680196,19710,6749,34,10,1023,
2680201,19753,6758,34,10,1023,
2680206,19794,6758,36,10,1023,
2680211,19836,6758,36,10,1023,
2680216,19881,6747,36,10,1023,
2680221,19926,6739,36,10,1023,
2680226,19966,6739,36,10,1023,
2680231,20005,6739,36,10,1023,
2680236,20045,6739,34,10,1023,
2680241,20086,6730,34,11,1023,
2680246,20128,6719,32,11,1023,
2680251,20169,6709,32,11,1023,
2680256,20209,6700,32,11,1023,
2680261,20251,6693,32,11,1023,
2680266,20297,6685,32,11,1023,
2680271,20340,6676,32,11,1023,
2680276,20382,6669,33,13,1023,
2680281,20426,6669,33,13,1023,
2680286,20468,6669,33,13,1023,
2680291,20515,6669,33,13,1023,
2680296,20565,6658,33,13,1023,
2680301,20611,6646,33,13,1023,
2680307,20657,6646,33,13,1023,
2680312,20697,6635,33,13,1023,
2680317,20734,6635,31,14,1023,
2680322,20766,6635,31,14,1023,
2680327,20794,6635,29,14,1023,
2680332,20824,6635,29,14,1023,
2680337,20853,6635,29,14,1023,
2680342,20880,6635,29,14,1023,
2680347,20909,6635,29,14,1023,
2680352,20937,6635,29,14,1023,
2680357,20968,6635,29,14,1023,
2680362,21002,6628,28,14,1023,
2680367,21039,6628,28,14,1023,
2680372,21076,6628,26,14,1023,
2680377,21112,6628,26,14,1023,
2680382,21148,6628,26,14,1023,
2680387,21182,6628,26,14,1023,
2680392,21219,6636,26,14,1023,
2680397,21256,6636,26,14,1023,
2680402,21295,6636,26,14,1023,
2680407,21333,6636,26,14,1023,
2680412,21371,6636,27,15,1023,
2680417,21408,6636,27,15,1023,
2680422,21445,6636,29,16,1023,
2680427,21483,6636,29,16,1023,
2680432,21524,6627,30,16,1023,
2680437,21564,6627,30,16,1023,
2680442,21601,6627,30,16,1023,
2680447,21642,6627,30,15,1023,
2680452,21679,6627,30,15,1023,
2680457,21712,6627,32,15,1023,
2680462,21752,6627,32,15,1023,
2680467,21792,6627,32,15,1023,
2680472,21839,6619,33,16,1023,
2680477,21894,6619,33,16,1023,
2680482,21950,6607,33,16,1023,
2680487,22005,6607,33,16,1023,
2680492,22055,6607,33,17,1023,
2680497,22101,6619,33,17,1023,
2680502,22147,6627,33,17,1023,
2680507,22195,6627,33,17,1023,
2680512,22246,6627,33,17,1023,
2680517,22298,6627,33,17,1023,
2680522,22345,6619,33,17,1023,
2680527,22388,6619,31,17,1023,
2680532,22429,6619,31,17,1023,
2680537,22472,6619,30,17,1023,
2680542,22517,6619,30,17,1023,
2680547,22560,6619,30,17,1023,
2680552,22597,6628,30,17,1023,
2680557,22632,6628,30,17,1023,
2680562,22667,6636,30,17,1023,
2680567,22698,6636,30,17,1023,
2680572,22730,6636,30,17,1023,
2680577,22760,6636,30,17,1023,
2680582,22782,6636,30,17,1023,
2680587,22803,6645,30,17,1023,
2680592,22824,6645,30,17,1023,
2680597,22844,6645,30,17,1023,
2680602,22869,6645,30,17,1023,
2680607,22892,6645,30,17,1023,
2680612,22913,6652,30,17,1023,
2680617,22932,6652,30,17,1023,
2680622,22950,6652,30,17,1023,
2680627,22966,6652,30,17,1023,
2680632,22987,6652,30,17,1023,
2680637,23009,6652,30,17,1023,
2680642,23028,6652,30,17,1023,
2680647,23050,6652,28,17,1023,
2680652,23069,6659,28,17,1023,
2680657,23087,6659,27,16,1023,
2680662,23110,6659,27,16,1023,
2680667,23130,6667,27,16,1023,
2680672,23151,6667,27,16,1023,
2680677,23179,6667,27,16,1023,
2680682,23206,6675,27,16,1023,
2680687,23234,6675,27,16,1023,
2680692,23262,6675,27,16,1023,
2680697,23286,6675,27,16,1023,
2680702,23310,6675,27,16,1023,
2680707,23335,6684,27,16,1023,
2680712,23360,6684,27,16,1023,
2680717,23385,6684,27,16,1023,
2680722,23407,6684,28,17,1023,
2680727,23424,6684,28,17,1023,
2680732,23440,6684,30,17,1023,
2680737,23452,6684,30,17,1023,
2680742,23465,6684,31,17,1023,
2680747,23482,6684,31,17,1023,
2680752,23497,6684,33,17,1023,
2680757,23511,6684,33,16,1023,
2680762,23527,6684,33,16,1023,
2680767,23540,6684,35,16,1023,
2680772,23554,6684,36,16,1023,
2680777,23568,6684,36,16,1023,
2680782,23577,6684,38,15,1023,
2680787,23586,6684,38,15,1023,
2680792,23586,6684,38,15,1023,
2680797,23594,6684,38,15,1023,
2680802,23601,6684,38,15,1023,
2680807,23609,6684,38,15,1023,
2680812,23616,6684,38,15,1023,
2680817,23624,6684,38,15,1023,
2680822,23624,6684,38,15,1023,
2680827,23636,6684,38,15,1023,
2680832,23645,6684,38,15,1023,
2680837,23654,6684,38,15,1023,
2680842,23662,6676,38,15,1023,
2680847,23673,6676,38,15,1023,
2680852,23684,6676,38,15,1023,
2680857,23699,6676,38,15,1023,
2680862,23720,6676,38,15,1023,
2680867,23742,6669,38,15,1023,
2680872,23764,6669,38,15,1023,
2680877,23785,6669,38,16,1023,
2680882,23807,6669,38,16,1023,
2680887,23833,6677,38,16,1023,
2680892,23861,6677,38,16,1023,
2680897,23889,6677,38,16,1023,
2680902,23915,6677,38,16,1023,
2680907,23938,6684,38,16,1023,
2680912,23960,6684,38,16,1023,
2680917,23986,6692,38,16,1023,
2680922,24011,6692,38,16,1023,
2680927,24037,6692,38,16,1023,
2680932,24067,6692,36,16,1023,
2680937,24092,6700,37,15,1023,
2680942,24118,6707,35,15,1023,
2680947,24144,6707,35,15,1023,
2680952,24171,6707,35,15,1023,
2680957,24203,6715,35,15,1023,
2680962,24238,6715,35,15,1023,
2680967,24269,6715,35,15,1023,
2680972,24300,6715,35,15,1023,
2680977,24331,6715,35,15,1023,
2680982,24362,6715,35,15,1023,
2680987,24396,6715,35,15,1023,
2680992,24427,6715,35,15,1023,
2680997,24452,6715,35,15,1023,
2681002,24476,6715,35,15,1023,
2681007,24502,6715,35,15,1023,
2681012,24529,6715,35,15,1023,
2681017,24555,6715,35,15,1023,
2681022,24579,6706,35,15,1023,
2681027,24600,6706,35,15,1023,
2681032,24616,6706,35,15,1023,
2681037,24634,6706,35,15,1023,
2681042,24649,6706,35,15,1023,
2681047,24664,6706,35,15,1023,
2681052,24679,6706,35,15,1023,
2681057,24694,6706,35,15,1023,
2681062,24711,6706,35,15,1023,
2681067,24727,6706,35,15,1023,
2681072,24744,6695,35,15,1023,
2681077,24758,6695,35,15,1023,
2681082,24773,6695,35,15,1023,
2681087,24789,6695,35,16,1023,
2681092,24811,6695,33,16,1023,
2681097,24838,6686,33,16,1023,
2681102,24865,6686,33,17,1023,
2681107,24890,6686,33,17,1023,
2681112,24911,6679,33,17,1023,
2681117,24928,6679,33,17,1023,
2681122,24945,6679,33,17,1023,
2681127,24961,6679,33,17,1023,
2681132,24977,6679,33,17,1023,
2681137,24996,6679,33,17,1023,
2681142,25013,6679,33,17,1023,
2681147,25028,6686,33,17,1023,
2681152,25042,6686,33,17,1023,
2681157,25058,6686,33,17,1023,
2681162,25075,6686,33,17,1023,
2681167,25092,6686,33,17,1023,
2681172,25107,6686,33,17,1023,
2681177,25118,6686,33,17,1023,
2681182,25129,6686,33,17,1023,
2681187,25138,6679,33,17,1023,
2681192,25149,6679,33,17,1023,
2681197,25159,6679,33,17,1023,
2681202,25168,6679,33,17,1023,
2681207,25179,6679,33,17,1023,
2681212,25188,6679,33,17,1023,
2681217,25199,6672,33,17,1023,
2681222,25211,6672,33,17,1023,
2681227,25222,6672,33,17,1023,
2681232,25232,6672,33,17,1023,
2681237,25242,6672,33,17,1023,
2681242,25252,6672,33,17,1023,
2681247,25266,6672,31,17,1023,
2681252,25281,6672,31,17,1023,
2681257,25295,6672,30,17,1023,
2681262,25306,6672,30,17,1023,
2681267,25314,6672,30,17,1023,
2681272,25322,6672,30,17,1023,
2681277,25331,6672,30,17,1023,
2681282,25341,6672,30,17,1023,
2681287,25348,6672,30,17,1023,
2681292,25348,6672,29,18,1023,
2681297,25356,6672,29,18,1023,
2681302,25356,6672,29,18,1023,
2681307,25364,6672,29,18,1023,
2681312,25372,6672,29,18,1023,
2681317,25372,6672,29,18,1023,
2681322,25382,6681,29,18,1023,
2681327,25390,6681,31,18,1023,
2681332,25399,6681,31,18,1023,
2681337,25415,6681,32,18,1023,
2681342,25430,6681,34,18,1023,
2681347,25446,6672,34,18,1023,
2681352,25460,6672,35,18,1023,
2681357,25471,6672,37,18,1023,
2681362,25481,6672,37,18,1023,
2681367,25490,6672,37,17,1023,
2681372,25490,6665,37,17,1023,
2681377,25502,6665,39,17,1023,
2681382,25502,6665,39,17,1023,
2681387,25518,6665,40,17,1023,
2681392,25533,6665,40,17,1023,
2681397,25550,6665,42,17,1023,
2681402,25564,6665,42,17,1023,
2681407,25574,6665,43,17,1023,
2681412,25581,6665,43,17,1023,
2681417,25581,6665,43,17,1023,
2681422,25594,6665,43,17,1023,
2681427,25594,6665,43,17,1023,
2681432,25602,6665,43,17,1023,
2681437,25602,6665,43,17,1023,
2681442,25602,6665,43,17,1023,
2681447,25602,6665,43,17,1023,
2681452,25602,6665,43,17,1023,
2681457,25602,6665,43,17,1023,
2681462,25609,6665,43,17,1023,
2681467,25609,6665,43,17,1023,
2681472,25609,6665,43,17,1023,
2681477,25609,6665,43,17,1023,
2681482,25616,6665,43,17,1023,
2681487,25616,6665,43,17,1023,
2681492,25616,6665,43,17,1023,
2681497,25623,6665,43,17,1023,
2681502,25623,6665,43,17,1023,
2681507,25623,6665,43,17,1023,
2681512,25634,6665,43,17,1023,
2681517,25634,6665,43,17,1023,
2681522,25645,6665,43,17,1023,
2681527,25653,6665,43,17,1023,
2681532,25653,6665,43,17,1023,
2681537,25663,6665,43,17,1023,
2681542,25670,6665,43,17,1023,
2681547,25670,6665,43,17,1023,
2681552,25677,6665,43,17,1023,
2681557,25677,6665,43,17,1023,
2681562,25677,6665,43,17,1023,
2681567,25688,6665,43,17,1023,
2681572,25688,6665,43,17,1023,
2681577,25699,6665,43,17,1023,
2681582,25706,6665,43,17,1023,
2681587,25713,6665,43,17,1023,
2681592,25723,6665,43,17,1023,
2681597,25735,6665,43,17,1023,
2681602,25745,6665,43,17,1023,
2681607,25755,6665,43,17,1023,
2681612,25765,6665,43,17,1023,
2681617,25775,6665,43,17,1023,
2681622,25784,6665,43,17,1017,
2681627,25794,6665,43,17,1010,
2681632,25802,6665,43,17,1007,
2681637,25809,6665,43,17,1005,
2681642,25809,6665,43,17,1002,
2681647,25817,6665,43,17,1000,
2681652,25817,6665,43,17,1000,
2681657,25828,6665,43,17,1000,
2681662,25828,6665,43,17,1000,
2681667,25835,6665,43,17,1000,
2681672,25835,6665,43,18,1000,
2681677,25835,6665,43,18,1001,
2681682,25835,6672,43,18,1003,
2681687,25835,6672,43,18,1004,
2681692,25835,6672,43,18,1005,
2681697,25835,6672,43,18,1006,
2681702,25835,6672,43,18,1007,
2681707,25835,6672,43,18,1008,
2681712,25835,6672,43,18,1008,
2681717,25835,6672,43,18,1007,
2681722,25835,6672,43,18,1006,
2681727,25835,6672,43,18,1006,
2681732,25835,6672,43,18,1004,
2681737,25835,6672,43,18,1000,
2681742,25835,6672,43,18,997,
2681747,25835,6672,43,18,993,
2681752,25835,6665,43,18,990,
2681757,25835,6665,43,18,989,
2681762,25835,6665,43,18,986,
2681767,25835,6665,43,18,986,
2681772,25835,6665,43,18,985,
2681777,25835,6665,43,18,985,
2681782,25835,6665,43,18,984,
2681787,25835,6665,43,18,983,
2681792,25835,6665,43,18,983,
2681797,25835,6665,43,18,981,
2681802,25835,6665,43,18,979,
2681807,25835,6665,43,18,977,
2681812,25835,6665,43,18,977,
2681817,25835,6665,43,18,975,
2681822,25835,6665,43,18,974,
2681827,25835,6665,43,18,973,
2681832,25835,6665,43,18,970,
2681837,25835,6665,43,18,966,
2681842,25835,6665,43,18,964,
2681847,25835,6665,43,18,960,
2681852,25835,6665,43,18,957,
2681857,25835,6665,43,18,952,
2681862,25835,6665,43,18,946,
2681867,25835,6665,45,18,941,
2681872,25835,6665,45,18,936,
2681877,25835,6665,46,18,930,
2681882,25835,6665,46,18,927,
2681887,25835,6665,46,18,925,
2681892,25835,6665,46,18,923,
2681897,25835,6665,46,18,922,
2681902,25835,6665,46,18,920,
2681907,25835,6665,46,18,919,
2681912,25835,6665,46,18,919,
2681917,25835,6665,46,18,919,
2681922,25835,6665,46,18,919,
2681927,25835,6665,46,18,919,
2681932,25835,6665,46,18,919,
2681937,25835,6665,46,18,919,
2681942,25835,6665,46,18,919,
2681947,25835,6665,46,18,919,
2681952,25835,6665,46,18,920,
2681957,25835,6665,46,18,919,
2681962,25835,6665,46,18,920,
2681967,25835,6665,46,18,919,
2681972,25835,6665,46,18,918,
2681977,25835,6665,46,18,914,
2681982,25835,6665,46,17,910,
2681987,25842,6665,46,17,907,
2681992,25842,6665,46,17,905,
2681997,25842,6665,46,17,901,
2682002,25842,6665,46,17,899,
2682007,25842,6665,46,17,897,
2682012,25842,6665,46,17,897,
2682017,25842,6665,46,17,896,
2682022,25842,6665,46,17,895,
2682027,25842,6665,46,17,895,
2682032,25842,6665,46,17,895,
2682037,25842,6665,46,17,895,
2682042,25842,6665,46,17,897,
2682047,25842,6665,46,17,897,
2682052,25842,6665,46,17,897,
2682057,25842,6665,46,17,899,
2682062,25842,6665,46,17,901,
2682067,25842,6665,46,17,902,
2682072,25842,6665,46,17,903,
2682077,25842,6665,46,17,902,
2682082,25842,6665,46,17,903,
2682087,25834,6665,46,17,902,
2682092,25834,6665,46,17,902,
2682097,25834,6665,46,17,902,
2682102,25834,6665,46,17,902,
2682107,25834,6665,46,17,901,
2682112,25834,6665,46,18,900,
2682117,25834,6665,46,18,899,
2682122,25834,6665,46,18,897,
2682127,25834,6665,46,18,897,
2682132,25834,6665,46,18,894,
2682137,25834,6665,46,18,891,
2682142,25834,6665,46,18,887,
2682147,25834,6665,46,18,885,
2682152,25834,6665,46,18,883,
2682157,25834,6665,46,18,882,
2682162,25834,6665,46,18,883,
2682167,25834,6665,46,18,883,
2682172,25834,6665,46,18,883,
2682177,25834,6665,46,18,884,
2682182,25834,6665,46,18,884,
2682187,25834,6665,46,18,885,
2682192,25834,6665,46,17,886,
2682197,25834,6665,46,17,887,
2682202,25834,6665,46,17,888,
2682207,25834,6665,46,17,888,
2682212,25834,6665,46,17,888,
2682217,25834,6665,46,17,888,
2682222,25834,6665,46,17,888,
2682227,25834,6665,46,17,888,
2682232,25834,6665,46,17,888,
2682237,25834,6665,46,17,888,
2682242,25834,6665,46,17,887,
2682247,25834,6665,46,17,886,
2682252,25834,6665,46,17,885,
2682257,25834,6665,46,17,884,
2682262,25834,6665,46,17,882,
2682267,25834,6672,46,17,882,
2682272,25834,6672,46,17,881,
2682277,25834,6672,46,17,879,
2682282,25834,6672,46,17,878,
2682287,25834,6672,46,17,876,
2682292,25834,6672,46,17,873,
2682297,25834,6672,46,17,873,
2682302,25834,6672,46,17,871,
2682307,25834,6672,46,17,872,
2682312,25834,6672,46,17,872,
2682317,25834,6672,46,17,871,
2682322,25834,6672,46,17,872,
2682327,25834,6672,46,17,872,
2682332,25834,6672,46,17,872,
2682337,25834,6672,46,17,872,
2682342,25834,6679,46,17,872,
2682347,25834,6679,46,17,872,
2682352,25834,6679,46,17,872,
2682357,25834,6679,46,17,873,
2682362,25834,6679,46,17,873,
2682367,25834,6679,46,18,873,
2682372,25834,6679,46,18,873,
2682377,25834,6679,46,18,873,
2682382,25834,6679,46,18,873,
2682387,25834,6679,46,18,874,
2682392,25834,6679,46,18,873,
2682397,25834,6679,46,18,873,
2682402,25834,6679,46,18,874,
2682407,25834,6679,46,18,875,
2682412,25834,6679,46,18,876,
2682417,25834,6686,46,18,876,
2682422,25834,6686,46,17,876,
2682427,25834,6686,46,17,877,
2682432,25834,6686,46,17,878,
2682437,25834,6686,46,17,879,
2682442,25834,6686,46,17,879,
2682447,25834,6686,46,17,881,
2682452,25834,6686,46,17,882,
2682457,25834,6686,46,17,882,
2682462,25834,6686,46,17,884,
2682467,25834,6686,46,17,884,
2682472,25834,6686,46,17,887,
2682477,25834,6686,46,17,891,
2682482,25834,6686,46,17,896,
2682487,25834,6686,46,17,901,
2682492,25834,6686,46,17,905,
2682497,25834,6686,46,17,909,
2682502,25834,6686,46,17,914,
2682507,25834,6686,46,17,917,
2682512,25834,6686,46,17,920,
2682517,25834,6686,46,17,921,
2682522,25834,6686,46,17,922,
2682527,25834,6686,46,17,924,
2682532,25834,6686,46,17,925,
2682537,25834,6686,46,17,926,
2682542,25834,6686,46,17,927,
2682547,25834,6686,46,17,927,
2682552,25834,6686,46,17,926,
2682557,25834,6693,46,17,927,
2682562,25834,6693,46,17,925,
2682567,25834,6693,46,17,925,
2682572,25834,6693,46,17,925,
2682577,25834,6693,46,17,925,
2682582,25834,6693,46,17,925,
2682587,25834,6693,46,17,925,
2682592,25834,6693,46,17,925,
2682597,25834,6693,46,17,925,
2682602,25834,6693,46,17,925,
2682607,25834,6693,46,17,925,
2682612,25834,6693,46,17,925,
2682617,25827,6693,46,17,925,
2682622,25827,6693,46,17,925,
2682627,25827,6693,46,17,925,
2682632,25827,6693,46,17,925,
2682637,25827,6693,46,17,925,
2682642,25827,6693,46,17,925,
2682647,25827,6693,46,17,925,
2682652,25827,6693,46,17,924,
2682657,25827,6693,46,17,923,
2682662,25827,6693,46,17,922,
2682667,25827,6693,46,17,920,
2682672,25827,6693,46,17,919,
2682677,25827,6700,46,17,920,
2682682,25827,6700,46,17,918,
2682687,25827,6707,46,17,919,
2682692,25827,6717,46,17,919,
2682697,25827,6732,46,17,916,
2682702,25827,6750,46,17,914,
2682707,25827,6773,46,17,917,
2682712,25827,6807,46,17,915,
2682717,25819,6847,45,15,908,
2682722,25819,6885,45,15,905,
2682727,25819,6917,45,15,912,
2682732,25811,6944,45,15,909,
2682737,25811,6969,45,15,908,
2682742,25818,6995,46,17,905,
2682747,25818,7020,46,17,904,
2682752,25818,7034,46,17,902,
2682757,25818,7041,48,17,904,
2682762,25818,7041,48,17,904,
2682767,25818,7041,49,18,904,
2682772,25818,7048,49,18,905,
2682777,25818,7048,49,18,906,
2682782,25818,7048,49,18,908,
2682787,25818,7048,48,19,908,
2682792,25818,7048,48,19,908,
2682797,25818,7055,48,19,908,
2682802,25818,7055,48,19,908,
2682808,25818,7055,48,20,909,
2682813,25818,7055,48,20,909,
2682818,25818,7055,48,20,909,
2682823,25818,7055,48,20,908,
2682828,25818,7055,48,20,908,
2682833,25818,7055,48,20,907,
2682838,25818,7055,48,20,906,
2682843,25818,7055,48,20,906,
2682848,25818,7055,48,20,907,
2682853,25818,7055,48,20,908,
2682858,25818,7063,48,20,908,
2682863,25818,7063,48,20,908,
2682868,25818,7063,48,20,908,
2682873,25818,7063,48,20,908,
2682878,25818,7063,48,20,907,
2682883,25818,7063,48,20,907,
2682888,25818,7063,48,20,907,
2682893,25818,7063,48,20,906,
2682898,25818,7063,48,20,905,
2682903,25818,7063,48,20,905,
2682908,25818,7063,48,20,905,
2682913,25818,7071,48,20,904,
2682918,25818,7071,48,20,904,
2682923,25818,7071,48,20,904,
2682928,25818,7071,48,20,904,
2682933,25818,7071,48,20,904,
2682938,25818,7083,48,20,904,
2682943,25818,7093,48,20,905,
2682948,25818,7111,48,20,905,
2682953,25818,7134,48,20,904,
2682958,25818,7166,48,20,907,
2682963,25808,7200,48,20,901,
2682968,25808,7227,48,20,897,
2682973,25808,7258,48,20,896,
2682978,25799,7280,48,20,891,
2682983,25799,7295,48,20,885,
2682988,25799,7314,48,20,886,
2682993,25799,7331,48,19,887,
2682998,25792,7348,48,19,886,
2683003,25792,7375,48,19,888,
2683008,25792,7403,48,19,888,
2683013,25792,7428,48,19,887,
2683018,25792,7453,48,19,888,
2683023,25784,7482,49,18,890,
2683028,25784,7517,49,18,890,
2683033,25776,7562,49,18,890,
2683038,25768,7613,49,18,887,
2683043,25758,7670,49,18,885,
2683048,25747,7734,49,18,885,
2683053,25738,7798,49,17,887,
2683058,25738,7860,49,17,885,
2683063,25731,7924,49,17,886,
2683068,25731,7993,49,17,888,
2683073,25720,8066,49,17,885,
2683078,25720,8149,48,15,885,
2683083,25711,8231,48,15,885,
2683088,25711,8305,48,15,885,
2683093,25711,8376,48,15,885,
2683098,25711,8437,50,14,883,
2683103,25711,8488,50,14,883,
2683108,25711,8531,52,14,884,
2683113,25711,8566,52,14,885,
2683118,25720,8600,52,13,884,
2683123,25720,8634,52,13,887,
2683128,25720,8675,52,13,887,
2683133,25720,8726,52,13,887,
2683138,25720,8776,52,12,886,
2683143,25720,8825,52,12,889,
2683148,25731,8872,52,12,893,
2683153,25731,8915,53,10,891,
2683158,25740,8976,53,10,891,
2683163,25740,9045,53,10,889,
2683168,25740,9111,53,10,890,
2683173,25740,9183,53,10,894,
2683178,25740,9249,53,10,896,
2683183,25740,9316,53,10,896,
2683188,25740,9391,53,10,893,
2683193,25740,9462,51,9,894,
2683198,25729,9531,51,9,896,
2683203,25729,9596,51,9,896,
2683208,25720,9653,51,9,897,
2683213,25720,9709,51,9,898,
2683218,25712,9766,51,9,899,
2683223,25712,9823,51,9,897,
2683228,25703,9884,51,9,896,
2683233,25703,9936,51,9,897,
2683238,25703,9973,51,9,899,
2683243,25694,10010,51,9,904,
2683248,25694,10055,52,8,903,
2683253,25678,10117,52,8,900,
2683258,25669,10190,52,8,902,
2683263,25661,10269,52,8,902,
2683268,25654,10339,52,7,899,
2683273,25654,10409,52,7,902,
2683278,25644,10478,52,7,905,
2683283,25644,10546,52,7,903,
2683288,25644,10614,52,5,902,
2683293,25637,10670,52,5,904,
2683298,25637,10731,52,5,903,
2683303,25627,10790,52,4,905,
2683308,25627,10857,52,4,907,
2683313,25620,10930,52,4,905,
2683318,25620,11001,52,3,905,
2683323,25620,11074,52,3,905,
2683328,25620,11152,52,2,905,
2683333,25620,11237,52,2,905,
2683338,25630,11324,52,2,905,
2683343,25630,11414,52,2,906,
2683348,25643,11495,52,2,905,
2683353,25651,11578,52,0,910,
2683358,25658,11657,52,0,911,
2683363,25666,11733,52,0,908,
2683368,25666,11814,52,0,911,
2683373,25678,11884,52,0,910,
2683378,25685,11954,52,0,911,
2683383,25685,12022,52,0,912,
2683388,25694,12098,52,0,910,
2683393,25694,12167,52,0,911,
2683398,25704,12241,52,0,911,
2683403,25711,12314,52,0,911,
2683408,25722,12378,52,0,911,
2683413,25729,12450,52,0,910,
2683418,25739,12521,52,0,912,
2683423,25746,12592,52,0,909,
2683428,25746,12662,52,0,910,
2683433,25760,12729,52,0,908,
2683438,25769,12794,52,0,910,
2683443,25779,12866,52,0,908,
2683448,25790,12943,52,0,911,
2683453,25803,13021,52,0,908,
2683458,25811,13109,52,0,894,
2683463,25818,13193,52,0,896,
2683468,25828,13269,52,0,897,
2683473,25835,13351,52,0,896,
2683478,25843,13424,52,0,896,
2683483,25843,13494,52,0,894,
2683488,25852,13565,52,-2,892,
2683493,25852,13636,52,-2,891,
2683498,25862,13701,52,-2,891,
2683503,25862,13767,52,-2,888,
2683508,25869,13833,52,-2,889,
2683513,25869,13900,52,-2,887,
2683518,25869,13966,52,-2,884,
2683523,25869,14028,52,-3,885,
2683528,25880,14092,52,-3,880,
2683533,25880,14157,52,-3,874,
2683538,25889,14223,52,-3,868,
2683543,25889,14294,52,-3,868,
2683548,25898,14362,52,-3,868,
2683553,25898,14430,52,-3,859,
2683558,25913,14494,52,-3,862,
2683563,25920,14555,52,-4,861,
2683568,25927,14619,52,-4,861,
2683573,25927,14679,52,-4,859,
2683578,25937,14741,52,-4,856,
2683583,25937,14804,52,-4,851,
2683588,25950,14859,52,-4,850,
2683593,25950,14907,52,-5,850,
2683598,25957,14951,52,-5,851,
2683603,25957,14991,52,-5,853,
2683608,25957,15029,52,-5,853,
2683613,25957,15070,52,-5,850,
2683618,25964,15116,52,-7,848,
2683623,25964,15159,52,-7,847,
2683628,25964,15201,52,-7,849,
2683633,25964,15239,52,-7,848,
2683638,25964,15273,52,-8,849,
2683643,25974,15307,52,-8,848,
2683648,25974,15338,52,-8,849,
2683653,25982,15374,52,-8,851,
2683658,25982,15415,52,-8,850,
2683663,25991,15464,52,-8,847,
2683668,25991,15516,52,-8,840,
2683673,26004,15568,52,-8,837,
2683678,26011,15611,52,-8,841,
2683683,26011,15649,52,-8,843,
2683688,26022,15690,52,-7,844,
2683693,26022,15728,52,-7,842,
2683698,26030,15775,52,-7,842,
2683703,26030,15823,52,-7,842,
2683708,26038,15867,52,-7,845,
2683713,26038,15915,52,-7,845,
2683718,26038,15952,52,-7,848,
2683723,26038,15990,52,-7,853,
2683728,26038,16031,50,-7,852,
2683733,26038,16069,50,-7,852,
2683738,26045,16108,49,-6,853,
2683743,26045,16148,49,-6,855,
2683748,26045,16187,49,-6,856,
2683753,26045,16227,49,-8,857,
2683758,26045,16269,49,-8,856,
2683763,26045,16311,49,-8,857,
2683768,26045,16353,49,-8,865,
2683773,26045,16400,49,-8,865,
2683778,26045,16446,49,-8,866,
2683783,26053,16496,50,-9,865,
2683788,26053,16536,50,-9,866,
2683793,26060,16576,50,-9,866,
2683798,26060,16622,50,-9,864,
2683803,26060,16665,50,-9,862,
2683808,26060,16713,50,-9,864,
2683813,26060,16752,50,-9,866,
2683818,26060,16783,50,-9,873,
2683823,26060,16807,50,-9,882,
2683828,26060,16830,50,-9,885,
2683833,26060,16853,50,-9,884,
2683838,26060,16881,50,-9,884,
2683843,26052,16915,50,-9,881,
2683848,26052,16948,50,-9,880,
2683853,26052,16981,50,-9,881,
2683858,26059,17018,50,-9,879,
2683863,26059,17056,50,-9,876,
2683868,26066,17097,50,-10,876,
2683873,26066,17141,50,-10,874,
2683878,26081,17184,50,-10,874,
2683883,26088,17226,50,-10,871,
2683888,26088,17272,50,-10,866,
2683893,26098,17321,50,-10,861,
2683898,26098,17374,50,-10,863,
2683903,26112,17427,50,-10,865,
2683908,26120,17481,50,-10,864,
2683913,26120,17528,50,-10,865,
2683918,26129,17561,50,-10,868,
2683923,26129,17594,50,-10,870,
2683928,26129,17620,50,-10,871,
2683933,26129,17643,50,-10,871,
2683938,26129,17671,50,-10,872,
2683943,26129,17697,50,-10,878,
2683948,26121,17720,50,-9,882,
2683953,26121,17744,50,-9,887,
2683958,26121,17771,50,-9,888,
2683963,26121,17801,50,-9,885,
2683968,26121,17830,50,-9,885,
2683973,26121,17857,50,-9,886,
2683978,26121,17883,50,-9,888,
2683983,26121,17910,50,-9,886,
2683988,26121,17935,50,-9,885,
2683993,26114,17963,50,-9,884,
2683998,26114,17988,50,-9,884,
2684003,26114,18004,50,-9,885,
2684008,26114,18021,50,-9,885,
2684013,26114,18034,50,-9,885,
2684018,26114,18044,50,-10,886,
2684023,26114,18056,50,-10,887,
2684028,26107,18069,50,-10,886,
2684033,26107,18082,50,-10,885,
2684038,26100,18096,50,-10,886,
2684043,26100,18112,50,-10,886,
2684048,26100,18124,50,-10,885,
2684053,26100,18137,50,-10,884,
2684058,26100,18145,50,-10,884,
2684063,26100,18145,50,-10,884,
2684068,26100,18154,50,-10,884,
2684073,26100,18154,50,-10,885,
2684078,26100,18154,50,-10,885,
2684083,26100,18154,50,-10,885,
2684088,26100,18154,50,-10,885,
2684093,26100,18154,50,-10,885,
2684098,26100,18154,50,-10,885,
2684103,26100,18154,50,-10,884,
2684108,26100,18154,50,-10,883,
2684113,26100,18154,50,-10,883,
2684118,26100,18154,50,-10,883,
2684123,26100,18154,50,-10,882,
2684128,26100,18154,50,-10,882,
2684133,26100,18154,50,-10,883,
2684138,26100,18154,50,-10,883,
2684143,26100,18154,50,-10,884,
2684148,26100,18154,50,-10,884,
2684153,26100,18154,50,-10,885,
2684158,26100,18154,50,-10,886,
2684163,26100,18154,50,-10,887,
2684168,26100,18154,50,-10,888,
2684173,26100,18154,50,-10,890,
2684178,26100,18154,50,-10,892,
2684183,26100,18154,50,-10,894,
2684188,26100,18154,50,-10,897,
2684193,26100,18154,50,-10,898,
2684198,26100,18154,50,-10,902,
2684203,26100,18154,50,-10,905,
2684208,26100,18154,50,-10,906,
2684213,26100,18154,50,-10,908,
2684218,26093,18154,50,-10,911,
2684223,26093,18154,50,-10,913,
2684228,26093,18154,50,-10,914,
2684233,26093,18154,50,-10,915,
2684238,26093,18154,50,-10,915,
2684243,26086,18154,50,-10,915,
2684248,26086,18154,50,-10,916,
2684253,26079,18161,50,-10,917,
2684258,26079,18161,50,-10,918,
2684263,26072,18161,50,-10,919,
2684268,26072,18161,50,-10,921,
2684273,26063,18161,50,-10,922,
2684278,26063,18170,50,-10,925,
2684283,26056,18170,50,-10,927,
2684288,26056,18170,50,-10,928,
2684293,26045,18170,50,-10,928,
2684298,26037,18170,50,-9,928,
2684303,26023,18181,50,-9,927,
2684308,26010,18181,50,-9,927,
2684313,25997,18188,50,-9,926,
2684318,25984,18188,50,-9,925,
2684323,25968,18195,50,-9,919,
2684328,25950,18195,50,-9,919,
2684333,25930,18207,50,-9,920,
2684338,25911,18207,50,-9,920,
2684343,25893,18216,50,-9,921,
2684348,25873,18216,50,-9,922,
2684353,25851,18216,50,-9,920,
2684358,25827,18225,50,-9,919,
2684363,25805,18232,50,-9,930,
2684368,25784,18240,50,-9,933,
2684373,25762,18250,51,-9,926,
2684378,25737,18259,51,-9,927,
2684383,25711,18267,51,-9,932,
2684388,25684,18275,51,-9,935,
2684393,25655,18275,51,-9,929,
2684398,25628,18286,51,-9,931,
2684403,25599,18286,51,-9,931,
2684408,25569,18286,51,-9,931,
2684413,25541,18286,51,-9,934,
2684418,25513,18286,51,-9,935,
2684423,25485,18294,51,-9,942,
2684428,25461,18301,51,-9,942,
2684433,25436,18309,51,-9,943,
2684438,25408,18317,51,-9,944,
2684443,25380,18326,51,-9,941,
2684448,25353,18335,53,-9,943,
2684453,25325,18345,53,-9,941,
2684458,25301,18354,53,-8,943,
2684463,25280,18362,52,-8,947,
2684468,25258,18370,52,-8,954,
2684473,25234,18378,52,-8,951,
2684478,25207,18387,50,-8,948,
2684483,25178,18387,50,-8,950,
2684488,25151,18394,49,-8,957,
2684493,25124,18394,49,-8,954,
2684498,25096,18401,49,-8,952,
2684503,25065,18409,47,-8,949,
2684508,25032,18419,47,-8,947,
2684513,24999,18426,46,-7,947,
2684518,24963,18426,46,-7,941,
2684523,24930,18426,45,-7,937,
2684528,24897,18436,45,-7,944,
2684533,24862,18443,43,-7,945,
2684538,24828,18443,43,-7,942,
2684543,24794,18452,43,-7,944,
2684548,24758,18452,43,-7,946,
2684553,24724,18464,45,-7,942,
2684558,24690,18474,45,-7,938,
2684563,24653,18484,46,-7,937,
2684568,24619,18491,46,-7,936,
2684573,24586,18491,46,-7,940,
2684578,24553,18491,46,-7,937,
2684583,24524,18491,46,-7,937,
2684588,24495,18491,46,-5,941,
2684593,24464,18491,46,-5,942,
2684598,24434,18491,46,-5,939,
2684603,24403,18491,46,-5,937,
2684608,24370,18491,48,-5,927,
2684613,24342,18491,48,-5,924,
2684618,24313,18491,49,-6,926,
2684623,24284,18491,49,-6,928,
2684628,24258,18491,49,-6,927,
2684633,24230,18484,49,-6,927,
2684638,24205,18484,49,-6,926,
2684643,24181,18484,49,-6,926,
2684648,24154,18477,49,-6,928,
2684653,24126,18477,49,-6,927,
2684658,24096,18477,49,-6,926,
2684663,24068,18477,49,-6,927,
2684668,24041,18477,49,-6,927,
2684673,24013,18477,49,-6,925,
2684678,23983,18477,49,-6,922,
2684683,23954,18477,49,-6,922,
2684688,23928,18477,49,-6,935,
2684693,23905,18477,49,-6,940,
2684698,23883,18477,49,-6,931,
2684703,23857,18477,49,-6,934,
2684708,23827,18477,49,-6,929,
2684713,23798,18477,49,-6,925,
2684718,23770,18477,49,-6,927,
2684723,23744,18477,49,-4,928,
2684728,23717,18469,49,-4,921,
2684733,23688,18469,49,-4,917,
2684738,23658,18469,49,-4,920,
2684743,23626,18469,49,-4,920,
2684748,23594,18458,49,-4,920,
2684753,23561,18458,49,-4,919,
2684758,23525,18446,49,-4,917,
2684763,23490,18439,49,-4,919,
2684768,23453,18439,49,-4,918,
2684773,23413,18429,51,-4,919,
2684778,23371,18429,51,-4,919,
2684783,23326,18421,52,-4,920,
2684788,23276,18421,52,-4,917,
2684793,23223,18411,52,-4,914,
2684798,23173,18411,51,-4,916,
2684803,23120,18402,51,-4,918,
2684808,23070,18402,49,-4,918,
2684813,23023,18386,49,-4,916,
2684818,22975,18375,49,-4,917,
2684823,22927,18363,49,-4,917,
2684828,22877,18353,49,-4,913,
2684833,22826,18353,49,-4,911,
2684838,22774,18343,48,-3,914,
2684843,22723,18334,48,-3,917,
2684848,22675,18325,47,-3,916,
2684853,22627,18318,47,-3,917,
2684858,22579,18318,47,-3,918,
2684863,22535,18318,45,-3,921,
2684868,22491,18311,45,-3,921,
2684873,22446,18311,45,-3,920,
2684878,22401,18297,45,-3,921,
2684883,22350,18290,47,-3,920,
2684888,22301,18282,47,-3,922,
2684893,22255,18274,47,-3,925,
2684898,22208,18274,47,-3,925,
2684903,22162,18264,47,-3,923,
2684908,22114,18264,47,-3,919,
2684913,22061,18264,47,-3,916,
2684918,22008,18254,47,-3,920,
2684923,21955,18254,48,-3,918,
2684928,21905,18239,48,-3,919,
2684933,21856,18231,49,-3,922,
2684938,21804,18231,49,-3,920,
2684943,21753,18223,49,-3,919,
2684948,21699,18223,49,-3,919,
2684953,21646,18215,49,-3,924,
2684958,21596,18215,49,-3,918,
2684963,21545,18208,49,-3,922,
2684968,21492,18208,49,-3,920,
2684973,21441,18201,49,-3,923,
2684978,21386,18201,49,-3,921,
2684983,21325,18190,49,-2,910,
2684988,21262,18190,49,-2,915,
2684993,21193,18178,49,-2,912,
2684998,21122,18170,49,-2,914,
2685003,21052,18162,49,-2,916,
2685008,20976,18152,49,-2,915,
2685013,20899,18143,49,-2,899,
2685018,20826,18136,49,-2,908,
2685023,20753,18127,49,-2,916,
2685028,20681,18118,49,-2,904,
2685033,20607,18103,49,-2,906,
2685038,20531,18085,49,-2,905,
2685043,20454,18071,49,0,905,
2685048,20377,18060,49,0,891,
2685053,20302,18050,49,0,896,
2685058,20226,18039,48,0,896,
2685063,20147,18027,48,0,903,
2685068,20068,18011,47,0,904,
2685073,19990,17995,47,0,903,
2685078,19914,17978,47,0,908,
2685083,19836,17959,47,0,908,
2685088,19762,17941,48,0,908,
2685093,19685,17925,48,0,896,
2685098,19610,17907,49,0,904,
2685103,19539,17890,49,0,903,
2685108,19470,17874,49,0,904,
2685113,19404,17859,49,0,897,
2685118,19339,17846,49,0,897,
2685123,19270,17836,50,0,899,
2685128,19201,17836,50,0,897,
2685133,19126,17824,50,0,896,
2685138,19054,17824,50,0,896,
2685143,18984,17809,50,0,914,
2685148,18912,17801,50,0,908,
2685153,18842,17794,50,0,890,
2685158,18769,17786,50,0,893,
2685163,18697,17786,50,0,893,
2685168,18629,17776,50,0,891,
2685173,18561,17769,50,0,897,
2685178,18491,17769,50,0,888,
2685183,18420,17758,50,0,901,
2685188,18351,17749,50,0,903,
2685193,18280,17740,50,0,899,
2685198,18214,17730,50,0,899,
2685203,18143,17721,50,0,900,
2685208,18072,17721,48,0,899,
2685213,18004,17713,48,0,898,
2685218,17934,17713,48,0,901,
2685223,17865,17702,48,0,896,
2685228,17797,17692,48,0,903,
2685233,17728,17683,50,0,901,
2685238,17658,17683,50,0,891,
2685243,17589,17671,50,0,896,
2685248,17523,17671,50,0,898,
2685253,17457,17671,50,0,895,
2685258,17394,17671,50,0,901,
2685263,17331,17663,50,0,896,
2685268,17270,17663,50,0,899,
2685273,17207,17651,51,0,894,
2685278,17146,17642,51,0,898,
2685283,17083,17631,52,0,896,
2685288,17018,17618,52,0,896,
2685293,16952,17609,52,0,897,
2685298,16888,17598,52,0,893,
2685303,16828,17586,52,0,895,
2685309,16771,17575,52,0,896,
2685314,16718,17564,51,0,895,
2685319,16669,17555,51,0,908,
2685324,16617,17547,49,0,902,
2685329,16565,17547,49,0,879,
2685334,16516,17539,49,0,892,
2685339,16466,17539,49,0,889,
2685344,16420,17539,49,0,888,
2685349,16378,17539,49,0,884,
2685354,16336,17539,49,0,893,
2685359,16295,17539,49,0,903,
2685364,16255,17539,48,0,886,
2685369,16215,17546,48,0,886,
2685374,16170,17546,48,2,882,
2685379,16126,17546,48,2,879,
2685384,16082,17546,49,2,879,
2685389,16037,17536,49,2,879,
2685394,15995,17536,49,2,885,
2685399,15955,17536,49,2,880,
2685404,15915,17527,49,2,885,
2685409,15872,17527,49,2,888,
2685414,15829,17520,49,2,882,
2685419,15784,17520,49,2,882,
2685424,15738,17507,49,2,874,
2685429,15694,17507,49,2,879,
2685434,15650,17497,49,2,876,
2685439,15607,17497,49,2,879,
2685444,15564,17497,49,2,873,
2685449,15522,17497,51,2,873,
2685454,15482,17486,51,2,873,
2685459,15439,17477,52,2,874,
2685464,15396,17466,52,2,874,
2685469,15353,17459,52,2,874,
2685474,15310,17459,52,2,873,
2685479,15268,17449,52,2,881,
2685484,15227,17442,52,2,856,
2685489,15187,17432,52,2,874,
2685494,15148,17421,52,2,900,
2685499,15103,17411,52,2,885,
2685504,15057,17400,52,2,879,
2685509,15007,17387,54,3,882,
2685514,14954,17377,54,3,885,
2685519,14905,17366,54,3,885,
2685524,14857,17355,54,3,886,
2685529,14804,17346,52,3,877,
2685534,14751,17338,52,2,877,
2685539,14699,17330,52,2,881,
2685544,14646,17323,52,2,879,
2685549,14598,17323,52,0,880,
2685554,14549,17313,51,0,880,
2685559,14501,17313,51,0,883,
2685564,14454,17306,50,0,881,
2685569,14410,17299,50,0,884,
2685574,14368,17291,50,0,882,
2685579,14328,17291,50,0,878,
2685584,14287,17280,50,0,885,
2685589,14246,17273,48,0,874,
2685594,14205,17266,48,0,879,
2685599,14164,17255,48,0,879,
2685604,14126,17242,48,0,876,
2685609,14087,17232,48,0,879,
2685614,14046,17225,49,0,879,
2685619,14007,17218,49,0,879,
2685624,13967,17218,49,0,876,
2685629,13929,17210,49,0,880,
2685634,13894,17210,49,0,881,
2685639,13858,17201,49,0,879,
2685644,13823,17201,49,0,880,
2685649,13785,17201,49,0,880,
2685654,13751,17191,49,0,885,
2685659,13717,17191,49,0,889,
2685664,13681,17182,49,0,885,
2685669,13645,17182,49,0,884,
2685674,13609,17182,49,0,884,
2685679,13571,17182,49,0,887,
2685684,13535,17182,49,0,885,
2685689,13501,17182,49,0,884,
2685694,13467,17182,49,0,887,
2685699,13433,17182,49,0,890,
2685704,13399,17174,51,0,890,
2685709,13365,17174,51,0,889,
2685714,13332,17165,52,0,888,
2685719,13301,17165,52,0,888,
2685724,13272,17156,52,0,890,
2685729,13242,17156,52,0,891,
2685734,13213,17156,52,0,890,
2685739,13186,17156,52,0,890,
2685744,13159,17156,52,0,892,
2685749,13136,17146,52,0,891,
2685754,13109,17146,52,0,891,
2685759,13081,17137,52,0,892,
2685764,13054,17137,52,0,893,
2685769,13026,17137,52,0,896,
2685774,12996,17128,52,0,896,
2685779,12963,17128,52,0,894,
2685784,12925,17117,54,0,893,
2685789,12889,17117,54,0,892,
2685794,12853,17107,54,0,897,
2685799,12821,17100,52,0,900,
2685804,12791,17092,52,0,899,
2685809,12759,17082,52,0,897,
2685814,12730,17072,52,0,899,
2685819,12699,17062,51,0,899,
2685824,12666,17052,51,0,896,
2685829,12636,17044,50,0,900,
2685834,12605,17036,50,0,900,
2685839,12577,17028,50,0,899,
2685844,12552,17028,48,0,900,
2685849,12527,17015,48,0,900,
2685854,12503,17015,47,0,902,
2685859,12481,17005,47,0,906,
2685864,12461,17005,45,0,908,
2685869,12441,17005,45,0,906,
2685874,12423,17005,45,0,907,
2685879,12404,17005,45,0,908,
2685884,12385,17005,47,0,908,
2685889,12367,17005,47,0,906,
2685894,12351,17005,47,0,906,
2685899,12334,16996,47,0,905,
2685904,12317,16996,47,0,904,
2685909,12299,16989,47,0,904,
2685914,12281,16989,47,0,905,
2685919,12265,16989,47,0,906,
2685924,12252,16979,47,0,908,
2685929,12242,16979,47,0,909,
2685934,12230,16979,47,0,911,
2685939,12217,16979,47,0,914,
2685944,12207,16972,47,0,917,
2685949,12198,16972,47,0,917,
2685954,12191,16972,47,0,917,
2685959,12191,16972,47,0,917,
2685964,12182,16972,47,0,917,
2685969,12175,16972,48,0,917,
2685974,12175,16972,48,0,916,
2685979,12175,16972,50,0,915,
2685984,12167,16972,50,0,915,
2685989,12167,16972,50,0,914,
2685994,12167,16972,50,0,914,
2685999,12167,16972,50,0,914,
2686004,12160,16972,50,0,914,
2686009,12160,16972,50,0,915,
2686014,12160,16972,50,0,916,
2686019,12153,16972,50,0,916,
2686024,12153,16972,50,0,916,
2686029,12142,16972,50,0,917,
2686034,12142,16972,50,0,917,
2686039,12130,16972,50,0,919,
2686044,12123,16972,50,0,919,
2686049,12116,16972,50,0,919,
2686054,12107,16972,50,0,919,
2686059,12096,16972,50,0,920,
2686064,12089,16972,50,0,920,
2686069,12081,16972,50,0,920,
2686074,12074,16965,50,0,919,
2686079,12064,16965,50,0,919,
2686084,12052,16965,50,0,918,
2686089,12037,16954,50,0,918,
2686094,12025,16954,50,0,919,
2686099,12016,16944,50,0,920,
2686104,12016,16944,50,0,919,
2686109,12007,16937,50,0,920,
2686114,12007,16937,50,0,922,
2686119,12000,16937,50,0,922,
2686124,12000,16929,50,0,925,
2686129,12000,16929,50,0,928,
2686134,12000,16921,50,0,931,
2686139,12000,16921,50,0,933,
2686144,12000,16910,50,0,935,
2686149,11991,16902,50,0,937,
2686154,11991,16891,50,0,939,
2686159,11991,16878,50,0,943,
2686164,11980,16865,50,0,942,
2686169,11973,16849,50,0,945,
2686174,11973,16834,50,0,953,
2686179,11964,16822,50,0,955,
2686184,11964,16810,50,0,956,
2686189,11964,16798,50,0,955,
2686194,11964,16781,50,0,955,
2686199,11964,16759,50,0,954,
2686204,11953,16737,50,0,955,
2686209,11953,16716,50,0,954,
2686214,11953,16698,50,0,952,
2686219,11953,16684,50,0,951,
2686224,11953,16666,50,0,952,
2686229,11953,16647,50,0,952,
2686234,11953,16629,50,0,951,
2686239,11953,16608,50,0,949,
2686244,11953,16591,50,0,949,
2686249,11963,16570,50,0,950,
2686254,11963,16546,51,0,951,
2686259,11974,16524,51,0,951,
2686264,11974,16500,52,0,952,
2686269,11985,16473,52,0,955,
2686274,11992,16444,52,0,957,
2686279,11992,16413,52,0,960,
2686284,12003,16383,52,0,968,
2686289,12003,16349,52,0,980,
2686294,12011,16310,52,0,999,
2686299,12018,16270,52,0,1012,
2686304,12027,16230,52,0,1012,
2686309,12036,16194,52,0,1013,
2686314,12036,16160,52,0,1023,
2686319,12046,16125,52,0,1023,
2686324,12046,16093,52,0,1023,
2686329,12046,16064,52,0,1023,
2686334,12054,16035,52,0,1023,
2686339,12054,15996,52,0,1023,
2686344,12054,15944,52,0,1023,
2686349,12054,15888,52,0,1023,
2686354,12054,15830,52,0,1023,
2686359,12046,15781,52,0,1023,
2686364,12046,15734,52,0,1023,
2686369,12038,15686,52,0,1023,
2686374,12031,15635,52,0,1023,
2686379,12021,15590,52,0,1023,
2686384,12021,15545,52,0,1023,
2686389,12011,15506,52,0,1023,
2686394,12011,15475,52,0,1023,
2686399,12011,15444,52,2,1011,
2686404,11999,15420,52,2,985,
2686409,11991,15401,52,2,948,
2686414,11991,15385,52,3,911,
2686419,11981,15375,52,3,872,
2686424,11981,15375,52,3,818,
2686429,11981,15366,52,3,752,
2686434,11973,15366,52,4,665,
2686439,11973,15366,52,4,540,
2686444,11964,15374,52,4,358,
2686449,11964,15383,52,4,158,
2686454,11955,15404,52,5,42,
2686459,11955,15404,52,5,0,
2686464,11934,15510,52,5,0,
2686469,11916,15593,52,5,0,
2686474,11899,15685,52,5,0,
2686479,11879,15782,52,5,0,
2686484,11862,15878,53,6,0,
2686489,11845,15984,53,6,0,
2686494,11832,16096,55,6,0,
2686499,11825,16213,56,6,0,
2686504,11825,16330,57,7,0,
2686509,11832,16445,59,5,0,
2686514,11845,16558,60,5,0,
2686519,11860,16672,62,5,0,
2686524,11879,16785,65,4,0,
2686529,11900,16891,66,3,0,
2686534,11926,16987,69,1,0,
2686539,11956,17066,70,0,0,
2686544,11979,17135,72,-1,0,
2686549,12002,17182,74,-2,0,
2686554,12011,17219,76,-5,0,
2686559,12024,17236,77,-6,0,
2686564,12044,17224,78,-9,0,
2686569,12067,17206,78,-11,0,
2686574,12090,17175,79,-12,0,
2686579,12104,17121,79,-13,0,
2686584,12125,17064,80,-15,0,
2686589,12139,17012,79,-18,0,
2686594,12164,16945,79,-18,0,
2686599,12199,16883,79,-18,0,
2686604,12199,16883,79,-18,0,
2687463,23155,7202,33,17,0,
2687468,23147,7202,32,15,0,
2687473,23134,7227,32,15,0,
2687478,23116,7272,32,15,0,
2687483,23096,7346,32,14,0,
2687488,23080,7435,32,14,0,
2687493,23060,7516,33,12,0,
2687498,23030,7568,33,12,0,
2687503,22990,7584,35,11,0,
2687508,22940,7575,36,10,0,
2687513,22890,7561,36,10,0,
2687518,22854,7553,37,9,0,
2687523,22834,7553,37,9,0,
2687528,22834,7561,39,9,0,
2687533,22848,7572,38,7,0,
2687538,22864,7582,39,7,0,
2687543,22882,7582,39,6,0,
2687548,22895,7572,41,5,0,
2687553,22912,7548,41,5,0,
2687558,22929,7514,41,5,0,
2687563,22939,7476,42,5,0,
2687568,22939,7431,42,5,0,
2687573,22939,7377,44,4,0,
2687578,22924,7313,44,4,0,
2687583,22917,7249,44,4,0,
2687588,22917,7191,44,6,0,
2687593,22917,7143,44,6,0,
2687598,22917,7103,44,6,0,
2687603,22924,7069,43,7,0,
2687608,22932,7038,42,7,0,
2687613,22945,7011,42,7,0,
2687618,22959,6987,41,7,0,
2687623,22972,6965,41,7,0,
2687628,22981,6945,41,6,0,
2687633,22981,6924,41,5,0,
2687638,22994,6903,41,3,0,
2687643,22994,6882,41,2,0,
2687648,23007,6866,41,1,0,
2687653,23007,6854,41,0,0,
2687658,23015,6844,41,0,0,
2687663,23015,6836,41,0,0,
2687668,23015,6827,41,-1,0,
2687673,23027,6815,41,-2,0,
2687678,23027,6807,41,-3,0,
2687683,23027,6797,41,-5,0,
2687688,23027,6790,41,-6,0,
2687693,23027,6790,42,-8,0,
2687698,23027,6790,42,-8,0,
2687703,23027,6790,41,-10,0,
2687708,23015,6790,41,-10,0,
2687713,23004,6806,41,-10,0,
2687718,22989,6815,41,-10,0,
2687723,22971,6823,41,-10,0,
2687728,22954,6830,42,-8,0,
2687733,22937,6830,42,-8,0,
2687738,22919,6840,42,-8,0,
2687743,22899,6840,42,-8,0,
2687748,22877,6852,42,-8,0,
2687753,22855,6852,42,-8,0,
2687758,22835,6860,42,-8,0,
2687763,22817,6860,42,-8,0,
2687768,22798,6860,42,-8,0,
2687773,22777,6860,43,-9,0,
2687778,22756,6851,43,-9,0,
2687783,22735,6843,43,-8,0,
2687788,22711,6834,43,-8,0,
2687793,22689,6834,43,-8,0,
2687798,22663,6834,43,-8,0,
2687803,22635,6834,43,-8,0,
2687808,22609,6847,43,-8,0,
2687813,22579,6863,43,-8,0,
2687818,22552,6882,44,-8,0,
2687823,22528,6907,44,-8,0,
2687828,22506,6939,47,-10,0,
2687833,22490,6972,46,-8,0,
2687838,22481,7007,46,-8,0,
2687843,22481,7035,46,-7,0,
2687848,22481,7049,46,-5,0,
2687853,22493,7049,46,-4,0,
2687858,22504,7049,48,-3,0,
2687863,22513,7037,48,-2,0,
2687868,22523,7024,49,0,0,
2687873,22533,7004,50,0,0,
2687878,22543,6982,50,0,0,
2687883,22555,6955,50,0,0,
2687888,22555,6927,50,0,0,
2687893,22555,6901,49,0,0,
2687898,22555,6873,49,0,0,
2687903,22547,6847,49,0,0,
2687908,22538,6825,49,0,0,
2687913,22525,6810,50,0,0,
2687918,22512,6802,50,0,0,
2687923,22496,6802,50,0,0,
2687928,22479,6802,50,0,0,
2687933,22468,6802,49,0,0,
2687938,22460,6802,49,-2,0,
2687943,22452,6802,49,-3,0,
2687948,22452,6802,49,-4,0,
2687953,22439,6802,49,-6,0,
2687958,22439,6802,49,-6,0,
2687963,22439,6792,49,-8,0,
2687968,22439,6792,49,-8,0,
2687973,22439,6785,49,-8,0,
2687978,22450,6785,49,-8,0,
2687983,22457,6777,49,-8,0,
2687988,22467,6777,49,-8,0,
2687993,22479,6764,49,-6,0,
2687998,22495,6764,49,-6,0,
2688003,22513,6751,49,-6,0,
2688008,22529,6751,49,-6,0,
2688013,22549,6741,49,-6,0,
2688019,22570,6741,49,-6,0,
2688024,22593,6734,49,-6,0,
2688029,22617,6734,49,-4,0,
2688034,22639,6734,49,-4,0,
2688039,22657,6734,49,-4,0,
2688044,22676,6734,49,-4,0,
2688049,22694,6734,48,-5,0,
2688054,22711,6734,48,-3,0,
2688059,22728,6734,47,-3,0,
2688064,22741,6734,47,-3,0,
2688069,22752,6734,47,-3,0,
2688074,22764,6734,47,-3,0,
2688079,22777,6727,47,-3,0,
2688084,22792,6727,47,-3,0,
2688089,22808,6717,47,-3,0,
2688094,22823,6717,47,-3,0,
2688099,22835,6717,47,-2,0,
2688104,22846,6717,47,-2,0,
2688109,22859,6717,45,-2,0,
2688114,22870,6717,45,-2,0,
2688119,22882,6717,44,-2,0,
2688124,22891,6717,44,-2,0,
2688129,22891,6729,44,-2,0,
2688134,22901,6736,44,-2,0,
2688139,22901,6736,44,-2,0,
2688144,22909,6746,44,-2,0,
2688149,22909,6746,44,-2,0,
2688154,22909,6755,44,-2,0,
2688159,22898,6755,44,-2,0,
2688164,22891,6755,44,-2,0,
2688169,22891,6755,44,-2,0,
2688174,22884,6755,44,-2,0,
2688179,22884,6755,44,-2,0,
2688184,22872,6748,44,-2,0,
2688189,22864,6748,44,-2,0,
2688194,22856,6739,44,-2,0,
2688199,22856,6731,44,-2,0,
2688204,22847,6723,44,-2,0,
2688209,22847,6723,44,-2,0,
2688214,22837,6715,44,-2,0,
2688219,22837,6715,44,-2,0,
2688218,22837,6715,44,-2,19,
2688223,22830,6715,44,-2,44,
2688228,22830,6715,44,-2,71,
2688233,22830,6715,44,-2,104,
2688238,22830,6708,44,-1,138,
2688243,22821,6708,44,-1,175,
2688248,22821,6708,44,-1,211,
2688253,22821,6697,44,-1,251,
2688258,22814,6697,44,-1,293,
2688263,22814,6697,44,-1,331,
2688268,22814,6697,44,-1,371,
2688273,22807,6697,44,-1,408,
2688278,22807,6697,44,-1,443,
2688283,22807,6697,44,-1,473,
2688288,22807,6697,44,-1,499,
2688293,22800,6697,44,-1,523,
2688298,22800,6697,44,-1,542,
2688303,22800,6697,44,0,558,
2688308,22800,6697,44,0,572,
2688313,22800,6697,45,0,583,
2688318,22800,6705,45,0,595,
2688323,22800,6705,47,0,609,
2688328,22800,6705,47,0,621,
2688333,22800,6715,47,0,636,
2688338,22800,6715,47,0,648,
2688343,22800,6725,47,0,663,
2688348,22810,6733,47,0,676,
2688353,22810,6743,47,0,687,
2688358,22810,6757,45,0,700,
2688363,22810,6772,45,0,717,
2688368,22821,6788,44,0,738,
2688373,22821,6809,44,0,755,
2688378,22831,6833,44,0,763,
2688383,22831,6857,44,0,777,
2688388,22831,6881,44,0,794,
2688393,22831,6907,44,0,812,
2688398,22841,6940,44,0,818,
2688403,22841,6984,44,0,819,
2688408,22841,7037,44,0,821,
2688413,22841,7092,44,0,829,
2688418,22841,7144,44,0,848,
2688423,22841,7199,44,0,850,
2688428,22849,7264,44,0,851,
2688433,22849,7342,44,0,851,
2688438,22856,7436,44,0,850,
2688443,22856,7534,44,0,850,
2688448,22856,7638,44,0,850,
2688453,22856,7729,44,0,857,
2688458,22856,7814,44,0,862,
2688463,22865,7897,44,0,865,
2688468,22865,7969,44,0,866,
2688473,22858,8041,44,0,867,
2688478,22858,8107,44,0,868,
2688483,22847,8160,44,0,873,
2688488,22847,8206,44,0,875,
2688493,22838,8253,44,-1,879,
2688498,22838,8293,44,-1,884,
2688503,22825,8329,44,-1,899,
2688508,22825,8359,44,-2,920,
2688513,22816,8381,44,-2,931,
2688518,22816,8412,44,-2,934,
2688523,22809,8455,44,-3,937,
2688528,22809,8500,44,-3,942,
2688533,22799,8536,45,-3,972,
2688538,22791,8563,45,-3,988,
2688543,22783,8587,46,-4,986,
2688548,22776,8628,46,-4,976,
2688553,22768,8688,46,-4,972,
2688558,22761,8749,46,-4,974,
2688563,22754,8804,46,-4,979,
2688568,22754,8850,46,-5,978,
2688573,22754,8895,46,-5,978,
2688578,22754,8939,46,-5,978,
2688583,22754,8981,46,-5,980,
2688588,22754,9018,46,-5,981,
2688593,22744,9057,46,-7,979,
2688598,22744,9092,46,-7,977,
2688603,22744,9124,46,-7,979,
2688608,22744,9151,46,-8,980,
2688613,22737,9174,46,-7,977,
2688618,22737,9205,46,-7,974,
2688623,22730,9242,46,-7,971,
2688628,22730,9279,46,-7,970,
2688633,22730,9316,46,-7,970,
2688638,22730,9356,46,-7,971,
2688643,22730,9404,46,-7,971,
2688648,22730,9465,46,-7,957,
2688653,22737,9528,46,-7,957,
2688658,22737,9584,46,-7,957,
2688663,22737,9634,46,-7,957,
2688668,22737,9680,46,-7,957,
2688673,22737,9731,46,-7,958,
2688678,22744,9788,46,-7,956,
2688683,22744,9839,46,-7,957,
2688688,22744,9887,46,-7,960,
2688693,22744,9925,46,-7,962,
2688698,22744,9955,46,-8,966,
2688703,22744,9985,46,-8,974,
2688708,22744,10011,46,-8,978,
2688713,22744,10031,46,-8,986,
2688718,22744,10050,46,-8,997,
2688723,22737,10070,47,-10,1006,
2688728,22737,10097,47,-10,1006,
2688733,22726,10137,47,-10,1006,
2688738,22726,10186,47,-10,1006,
2688743,22716,10241,47,-10,1012,
2688748,22716,10300,47,-10,1020,
2688753,22705,10368,47,-10,1020,
2688758,22696,10451,47,-10,1017,
2688763,22685,10547,47,-10,1016,
2688768,22674,10656,47,-10,1017,
2688773,22666,10776,47,-10,1016,
2688778,22658,10900,47,-10,1020,
2688783,22649,11026,47,-10,1018,
2688788,22640,11143,47,-10,1023,
2688793,22624,11245,47,-10,1023,
2688798,22606,11340,47,-10,1023,
2688803,22589,11429,47,-10,1023,
2688808,22572,11502,47,-10,1023,
2688813,22558,11555,47,-10,1023,
2688818,22540,11594,47,-10,1023,
2688823,22517,11621,47,-10,1023,
2688828,22491,11644,47,-10,1023,
2688833,22466,11674,47,-10,1023,
2688838,22450,11696,47,-10,1023,
2688843,22438,11706,47,-10,1023,
2688848,22431,11714,47,-10,1023,
2688853,22431,11714,47,-10,1023,
2688858,22419,11721,47,-10,1023,
2688863,22419,11730,47,-10,1023,
2688868,22409,11746,47,-10,1023,
2688873,22409,11769,47,-10,1023,
2688878,22394,11791,47,-10,1023,
2688883,22386,11810,47,-10,1023,
2688888,22386,11820,47,-10,1023,
2688893,22379,11827,47,-10,1023,
2688898,22379,11835,47,-10,1023,
2688903,22379,11846,46,-8,1023,
2688908,22379,11860,46,-8,1023,
2688913,22369,11872,46,-8,1023,
2688918,22369,11889,46,-8,1023,
2688923,22358,11916,46,-8,1023,
2688928,22358,11948,46,-8,1023,
2688933,22347,11974,46,-8,1023,
2688938,22340,11993,46,-8,1023,
2688943,22340,12004,46,-8,1023,
2688948,22328,12004,46,-8,1023,
2688953,22328,12018,46,-8,1023,
2688958,22328,12028,46,-8,1023,
2688963,22321,12028,46,-8,1023,
2688968,22321,12039,46,-8,1023,
2688973,22321,12039,46,-8,1023,
2688978,22321,12039,46,-8,1023,
2688983,22321,12039,46,-8,1023,
2688988,22321,12039,46,-8,1023,
2688993,22321,12039,46,-8,1023,
2688998,22321,12039,46,-8,1023,
2689003,22321,12050,46,-8,1023,
2689008,22321,12050,46,-8,1023,
2689013,22321,12050,46,-8,1023,
2689019,22321,12050,46,-8,1023,
2689024,22321,12062,46,-8,1023,
2689029,22321,12072,46,-8,1023,
2689034,22329,12085,46,-8,1023,
2689039,22329,12104,46,-8,1023,
2689044,22340,12125,46,-8,1023,
2689049,22340,12152,46,-8,1023,
2689054,22340,12177,46,-8,1023,
2689059,22340,12198,46,-8,1023,
2689064,22340,12216,46,-8,1023,
2689069,22340,12233,46,-8,1023,
2689074,22340,12263,46,-8,1023,
2689079,22340,12304,46,-8,1023,
2689084,22340,12348,46,-8,1023,
2689089,22340,12391,46,-8,1023,
2689094,22340,12425,46,-8,1023,
2689099,22340,12451,46,-8,1023,
2689104,22340,12476,46,-8,1023,
2689109,22340,12504,46,-8,1023,
2689114,22340,12542,46,-8,1023,
2689119,22340,12589,46,-8,1023,
2689124,22340,12639,46,-8,1023,
2689129,22340,12692,46,-8,1023,
2689134,22349,12742,46,-8,1023,
2689139,22349,12788,46,-8,1023,
2689144,22349,12831,46,-8,1023,
2689149,22341,12869,47,-10,1023,
2689154,22341,12903,47,-10,1023,
2689159,22333,12937,47,-10,1023,
2689164,22333,12976,47,-10,1023,
2689169,22333,13013,47,-10,1023,
2689174,22321,13044,47,-10,1023,
2689179,22321,13073,47,-10,1023,
2689184,22311,13097,47,-10,1023,
2689189,22311,13126,47,-10,1023,
2689194,22303,13159,47,-10,1023,
2689199,22303,13193,47,-10,1023,
2689204,22293,13228,46,-12,1023,
2689209,22293,13258,46,-12,1023,
2689214,22285,13284,46,-12,1023,
2689219,22285,13304,46,-12,1023,
2689224,22285,13323,47,-10,1023,
2689229,22274,13345,47,-10,1023,
2689234,22274,13373,47,-10,1023,
2689239,22262,13409,47,-10,1023,
2689244,22262,13453,47,-10,1023,
2689249,22255,13494,47,-10,1023,
2689254,22255,13524,47,-10,1023,
2689259,22255,13551,47,-10,1023,
2689264,22242,13577,47,-10,1023,
2689269,22242,13607,47,-10,1023,
2689274,22233,13645,47,-10,1023,
2689279,22233,13678,47,-10,1023,
2689284,22224,13708,47,-10,1023,
2689289,22216,13734,47,-10,1023,
2689294,22208,13758,47,-10,1023,
2689299,22208,13781,47,-10,1023,
2689304,22208,13798,47,-10,1023,
2689309,22201,13812,47,-10,1023,
2689314,22201,13826,47,-10,1023,
2689319,22193,13837,47,-10,1023,
2689324,22193,13845,47,-10,1023,
2689329,22193,13853,47,-10,1023,
2689334,22193,13853,47,-10,1023,
2689339,22193,13853,47,-10,1023,
2689344,22193,13862,47,-10,1023,
2689349,22193,13862,47,-10,1023,
2689354,22193,13869,47,-10,1023,
2689359,22193,13869,47,-10,1023,
2689364,22193,13869,47,-10,1023,
2689369,22193,13879,47,-10,1023,
2689374,22193,13879,47,-10,1023,
2689379,22193,13893,47,-10,1023,
2689384,22186,13903,47,-10,1023,
2689389,22186,13913,47,-10,1023,
2689394,22186,13924,47,-10,1023,
2689399,22186,13933,47,-10,1023,
2689404,22186,13943,47,-10,1023,
2689409,22186,13955,46,-12,1023,
2689414,22186,13970,46,-12,1023,
2689419,22186,13987,46,-12,1023,
2689424,22186,14007,46,-12,1023,
2689429,22186,14027,46,-12,1023,
2689434,22186,14048,46,-12,1023,
2689439,22186,14069,46,-12,1023,
2689444,22194,14090,46,-12,1023,
2689449,22194,14115,46,-12,1023,
2689454,22201,14145,46,-12,1023,
2689459,22201,14183,46,-12,1023,
2689464,22201,14220,46,-12,1023,
2689469,22201,14254,46,-12,1023,
2689474,22201,14288,46,-12,1023,
2689479,22201,14314,46,-13,1023,
2689484,22201,14338,46,-13,1023,
2689489,22201,14360,46,-13,1023,
2689494,22201,14372,46,-13,1023,
2689499,22201,14382,46,-13,1023,
2689504,22201,14393,46,-13,1023,
2689509,22201,14405,46,-13,1023,
2689514,22201,14419,46,-13,1023,
2689519,22194,14431,46,-13,1023,
2689524,22194,14443,46,-13,1023,
2689529,22185,14456,46,-13,1023,
2689534,22185,14474,46,-13,1023,
2689539,22185,14494,46,-13,1023,
2689544,22176,14523,46,-13,1023,
2689549,22176,14556,46,-13,1023,
2689554,22168,14584,46,-13,1023,
2689559,22168,14610,46,-13,1023,
2689564,22168,14633,46,-13,1023,
2689569,22168,14654,46,-13,1023,
2689574,22161,14677,46,-13,1023,
2689579,22161,14702,46,-13,1023,
2689584,22154,14720,46,-13,1023,
2689589,22154,14732,46,-13,1023,
2689594,22154,14732,46,-13,1023,
2689599,22154,14740,46,-13,1023,
2689604,22154,14740,46,-13,1023,
2689609,22154,14740,46,-13,1023,
2689614,22147,14749,46,-13,1023,
2689619,22147,14749,46,-13,1023,
2689624,22147,14756,46,-13,1023,
2689629,22147,14756,46,-13,1023,
2689634,22147,14767,46,-13,1023,
2689639,22147,14777,46,-13,1023,
2689644,22147,14787,46,-13,1023,
2689649,22147,14796,46,-13,1023,
2689654,22147,14796,46,-13,1023,
2689659,22154,14807,46,-13,1023,
2689664,22154,14807,46,-13,1023,
2689669,22154,14817,46,-14,1023,
2689674,22154,14817,46,-14,1023,
2689679,22154,14817,46,-14,1023,
2689684,22154,14817,46,-14,1023,
2689689,22154,14825,46,-14,1023,
2689694,22154,14825,46,-14,1023,
2689699,22154,14825,46,-14,1023,
2689704,22154,14835,46,-14,1023,
2689709,22154,14835,46,-14,1023,
2689714,22154,14835,46,-14,1023,
2689719,22154,14835,46,-14,1023,
2689724,22154,14835,46,-14,1023,
2689729,22154,14844,46,-14,1023,
2689734,22154,14844,46,-14,1023,
2689739,22154,14844,46,-14,1023,
2689744,22154,14851,46,-14,1023,
2689749,22154,14851,46,-14,1023,
2689754,22154,14851,46,-14,1023,
2689759,22154,14851,46,-14,1023,
2689764,22154,14858,46,-14,1023,
2689769,22154,14858,46,-14,1023,
2689774,22154,14858,46,-14,1023,
2689779,22154,14858,46,-14,1023,
2689784,22154,14858,46,-14,1023,
2689789,22154,14858,46,-14,1023,
2689794,22154,14858,46,-14,1023,
2689799,22154,14858,46,-14,1023,
2689804,22154,14858,46,-14,1023,
2689809,22154,14865,46,-14,1023,
2689814,22154,14865,46,-14,1023,
2689819,22144,14881,46,-14,1023,
2689824,22137,14900,46,-14,1023,
2689829,22137,14932,46,-14,1023,
2689834,22127,14966,46,-14,1023,
2689839,22120,15007,46,-14,1023,
2689844,22120,15045,46,-14,1023,
2689849,22107,15069,46,-14,1023,
2689854,22107,15090,46,-14,1023,
2689859,22097,15105,46,-14,1023,
2689864,22090,15118,46,-14,1023,
2689869,22081,15136,45,-15,1023,
2689874,22072,15157,45,-15,1023,
2689879,22072,15179,45,-15,1023,
2689884,22062,15198,45,-15,1023,
2689889,22062,15212,45,-15,1023,
2689894,22062,15221,45,-15,1023,
2689899,22054,15221,45,-15,1023,
2689904,22054,15230,45,-15,1023,
2689909,22054,15230,45,-15,1023,
2689914,22054,15230,45,-15,1023,
2689919,22047,15239,45,-15,1023,
2689924,22047,15239,45,-15,1023,
2689929,22039,15249,45,-15,1023,
2689934,22039,15249,45,-15,1023,
2689939,22031,15256,45,-15,1023,
2689944,22031,15256,45,-15,1023,
2689949,22031,15256,45,-15,1023,
2689954,22031,15256,45,-15,1023,
2689959,22031,15256,45,-15,1023,
2689964,22031,15256,46,-14,1023,
2689969,22024,15256,46,-14,1023,
2689974,22024,15256,46,-14,1023,
2689979,22024,15256,46,-14,1023,
2689984,22024,15256,46,-14,1023,
2689989,22024,15256,46,-14,1023,
2689994,22024,15256,45,-15,1023,
2689999,22024,15256,45,-15,1023,
2690004,22024,15256,45,-15,1023,
2690009,22024,15256,45,-15,1023,
2690014,22024,15249,45,-15,1023,
2690019,22024,15249,45,-15,1023,
2690024,22024,15249,45,-15,1023,
2690029,22024,15249,45,-15,1023,
2690034,22024,15249,45,-15,1023,
2690039,22024,15249,45,-15,1023,
2690044,22024,15249,45,-15,1023,
2690049,22024,15249,45,-15,1023,
2690054,22024,15249,45,-15,1023,
2690059,22024,15249,45,-15,1023,
2690064,22024,15249,45,-15,1023,
2690069,22024,15249,45,-15,1023,
2690074,22024,15249,45,-15,1023,
2690079,22024,15249,45,-15,1023,
2690084,22024,15249,45,-15,1023,
2690089,22024,15249,45,-15,1023,
2690094,22024,15249,45,-15,1023,
2690099,22024,15249,45,-15,1023,
2690104,22024,15249,45,-15,1023,
2690109,22024,15249,45,-15,1023,
2690114,22024,15249,45,-15,1023,
2690119,22024,15249,45,-15,1023,
2690124,22024,15249,45,-15,1023,
2690129,22024,15249,45,-15,1023,
2690134,22024,15249,45,-15,1023,
2690139,22024,15249,45,-15,1023,
2690144,22024,15249,45,-15,1023,
2690149,22024,15249,45,-15,1023,
2690154,22024,15241,45,-15,1023,
2690159,22024,15241,45,-15,1023,
2690164,22024,15241,45,-15,1023,
2690169,22024,15241,46,-14,1023,
2690174,22024,15241,46,-14,1023,
2690179,22024,15241,46,-14,1023,
2690184,22024,15241,46,-14,1023,
2690189,22014,15241,46,-14,1023,
2690194,22003,15241,46,-14,1023,
2690199,21990,15241,46,-14,1023,
2690204,21975,15241,46,-14,1023,
2690209,21958,15241,46,-14,1023,
2690214,21941,15241,46,-14,1023,
2690219,21921,15249,46,-14,1023,
2690224,21902,15249,46,-14,1023,
2690229,21883,15249,46,-14,1023,
2690234,21865,15249,46,-14,1023,
2690239,21845,15249,46,-14,1023,
2690244,21817,15249,46,-14,1023,
2690249,21789,15249,46,-14,1023,
2690254,21762,15249,46,-14,1023,
2690259,21742,15242,46,-14,1023,
2690264,21729,15242,46,-14,1023,
2690269,21716,15242,47,-14,1023,
2690274,21699,15242,47,-14,1023,
2690279,21678,15242,49,-14,1023,
2690284,21656,15242,49,-14,1023,
2690289,21634,15242,49,-14,1023,
2690294,21613,15231,49,-14,1023,
2690299,21589,15231,49,-14,1000,
2690304,21566,15224,49,-14,1005,
2690309,21545,15224,49,-14,1012,
2690314,21526,15224,49,-14,1012,
2690319,21513,15224,49,-13,1012,
2690324,21499,15224,49,-13,1012,
2690329,21483,15217,49,-13,1013,
2690334,21466,15217,49,-13,1012,
2690339,21448,15209,49,-13,1011,
2690344,21433,15209,49,-13,1013,
2690349,21419,15202,49,-13,1014,
2690354,21405,15202,49,-13,1013,
2690359,21386,15202,49,-13,1012,
2690364,21367,15194,49,-13,1009,
2690369,21345,15194,49,-13,1006,
2690374,21322,15185,51,-12,1007,
2690379,21301,15178,51,-12,1008,
2690384,21275,15178,52,-13,1005,
2690389,21246,15171,52,-13,1003,
2690394,21216,15171,52,-12,1000,
2690399,21186,15178,52,-12,1001,
2690404,21159,15178,51,-11,1004,
2690409,21135,15178,51,-11,1008,
2690414,21111,15178,49,-12,1004,
2690419,21086,15178,50,-10,1004,
2690424,21058,15178,50,-10,1017,
2690429,21026,15178,48,-11,1009,
2690434,20997,15178,48,-11,1001,
2690439,20967,15178,47,-10,1012,
2690444,20936,15178,47,-10,1010,
2690449,20907,15178,47,-10,1011,
2690454,20874,15178,45,-11,1017,
2690459,20843,15178,46,-9,1020,
2690464,20816,15178,44,-10,1023,
2690469,20787,15178,44,-10,1023,
2690474,20761,15178,43,-9,1017,
2690479,20731,15178,43,-9,1023,
2690484,20701,15178,43,-9,1023,
2690489,20674,15185,43,-9,1023,
2690494,20648,15185,44,-10,1023,
2690499,20625,15185,44,-10,1023,
2690504,20600,15185,44,-10,1023,
2690509,20570,15185,43,-8,1023,
2690514,20540,15178,43,-8,1023,
2690519,20507,15178,43,-8,1023,
2690524,20481,15178,43,-8,1023,
2690529,20460,15178,43,-8,1023,
2690534,20440,15178,43,-8,1023,
2690539,20420,15178,43,-8,1023,
2690544,20393,15178,44,-8,1023,
2690549,20362,15178,45,-7,1023,
2690554,20330,15170,46,-7,1023,
2690559,20296,15162,46,-7,1023,
2690564,20265,15154,46,-7,1023,
2690569,20231,15154,46,-7,1023,
2690574,20197,15147,46,-7,1023,
2690579,20161,15147,46,-5,1023,
2690584,20122,15137,46,-5,1023,
2690589,20080,15122,46,-5,1023,
2690594,20033,15101,46,-5,1023,
2690599,19985,15084,46,-5,1023,
2690604,19937,15073,46,-4,1009,
2690609,19890,15073,46,-4,1010,
2690614,19848,15062,46,-4,1007,
2690619,19808,15062,46,-4,1009,
2690624,19769,15051,47,-3,1007,
2690629,19732,15051,47,-3,1009,
2690634,19697,15042,47,-3,1011,
2690639,19663,15042,48,-3,1003,
2690644,19630,15042,48,-3,998,
2690649,19593,15042,49,-2,1004,
2690654,19553,15042,49,-2,1005,
2690659,19510,15056,49,-2,1012,
2690664,19467,15056,49,-2,1023,
2690669,19422,15067,49,-2,1023,
2690674,19375,15067,49,-2,1023,
2690679,19325,15074,49,-2,1023,
2690684,19271,15082,49,-2,1023,
2690689,19211,15091,49,-2,1023,
2690694,19149,15099,49,-2,1023,
2690699,19081,15099,49,-2,1023,
2690704,19014,15099,49,0,1023,
2690709,18948,15087,49,0,1023,
2690714,18878,15080,48,0,1023,
2690719,18809,15080,48,0,1023,
2690724,18743,15069,47,0,1023,
2690729,18675,15056,47,0,1023,
2690734,18612,15037,47,0,1023,
2690739,18547,15017,47,0,1023,
2690744,18476,15000,47,0,1023,
2690749,18402,14984,47,0,1023,
2690754,18328,14968,47,0,1023,
2690759,18252,14950,45,0,1023,
2690764,18177,14933,45,0,1023,
2690769,18102,14919,44,0,1023,
2690774,18019,14911,44,0,1023,
2690779,17935,14900,44,0,1023,
2690784,17852,14891,45,0,1020,
2690789,17770,14881,45,0,1023,
2690794,17690,14871,47,0,1023,
2690799,17611,14871,47,0,1023,
2690804,17528,14871,47,0,1023,
2690809,17448,14871,47,0,1023,
2690814,17371,14871,47,0,1018,
2690819,17297,14864,47,0,1023,
2690824,17219,14864,47,0,1023,
2690829,17138,14864,48,0,1023,
2690834,17054,14857,48,2,1023,
2690839,16967,14857,48,2,1023,
2690844,16883,14849,47,2,1023,
2690849,16802,14842,47,2,1023,
2690854,16724,14834,47,2,1023,
2690859,16643,14834,47,2,1023,
2690864,16565,14823,47,2,1023,
2690869,16487,14823,47,3,1023,
2690874,16411,14814,47,3,1023,
2690879,16341,14814,47,3,1023,
2690884,16273,14814,47,3,1023,
2690889,16205,14828,47,3,1023,
2690894,16135,14838,47,3,1023,
2690899,16065,14847,47,3,1023,
2690904,15996,14847,47,3,1023,
2690909,15932,14860,45,3,1023,
2690914,15864,14871,45,4,1023,
2690919,15795,14885,45,4,1023,
2690924,15728,14898,45,4,1023,
2690929,15661,14908,46,4,1023,
2690934,15599,14917,46,4,1023,
2690939,15542,14917,46,4,1023,
2690944,15484,14926,46,4,1023,
2690949,15426,14933,46,4,1023,
2690954,15369,14933,46,4,1023,
2690959,15315,14933,46,4,1023,
2690964,15264,14944,46,4,1023,
2690969,15214,14944,48,5,1023,
2690974,15166,14944,48,5,1023,
2690979,15116,14944,49,4,1023,
2690984,15066,14944,49,4,1023,
2690989,15017,14944,49,6,1023,
2690994,14962,14944,49,4,1023,
2690999,14909,14936,49,4,1023,
2691004,14853,14936,48,5,1023,
2691009,14794,14936,48,5,1023,
2691014,14743,14936,46,4,1023,
2691019,14692,14936,46,5,1023,
2691024,14640,14936,46,4,1023,
2691029,14591,14948,46,4,1023,
2691034,14540,14948,46,4,1023,
2691039,14490,14956,46,4,1023,
2691044,14442,14956,45,4,1023,
2691049,14393,14956,45,4,1023,
2691054,14344,14956,44,4,1023,
2691059,14294,14956,44,4,1023,
2691064,14242,14956,44,4,1023,
2691069,14191,14969,44,4,1023,
2691074,14142,14977,44,4,1023,
2691079,14089,14984,44,4,1023,
2691084,14036,14984,44,4,1023,
2691089,13981,14991,44,4,1023,
2691094,13921,14991,44,4,1023,
2691099,13862,14991,44,4,1023,
2691104,13803,14991,45,4,1023,
2691109,13744,14991,45,4,1023,
2691114,13688,14991,46,4,1023,
2691119,13629,14991,46,4,1023,
2691124,13572,14998,46,4,1003,
2691129,13519,14998,46,4,1008,
2691134,13468,15006,46,4,1003,
2691139,13419,15006,46,4,1004,
2691144,13374,15006,46,4,1000,
2691149,13329,15006,46,4,1000,
2691154,13285,15006,46,4,996,
2691159,13245,15006,46,4,969,
2691164,13210,15006,46,4,973,
2691169,13177,15006,46,4,975,
2691174,13148,15006,46,4,973,
2691179,13122,15006,48,5,975,
2691184,13098,15006,48,3,976,
2691189,13077,15006,49,3,979,
2691194,13059,15006,49,3,978,
2691199,13040,15006,49,3,976,
2691204,13019,14999,49,3,976,
2691209,12994,14999,49,3,974,
2691214,12967,14999,49,3,972,
2691219,12943,14991,49,3,974,
2691224,12922,14991,49,3,976,
2691229,12905,14991,49,2,974,
2691234,12888,14983,49,2,975,
2691239,12869,14983,48,2,977,
2691244,12847,14983,48,2,975,
2691249,12825,14983,47,2,974,
2691254,12803,14983,47,2,976,
2691259,12781,14983,45,2,974,
2691264,12759,14983,45,2,976,
2691269,12733,14983,44,2,973,
2691274,12703,14994,44,2,956,
2691279,12670,14994,44,2,957,
2691284,12638,14994,42,2,959,
2691289,12604,15001,42,2,958,
2691294,12570,15001,41,2,951,
2691299,12535,15011,41,2,956,
2691304,12497,15011,40,2,955,
2691309,12462,15011,40,2,951,
2691314,12427,15018,40,2,956,
2691319,12393,15018,40,2,957,
2691324,12360,15018,40,2,972,
2691329,12328,15018,41,2,984,
2691334,12300,15018,41,1,988,
2691339,12269,15018,41,1,971,
2691344,12236,15009,41,1,965,
2691349,12203,14998,41,1,956,
2691354,12170,14987,41,1,957,
2691359,12139,14975,43,1,954,
2691364,12110,14964,43,1,904,
2691369,12081,14952,44,1,861,
2691374,12054,14941,44,0,848,
2691379,12029,14934,44,0,836,
2691384,12009,14934,44,0,796,
2691389,11993,14927,44,0,746,
2691394,11981,14927,44,0,693,
2691399,11981,14927,44,0,633,
2691404,11973,14927,45,0,566,
2691409,11973,14927,45,0,474,
2691414,11973,14927,47,0,350,
2691419,11973,14927,47,0,175,
2691424,11986,14927,47,0,20,
2691429,11986,14927,47,0,0,
2691434,12006,14954,47,0,0,
2691439,12006,14979,47,0,0,
2691444,12006,15004,47,0,0,
2691449,11995,15030,47,0,0,
2691454,11984,15051,47,0,0,
2691459,11984,15063,47,0,0,
2691464,11976,15083,48,0,0,
2691469,11976,15109,48,0,0,
2691474,11976,15140,49,-2,0,
2691479,11984,15183,51,-4,0,
2691484,12008,15231,52,-5,0,
2691489,12052,15285,53,-5,0,
2691494,12106,15359,53,-5,0,
2691499,12175,15449,55,-3,0,
2691504,12252,15557,56,0,0,
2691509,12342,15679,56,0,0,
2691514,12456,15790,56,0,0,
2691519,12456,15790,56,0,0,
2691879,24035,16538,78,-22,0,
2691884,24035,16538,78,-22,0,
2691889,24035,16538,78,-22,0,
2691894,24047,16569,77,-22,0,
2691899,24077,16611,77,-22,0,
2691904,24121,16673,75,-23,0,
2691909,24167,16739,74,-22,0,
2691914,24205,16796,74,-22,0,
2691919,24244,16839,72,-23,0,
2691924,24287,16865,70,-24,0,
2691929,24342,16883,70,-25,0,
2691934,24411,16900,67,-25,0,
2691939,24493,16927,65,-26,0,
2691944,24589,16961,63,-27,0,
2691949,24693,17002,61,-28,0,
2691954,24809,17043,59,-29,0,
2691959,24933,17073,57,-31,0,
2691964,25056,17092,54,-31,0,
2691969,25175,17102,51,-33,0,
2691974,25283,17102,50,-35,0,
2691979,25376,17102,48,-35,0,
2691984,25459,17102,49,-35,0,
2691989,25531,17088,49,-37,0,
2691994,25594,17075,51,-38,0,
2691999,25646,17068,52,-39,0,
2692004,25694,17068,52,-39,0,
2692009,25738,17077,53,-40,0,
2692014,25780,17094,54,-40,0,
2692019,25822,17119,54,-40,0,
2692024,25863,17150,55,-41,0,
2692029,25902,17190,56,-42,0,
2692034,25937,17239,58,-42,0,
2692039,25971,17290,59,-43,0,
2692044,26000,17343,61,-43,0,
2692049,26026,17397,62,-43,0,
2692054,26048,17447,62,-43,0,
2692059,26060,17495,62,-43,0,
2692064,26060,17533,62,-43,0,
2692069,26060,17559,61,-43,0,
2692074,26047,17576,60,-42,0,
2692079,26030,17576,59,-41,0,
2692084,26004,17576,57,-38,0,
2692089,25970,17576,56,-38,0,
2692094,25930,17567,55,-36,0,
2692099,25885,17559,54,-35,0,
2692104,25842,17559,54,-32,0,
2692109,25801,17559,55,-31,0,
2692114,25761,17559,55,-28,0,
2692119,25726,17569,56,-26,0,
2692124,25694,17577,57,-25,0,
2692129,25668,17587,56,-22,0,
2692134,25652,17595,57,-20,0,
2692139,25640,17604,57,-19,0,
2692144,25628,17615,56,-18,0,
2692149,25615,17628,56,-18,0,
2692154,25603,17643,58,-17,0,
2692159,25591,17658,58,-17,0,
2692164,25582,17669,59,-18,0,
2692169,25573,17677,59,-18,0,
2692174,25561,17677,61,-17,0,
2692179,25550,17684,61,-17,0,
2692184,25538,17684,62,-17,0,
2692189,25528,17684,62,-17,0,
2692194,25528,17684,62,-17,0,
2692199,25514,17684,62,-17,0,
2692204,25514,17684,62,-17,0,
2692209,25502,17691,62,-17,0,
2692214,25502,17691,62,-17,0,
2692219,25494,17704,62,-17,0,
2692224,25494,17714,62,-17,0,
2692229,25501,17726,62,-19,0,
2692234,25501,17742,62,-19,0,
2692239,25516,17760,62,-19,0,
2692244,25524,17782,62,-19,0,
2692249,25534,17805,62,-19,0,
2692254,25547,17829,62,-20,0,
2692259,25561,17853,61,-21,0,
2692264,25574,17875,61,-21,0,
2692269,25587,17898,59,-22,0,
2692274,25600,17919,59,-22,0,
2692279,25615,17936,59,-22,0,
2692284,25630,17952,57,-23,0,
2692289,25644,17965,57,-23,0,
2692294,25654,17977,56,-23,0,
2692299,25664,17991,55,-25,0,
2692304,25673,18003,55,-25,0,
2692309,25686,18014,53,-26,0,
2692314,25701,18025,53,-27,0,
2692319,25716,18036,51,-27,0,
2692324,25733,18047,51,-27,0,
2692329,25749,18061,51,-28,0,
2692334,25765,18076,50,-29,0,
2692339,25784,18088,48,-29,0,
2692344,25802,18099,48,-29,0,
2692349,25818,18109,47,-29,0,
2692354,25834,18118,47,-29,0,
2692359,25847,18128,47,-31,0,
2692364,25861,18136,47,-31,0,
2692369,25873,18136,47,-31,0,
2692374,25882,18144,47,-31,0,
2692379,25882,18144,47,-31,0,
2692384,25890,18144,47,-31,0,
2692389,25890,18144,46,-31,0,
2692394,25890,18144,46,-31,0,
2692399,25890,18144,44,-32,0,
2692404,25897,18144,44,-32,0,
2692409,25897,18134,44,-32,0,
2692414,25897,18134,44,-32,0,
2692419,25897,18134,44,-32,0,
2692424,25897,18134,44,-32,0,
2692429,25897,18134,44,-32,0,
2692434,25897,18124,44,-32,0,
2692439,25897,18124,44,-32,0,
2692444,25888,18117,43,-32,0,
2692449,25880,18117,43,-32,0,
2692450,25880,18117,41,-32,55,
2692455,25873,18105,41,-32,141,
2692460,25862,18105,41,-32,233,
2692465,25862,18105,41,-32,322,
2692470,25862,18098,41,-32,396,
2692475,25851,18098,41,-32,455,
2692480,25851,18098,41,-32,510,
2692485,25843,18090,41,-32,563,
2692490,25843,18083,41,-32,610,
2692495,25833,18075,41,-32,653,
2692500,25833,18066,41,-32,698,
2692505,25821,18058,41,-32,735,
2692510,25821,18050,41,-32,763,
2692515,25813,18042,41,-32,793,
2692520,25804,18032,41,-32,817,
2692525,25793,18021,41,-32,838,
2692530,25778,18007,42,-31,860,
2692535,25764,17992,42,-31,886,
2692540,25753,17977,42,-31,908,
2692545,25741,17960,42,-31,925,
2692550,25724,17942,42,-31,938,
2692555,25704,17923,42,-31,943,
2692560,25677,17904,42,-31,958,
2692565,25649,17884,42,-31,965,
2692570,25622,17866,42,-29,964,
2692575,25595,17847,42,-29,964,
2692580,25569,17826,42,-29,968,
2692585,25541,17804,42,-29,974,
2692590,25513,17781,42,-29,980,
2692595,25482,17754,42,-29,983,
2692600,25448,17724,42,-29,986,
2692605,25402,17683,42,-28,986,
2692610,25350,17636,42,-28,1000,
2692615,25293,17593,42,-28,999,
2692620,25230,17544,42,-28,996,
2692625,25167,17494,43,-27,1000,
2692630,25109,17444,43,-27,1008,
2692635,25053,17395,43,-27,1008,
2692640,24997,17349,43,-27,1004,
2692645,24939,17303,43,-27,1005,
2692650,24873,17256,43,-27,1007,
2692655,24806,17209,42,-28,1001,
2692660,24744,17163,40,-28,991,
2692665,24692,17127,40,-28,994,
2692670,24645,17098,40,-29,991,
2692675,24599,17066,40,-29,992,
2692680,24556,17036,40,-29,993,
2692685,24518,17010,40,-29,991,
2692690,24488,16987,40,-29,990,
2692695,24460,16970,40,-29,978,
2692700,24428,16954,40,-29,943,
2692705,24392,16934,40,-28,943,
2692710,24353,16913,41,-30,941,
2692715,24315,16892,42,-29,922,
2692720,24280,16872,42,-29,911,
2692725,24238,16847,42,-29,885,
2692730,24187,16807,42,-28,881,
2692735,24127,16759,42,-28,871,
2692740,24067,16710,42,-28,864,
2692745,24007,16660,42,-28,852,
2692750,23945,16611,44,-28,842,
2692755,23881,16554,44,-28,841,
2692760,23813,16491,45,-28,841,
2692765,23746,16429,45,-28,842,
2692770,23684,16376,45,-28,841,
2692775,23629,16326,45,-28,844,
2692780,23580,16282,45,-27,846,
2692785,23533,16240,45,-27,845,
2692790,23494,16204,45,-27,847,
2692795,23467,16184,46,-27,849,
2692800,23445,16168,46,-27,849,
2692805,23437,16168,48,-26,850,
2692810,23437,16160,48,-26,850,
2692815,23427,16160,48,-26,852,
2692820,23427,16160,48,-26,852,
2692825,23427,16160,48,-26,852,
2692830,23427,16153,48,-26,852,
2692835,23419,16153,48,-26,852,
2692840,23419,16146,48,-26,852,
2692845,23406,16138,48,-26,851,
2692850,23394,16131,48,-26,853,
2692855,23381,16131,50,-26,853,
2692860,23363,16117,50,-26,851,
2692865,23341,16106,50,-25,850,
2692870,23314,16086,50,-25,852,
2692875,23287,16061,50,-25,853,
2692880,23267,16045,50,-26,856,
2692885,23254,16032,50,-26,863,
2692890,23243,16024,48,-26,872,
2692895,23227,16017,48,-26,869,
2692900,23200,15997,48,-26,867,
2692905,23169,15970,47,-26,865,
2692910,23134,15943,47,-26,863,
2692915,23102,15910,45,-26,865,
2692920,23070,15875,45,-26,865,
2692925,23036,15834,45,-26,865,
2692930,23004,15789,44,-26,865,
2692935,22974,15752,44,-26,866,
2692940,22947,15721,42,-26,867,
2692945,22920,15689,42,-26,869,
2692950,22893,15660,43,-25,874,
2692955,22871,15634,43,-25,883,
2692960,22847,15613,43,-25,882,
2692965,22822,15595,43,-25,883,
2692970,22792,15573,43,-25,882,
2692975,22753,15539,43,-24,883,
2692980,22711,15501,43,-24,880,
2692985,22672,15465,43,-24,882,
2692990,22638,15436,44,-22,881,
2692995,22608,15416,44,-22,883,
2693000,22580,15403,46,-22,882,
2693005,22550,15389,46,-22,879,
2693010,22521,15374,46,-20,879,
2693015,22494,15361,46,-20,882,
2693020,22470,15351,46,-20,879,
2693025,22451,15351,46,-20,875,
2693030,22437,15343,46,-20,873,
2693035,22423,15343,46,-20,874,
2693040,22416,15343,46,-20,856,
2693045,22416,15343,46,-20,848,
2693050,22404,15343,46,-22,844,
2693055,22404,15343,47,-22,828,
2693060,22390,15343,47,-22,827,
2693065,22382,15343,49,-22,834,
2693071,22382,15336,49,-22,823,
2693076,22382,15336,48,-24,826,
2693081,22382,15336,48,-24,820,
2693086,22373,15336,47,-25,819,
2693091,22364,15336,47,-25,819,
2693096,22364,15323,48,-26,819,
2693101,22350,15309,48,-26,819,
2693106,22335,15291,48,-26,819,
2693111,22316,15269,48,-27,819,
2693116,22287,15245,48,-27,816,
2693121,22254,15223,48,-27,815,
2693126,22224,15203,48,-27,817,
2693131,22198,15185,48,-27,817,
2693136,22173,15170,48,-27,816,
2693141,22142,15154,48,-27,814,
2693146,22113,15138,48,-27,806,
2693151,22088,15125,48,-26,807,
2693156,22071,15115,48,-26,807,
2693161,22071,15115,48,-26,807,
2693166,22064,15115,48,-26,807,
2693171,22064,15115,48,-26,804,
2693176,22064,15115,48,-26,793,
2693181,22064,15115,48,-26,769,
2693186,22064,15115,47,-25,748,
2693191,22064,15115,47,-25,731,
2693196,22064,15115,47,-25,720,
2693201,22064,15115,47,-25,710,
2693206,22064,15115,47,-25,694,
2693211,22064,15115,47,-25,676,
2693216,22064,15115,47,-25,656,
2693221,22064,15115,47,-25,627,
2693226,22064,15115,47,-25,587,
2693231,22064,15115,47,-25,530,
2693236,22064,15115,47,-25,457,
2693241,22064,15115,47,-25,365,
2693246,22056,15122,47,-25,233,
2693251,22048,15122,47,-25,49,
2693256,22048,15122,47,-25,0,
2693261,22019,15153,47,-25,0,
2693266,22002,15184,47,-25,0,
2693271,21991,15229,47,-25,0,
2693276,21991,15287,47,-25,0,
2693281,21998,15354,47,-25,0,
2693286,22014,15427,49,-25,0,
2693291,22035,15505,49,-25,0,
2693296,22054,15585,51,-24,0,
2693301,22073,15663,51,-24,0,
2693306,22088,15742,50,-22,0,
2693311,22103,15824,52,-22,0,
2693316,22119,15912,52,-22,0,
2693321,22135,16008,54,-20,0,
2693326,22154,16112,56,-20,0,
2693331,22179,16225,56,-20,0,
2693336,22206,16344,57,-20,0,
2693341,22240,16477,59,-20,0,
2693346,22279,16624,58,-21,0,
2693351,22322,16786,60,-21,0,
2693356,22370,16966,61,-22,0,
2693361,22424,17168,60,-23,0,
2693366,22481,17392,62,-23,0,
2693371,22546,17629,62,-23,0,
2693376,22621,17869,62,-23,0,
2693381,22708,18102,62,-23,0,
2693386,22812,18334,60,-25,0,
2693391,22932,18571,60,-28,0,
2693396,23068,18829,59,-30,0,
2693401,23068,18829,59,-30,0,
