3013410,14700,14423,50,0,0,
3013415,14690,14366,49,-2,0,
3013420,14690,14313,49,-3,0,
3013425,14690,14264,49,-4,0,
3013430,14690,14210,49,-4,0,
3013435,14690,14155,49,-3,0,
3013440,14703,14104,49,0,0,
3013445,14710,14055,50,0,0,
3013450,14710,14013,48,0,0,
3013455,14725,13977,48,2,0,
3013460,14743,13939,47,3,0,
3013465,14766,13906,46,5,0,
3013470,14795,13877,46,7,0,
3013475,14829,13850,44,8,0,
3013480,14860,13827,46,9,0,
3013485,14894,13799,45,11,0,
3013490,14934,13766,46,12,0,
3013495,14975,13728,49,14,0,
3013500,15021,13685,53,15,0,
3013505,15065,13645,57,15,0,
3013510,15107,13606,60,17,0,
3013515,15152,13573,64,16,0,
3013520,15192,13543,67,16,0,
3013525,15231,13517,70,17,0,
3013530,15265,13494,72,18,0,
3013535,15293,13476,75,18,0,
3013540,15319,13461,79,18,0,
3013545,15344,13448,82,17,0,
3013550,15365,13438,82,17,0,
3013555,15384,13430,82,17,0,
3013560,15399,13430,82,19,0,
3013565,15406,13430,82,19,0,
3013570,15406,13430,82,19,0,
3013575,15416,13443,82,20,0,
3013580,15416,13450,82,20,0,
3013585,15416,13457,82,20,0,
3013590,15423,13466,82,20,0,
3013595,15423,13480,82,20,0,
3013600,15423,13501,82,19,0,
3013605,15413,13523,82,19,0,
3013610,15413,13547,82,19,0,
3013615,15413,13572,81,18,0,
3013620,15405,13594,81,17,0,
3013625,15405,13621,79,18,0,
3013630,15396,13646,80,17,0,
3013635,15396,13670,78,16,0,
3013640,15396,13692,79,15,0,
3013645,15396,13711,77,16,0,
3013650,15396,13730,76,14,0,
3013655,15396,13748,76,13,0,
3013660,15396,13767,76,13,0,
3013665,15410,13781,75,13,0,
3013670,15421,13795,75,11,0,
3013675,15437,13811,74,11,0,
3013680,15453,13825,74,11,0,
3013685,15471,13842,74,10,0,
3013690,15493,13860,74,10,0,
3013695,15517,13877,72,10,0,
3013700,15542,13895,72,10,0,
3013705,15565,13913,71,8,0,
3013710,15587,13933,71,8,0,
3013715,15606,13956,71,7,0,
3013720,15625,13981,70,7,0,
3013725,15643,14011,70,7,0,
3013730,15661,14041,69,7,0,
3013735,15679,14076,69,6,0,
3013740,15692,14113,67,5,0,
3013745,15703,14148,67,4,0,
3013750,15711,14184,66,5,0,
3013755,15711,14218,66,4,0,
3013760,15723,14248,65,4,0,
3013765,15723,14282,65,3,0,
3013770,15730,14316,63,3,0,
3013775,15730,14351,63,2,0,
3013780,15737,14392,63,2,0,
3013785,15737,14434,63,1,0,
3013790,15757,14476,63,1,0,
3013795,15772,14523,63,0,0,
3013800,15786,14570,63,0,0,
3013805,15802,14616,63,0,0,
3013810,15813,14662,63,0,0,
3013815,15825,14702,63,0,0,
3013820,15832,14733,62,-1,0,
3013825,15832,14755,62,-1,0,
3013830,15832,14770,61,-2,0,
3013835,15832,14778,61,-2,0,
3013840,15824,14778,61,-2,0,
3013845,15816,14778,61,-3,0,
3013850,15805,14778,61,-3,0,
3013855,15788,14778,61,-3,0,
3013860,15765,14769,61,-3,0,
3013865,15734,14769,60,-4,0,
3013870,15703,14761,59,-4,0,
3013875,15670,14754,59,-4,0,
3013880,15636,14754,58,-4,0,
3013885,15606,14747,58,-4,0,
3013890,15573,14747,59,-4,0,
3013895,15544,14747,59,-3,0,
3013900,15518,14747,61,-3,0,
3013905,15495,14747,61,-3,0,
3013910,15475,14763,61,-3,0,
3013915,15455,14775,61,-3,0,
3013920,15436,14790,61,-3,0,
3013925,15417,14808,61,-3,0,
3013930,15401,14825,61,-3,0,
3013935,15385,14844,61,-3,0,
3013940,15372,14864,61,-3,0,
3013945,15360,14885,61,-3,0,
3013950,15347,14907,62,-3,0,
3013955,15337,14932,62,-3,0,
3013960,15337,14957,63,-3,0,
3013965,15328,14981,63,-3,0,
3013970,15328,15005,63,-3,0,
3013975,15328,15028,63,-3,0,
3013980,15328,15051,63,-3,0,
3013985,15321,15074,63,-4,0,
3013990,15321,15098,63,-4,0,
3013995,15321,15120,63,-4,0,
3014000,15321,15142,63,-4,0,
3014005,15311,15165,63,-4,0,
3014011,15311,15187,63,-5,0,
3014016,15296,15208,63,-5,0,
3014021,15289,15226,63,-5,0,
3014026,15281,15245,62,-5,0,
3014031,15272,15266,62,-6,0,
3014036,15262,15285,60,-6,0,
3014041,15251,15308,60,-5,0,
3014046,15239,15331,60,-5,0,
3014051,15228,15352,60,-5,0,
3014056,15218,15378,60,-4,0,
3014061,15207,15399,60,-4,0,
3014066,15198,15420,61,-3,0,
3014071,15190,15442,61,-3,0,
3014076,15183,15460,61,-2,0,
3014081,15183,15479,61,-2,0,
3014086,15174,15495,59,-2,0,
3014091,15174,15509,59,-1,0,
3014096,15165,15522,58,-1,0,
3014101,15158,15534,58,0,0,
3014106,15149,15547,58,0,0,
3014111,15140,15559,58,0,0,
3014116,15133,15570,58,0,0,
3014121,15125,15580,58,0,0,
3014126,15125,15587,56,0,0,
3014140,15125,15587,56,0,7,
3014145,15117,15595,55,0,28,
3014150,15109,15605,55,0,45,
3014155,15109,15605,55,0,57,
3014160,15109,15612,55,-1,72,
3014165,15101,15612,55,-1,91,
3014170,15101,15612,55,-1,111,
3014175,15101,15619,55,-1,129,
3014180,15101,15619,55,-1,148,
3014185,15101,15619,55,-3,165,
3014190,15101,15612,55,-3,183,
3014195,15101,15612,55,-3,207,
3014200,15101,15600,55,-3,230,
3014205,15101,15588,55,-3,247,
3014210,15101,15574,55,-3,263,
3014215,15101,15555,55,-3,279,
3014220,15109,15531,55,-3,294,
3014225,15109,15502,55,-3,317,
3014230,15109,15463,55,-3,343,
3014235,15117,15417,55,-3,393,
3014240,15124,15366,54,-3,398,
3014245,15131,15313,54,-3,414,
3014250,15138,15260,52,-3,419,
3014255,15148,15201,52,-3,454,
3014260,15162,15132,52,-3,500,
3014265,15175,15050,52,-3,510,
3014270,15190,14955,52,-3,521,
3014275,15206,14851,52,-3,550,
3014280,15220,14742,52,-2,558,
3014285,15236,14630,52,-2,587,
3014290,15253,14512,52,-2,593,
3014295,15270,14389,52,0,607,
3014300,15289,14258,52,0,623,
3014305,15308,14114,52,0,624,
3014310,15323,13961,52,0,630,
3014315,15338,13801,52,0,650,
3014320,15350,13635,52,0,670,
3014325,15361,13468,52,0,662,
3014330,15373,13302,52,0,647,
3014335,15385,13135,51,0,664,
3014340,15393,12968,51,0,682,
3014345,15401,12806,49,2,685,
3014350,15408,12641,49,3,698,
3014355,15408,12481,49,3,693,
3014360,15418,12324,49,4,700,
3014365,15418,12168,49,6,707,
3014370,15418,12022,49,6,728,
3014375,15418,11890,49,8,721,
3014380,15418,11778,49,8,743,
3014385,15418,11677,50,9,741,
3014390,15425,11582,50,10,755,
3014395,15425,11489,50,10,763,
3014400,15436,11392,49,12,758,
3014405,15436,11298,49,13,757,
3014410,15446,11206,49,13,761,
3014415,15446,11120,49,14,755,
3014420,15456,11037,49,14,757,
3014425,15463,10958,49,14,752,
3014430,15474,10880,48,15,755,
3014435,15489,10800,47,15,755,
3014440,15503,10726,47,15,754,
3014445,15518,10658,45,15,752,
3014450,15533,10592,46,17,744,
3014455,15547,10528,46,17,750,
3014460,15558,10464,46,17,752,
3014465,15571,10397,46,17,747,
3014470,15581,10333,46,18,747,
3014475,15595,10272,46,18,750,
3014480,15608,10212,46,18,753,
3014485,15620,10157,46,18,757,
3014490,15631,10106,46,18,752,
3014495,15631,10064,46,19,760,
3014500,15639,10035,46,19,760,
3014505,15639,10004,46,19,758,
3014510,15639,9973,46,19,758,
3014515,15639,9939,46,19,760,
3014520,15639,9900,46,20,760,
3014525,15639,9864,46,20,757,
3014530,15639,9828,46,20,758,
3014535,15639,9786,45,21,760,
3014540,15639,9741,45,21,765,
3014545,15647,9698,43,21,760,
3014550,15647,9662,43,22,760,
3014555,15647,9636,43,22,763,
3014560,15647,9617,43,22,763,
3014565,15647,9600,43,22,760,
3014570,15647,9581,43,22,754,
3014575,15647,9560,43,22,758,
3014580,15647,9538,43,22,758,
3014585,15647,9521,43,22,757,
3014590,15647,9510,43,22,758,
3014595,15647,9510,43,22,757,
3014600,15647,9500,43,22,758,
3014605,15647,9500,43,22,759,
3014610,15647,9492,43,24,760,
3014615,15647,9492,43,24,763,
3014620,15640,9492,43,24,767,
3014625,15640,9492,43,24,771,
3014630,15640,9492,43,24,772,
3014635,15640,9492,43,24,775,
3014640,15640,9492,43,24,778,
3014645,15640,9492,43,24,780,
3014650,15640,9492,43,24,783,
3014655,15633,9492,43,24,785,
3014660,15633,9492,43,24,787,
3014665,15633,9500,43,24,792,
3014670,15619,9500,43,24,798,
3014675,15610,9500,43,24,803,
3014680,15598,9507,43,24,804,
3014685,15583,9507,43,24,801,
3014690,15566,9515,43,24,801,
3014695,15543,9523,43,22,803,
3014700,15515,9532,44,22,806,
3014705,15485,9546,44,22,803,
3014710,15454,9561,46,22,806,
3014715,15431,9574,46,20,813,
3014720,15413,9584,46,20,817,
3014725,15404,9584,46,20,819,
3014730,15404,9584,46,19,818,
3014735,15397,9584,46,19,817,
3014740,15397,9584,46,19,815,
3014745,15397,9584,46,18,813,
3014750,15397,9584,46,18,809,
3014755,15397,9584,46,18,805,
3014760,15404,9584,46,17,802,
3014765,15404,9584,46,17,798,
3014770,15404,9584,45,15,796,
3014775,15404,9584,45,15,795,
3014780,15404,9584,45,15,794,
3014785,15404,9584,46,14,794,
3014790,15404,9584,46,14,794,
3014795,15404,9584,46,14,795,
3014800,15404,9584,46,14,795,
3014805,15412,9584,46,14,794,
3014810,15412,9584,46,14,793,
3014815,15412,9584,46,14,791,
3014820,15412,9584,46,14,789,
3014825,15412,9584,46,13,785,
3014830,15412,9584,46,13,780,
3014835,15419,9584,48,13,770,
3014840,15419,9584,48,13,762,
3014845,15419,9584,49,13,757,
3014850,15419,9584,49,13,752,
3014855,15426,9584,49,13,747,
3014860,15426,9584,49,13,744,
3014865,15438,9584,49,13,739,
3014870,15445,9584,49,13,734,
3014875,15452,9584,49,13,730,
3014880,15452,9584,49,13,726,
3014885,15465,9584,49,13,722,
3014890,15473,9584,49,13,717,
3014895,15483,9584,49,13,714,
3014900,15494,9584,49,13,711,
3014905,15506,9592,49,12,712,
3014910,15521,9592,49,12,712,
3014915,15541,9602,49,12,712,
3014920,15574,9610,49,12,720,
3014925,15619,9610,49,12,755,
3014930,15672,9624,49,12,750,
3014935,15728,9632,49,12,749,
3014940,15782,9639,49,12,750,
3014945,15829,9639,49,12,747,
3014950,15873,9639,48,12,748,
3014955,15922,9639,48,12,753,
3014960,15971,9639,46,12,755,
3014965,16021,9639,47,10,750,
3014970,16075,9639,47,10,756,
3014975,16130,9646,47,10,761,
3014980,16187,9646,47,10,761,
3014985,16248,9646,46,12,762,
3014990,16306,9638,46,12,769,
3014995,16357,9638,46,12,769,
3015000,16409,9638,46,12,770,
3015005,16459,9645,46,12,783,
3015010,16509,9645,45,12,781,
3015015,16566,9654,45,12,784,
3015020,16625,9654,44,12,790,
3015025,16683,9654,44,12,791,
3015030,16748,9644,44,12,802,
3015035,16815,9633,42,12,804,
3015040,16881,9626,42,12,813,
3015045,16947,9626,41,12,809,
3015050,17008,9626,41,12,813,
3015055,17067,9634,41,12,821,
3015060,17121,9634,41,12,820,
3015065,17178,9634,41,12,822,
3015070,17230,9634,41,12,827,
3015075,17276,9634,41,12,827,
3015080,17318,9642,41,12,824,
3015085,17355,9642,41,12,827,
3015090,17392,9642,41,12,831,
3015095,17436,9642,41,12,839,
3015100,17491,9642,41,12,843,
3015105,17547,9626,41,12,845,
3015110,17605,9617,41,12,850,
3015115,17657,9609,41,12,851,
3015120,17703,9600,41,12,851,
3015125,17745,9600,42,12,848,
3015130,17786,9588,42,12,850,
3015135,17830,9579,44,12,859,
3015140,17871,9572,44,12,853,
3015145,17916,9572,44,12,858,
3015150,17965,9564,42,12,863,
3015155,18015,9564,42,12,872,
3015160,18070,9564,41,12,870,
3015165,18127,9552,41,12,871,
3015170,18180,9552,41,12,873,
3015175,18229,9542,41,12,873,
3015180,18283,9542,40,14,875,
3015185,18333,9542,40,14,881,
3015190,18386,9542,39,13,881,
3015195,18441,9535,39,13,882,
3015200,18490,9535,39,14,882,
3015205,18539,9528,39,14,880,
3015210,18589,9528,39,14,882,
3015215,18643,9528,39,14,884,
3015220,18705,9528,39,14,894,
3015225,18772,9518,37,15,892,
3015230,18840,9518,37,15,893,
3015235,18911,9518,35,15,894,
3015240,18985,9506,35,15,902,
3015245,19059,9506,33,15,901,
3015250,19131,9506,33,15,897,
3015255,19201,9506,32,15,903,
3015260,19265,9506,32,15,898,
3015265,19328,9506,33,15,905,
3015270,19397,9506,33,15,902,
3015275,19469,9496,35,15,905,
3015280,19545,9489,35,15,902,
3015285,19622,9489,35,15,905,
3015290,19696,9478,35,16,901,
3015295,19769,9478,35,16,903,
3015300,19845,9478,35,16,904,
3015305,19921,9466,35,16,905,
3015310,19998,9466,35,16,905,
3015315,20074,9452,35,16,902,
3015320,20142,9439,35,16,904,
3015325,20205,9432,35,16,902,
3015330,20268,9423,35,16,908,
3015335,20328,9423,35,16,905,
3015340,20390,9423,35,16,899,
3015345,20451,9412,35,16,902,
3015350,20504,9405,35,16,901,
3015355,20557,9405,35,16,905,
3015360,20611,9396,33,16,907,
3015365,20666,9396,33,16,904,
3015370,20727,9396,33,17,906,
3015375,20787,9389,33,17,910,
3015380,20847,9389,33,17,907,
3015385,20908,9389,33,17,912,
3015390,20966,9389,33,17,909,
3015395,21016,9389,31,17,906,
3015400,21067,9389,31,17,902,
3015405,21112,9389,30,17,905,
3015410,21157,9389,30,16,909,
3015415,21212,9389,30,16,910,
3015420,21270,9379,30,16,911,
3015425,21327,9372,30,16,908,
3015430,21379,9372,30,16,905,
3015435,21425,9362,30,16,907,
3015440,21467,9362,30,17,906,
3015445,21510,9362,30,17,904,
3015450,21560,9362,30,17,906,
3015455,21609,9362,31,17,907,
3015460,21657,9362,31,17,905,
3015465,21701,9362,33,17,907,
3015470,21743,9351,33,17,907,
3015475,21780,9343,33,17,905,
3015480,21818,9343,33,17,905,
3015485,21855,9328,33,16,904,
3015490,21887,9328,33,16,907,
3015495,21925,9328,35,18,911,
3015500,21964,9318,35,18,908,
3015505,22006,9318,35,18,911,
3015510,22050,9306,35,18,909,
3015515,22086,9306,35,18,906,
3015520,22117,9295,35,18,907,
3015525,22143,9285,35,18,908,
3015530,22164,9278,34,18,905,
3015535,22185,9270,34,18,897,
3015540,22206,9270,32,19,896,
3015545,22223,9263,32,19,897,
3015550,22240,9263,32,19,895,
3015555,22255,9263,32,19,892,
3015560,22269,9263,32,19,890,
3015565,22282,9263,32,19,888,
3015570,22295,9256,32,19,887,
3015575,22306,9256,32,19,885,
3015580,22317,9256,32,19,883,
3015585,22324,9249,32,19,882,
3015590,22333,9249,32,21,884,
3015595,22344,9249,32,21,885,
3015600,22355,9249,32,21,885,
3015605,22368,9249,32,21,884,
3015610,22378,9242,32,21,884,
3015615,22378,9242,32,21,884,
3015620,22385,9242,31,20,884,
3015625,22385,9242,31,20,884,
3015630,22385,9242,29,20,881,
3015635,22385,9242,29,20,879,
3015640,22385,9242,29,20,879,
3015645,22385,9242,29,22,880,
3015650,22385,9249,29,22,881,
3015655,22385,9249,29,22,882,
3015660,22385,9249,29,22,883,
3015665,22385,9249,29,22,883,
3015670,22385,9249,29,22,882,
3015675,22385,9249,29,23,879,
3015680,22375,9249,29,23,878,
3015685,22375,9257,29,23,876,
3015690,22375,9257,29,23,873,
3015695,22375,9257,29,23,867,
3015700,22375,9257,29,23,862,
3015705,22375,9257,29,24,856,
3015710,22367,9257,29,24,851,
3015715,22367,9265,29,24,844,
3015720,22367,9265,29,24,838,
3015725,22367,9265,29,24,832,
3015730,22367,9265,29,24,827,
3015735,22367,9265,29,24,822,
3015740,22367,9265,29,26,814,
3015745,22367,9265,28,26,805,
3015750,22367,9265,28,26,798,
3015755,22367,9265,26,26,789,
3015760,22367,9265,26,26,779,
3015765,22367,9265,26,26,772,
3015770,22367,9265,26,26,764,
3015775,22367,9265,26,26,757,
3015780,22367,9265,26,26,752,
3015785,22367,9265,26,26,746,
3015790,22374,9272,26,26,741,
3015795,22374,9272,26,26,738,
3015800,22374,9272,26,28,734,
3015805,22374,9284,26,28,734,
3015810,22374,9284,26,28,734,
3015815,22374,9298,26,28,736,
3015820,22383,9311,27,27,737,
3015825,22383,9329,27,27,737,
3015830,22392,9350,28,27,734,
3015835,22392,9370,28,27,726,
3015840,22403,9388,28,27,720,
3015845,22403,9400,28,27,712,
3015850,22412,9412,28,27,706,
3015855,22412,9430,28,27,708,
3015860,22421,9456,28,27,703,
3015865,22421,9486,28,27,693,
3015870,22430,9517,28,27,685,
3015875,22430,9544,29,29,682,
3015880,22441,9568,29,29,685,
3015885,22441,9598,29,29,686,
3015890,22450,9631,29,29,685,
3015895,22450,9667,29,29,683,
3015900,22461,9699,29,29,680,
3015905,22461,9728,29,29,681,
3015910,22468,9753,29,29,681,
3015915,22468,9775,29,29,680,
3015920,22468,9797,29,29,681,
3015925,22468,9814,29,29,679,
3015930,22468,9827,29,29,677,
3015935,22468,9837,29,29,678,
3015940,22468,9846,29,29,679,
3015945,22468,9861,29,29,682,
3015950,22460,9882,29,29,679,
3015955,22460,9909,29,29,680,
3015960,22460,9937,29,29,680,
3015965,22453,9967,29,29,681,
3015970,22453,9997,28,27,679,
3015975,22453,10027,28,27,679,
3015980,22453,10065,28,27,678,
3015985,22453,10103,28,27,676,
3015990,22453,10146,28,27,673,
3015995,22453,10195,28,27,672,
3016000,22462,10245,28,27,672,
3016005,22469,10293,28,27,666,
3016010,22469,10338,28,27,664,
3016015,22469,10381,28,27,667,
3016020,22476,10421,28,27,665,
3016025,22476,10463,28,27,664,
3016030,22476,10511,29,26,672,
3016035,22476,10561,29,26,673,
3016040,22476,10615,29,26,670,
3016045,22476,10668,29,26,669,
3016050,22476,10717,29,26,672,
3016055,22465,10762,31,25,676,
3016060,22457,10806,31,25,678,
3016065,22448,10849,31,24,676,
3016070,22441,10889,31,24,678,
3016075,22434,10928,32,23,682,
3016080,22427,10966,32,23,687,
3016085,22420,11007,32,23,687,
3016090,22406,11055,32,23,688,
3016095,22393,11108,32,23,687,
3016100,22377,11159,32,23,687,
3016105,22364,11206,32,23,686,
3016110,22355,11253,32,23,688,
3016115,22344,11299,32,23,685,
3016120,22335,11347,32,23,680,
3016125,22324,11404,31,24,679,
3016130,22313,11461,31,24,677,
3016135,22304,11521,31,24,676,
3016140,22296,11580,31,24,676,
3016145,22285,11634,31,24,669,
3016150,22275,11687,32,26,662,
3016155,22265,11737,32,26,668,
3016160,22258,11790,32,26,668,
3016165,22258,11845,32,26,670,
3016170,22258,11902,32,26,667,
3016175,22258,11961,32,26,668,
3016180,22265,12023,32,26,670,
3016185,22265,12085,32,26,670,
3016190,22265,12145,31,24,675,
3016195,22265,12199,31,24,682,
3016200,22265,12244,31,24,680,
3016205,22273,12285,31,24,683,
3016210,22273,12324,32,23,690,
3016215,22263,12360,32,23,688,
3016220,22255,12397,32,23,694,
3016225,22245,12436,32,23,697,
3016230,22236,12472,32,23,699,
3016235,22225,12508,32,23,698,
3016240,22216,12540,32,23,706,
3016245,22208,12572,32,21,716,
3016250,22199,12606,32,21,714,
3016255,22199,12643,32,21,712,
3016260,22188,12686,32,21,711,
3016265,22188,12733,32,21,714,
3016270,22180,12784,32,21,711,
3016275,22180,12842,32,21,710,
3016280,22173,12905,32,21,710,
3016285,22173,12968,32,19,707,
3016290,22173,13032,32,19,708,
3016295,22173,13096,32,19,709,
3016300,22164,13160,32,18,711,
3016305,22164,13227,32,18,708,
3016310,22164,13295,32,18,705,
3016315,22157,13364,32,19,707,
3016320,22157,13431,32,19,706,
3016325,22157,13496,32,19,708,
3016330,22157,13566,32,19,707,
3016335,22164,13634,32,19,708,
3016340,22164,13705,32,19,709,
3016345,22164,13780,32,19,709,
3016350,22164,13849,33,19,710,
3016355,22164,13920,33,19,709,
3016360,22164,13990,35,19,711,
3016365,22164,14058,35,19,709,
3016370,22157,14125,35,19,711,
3016375,22157,14192,35,19,709,
3016380,22157,14260,35,19,712,
3016385,22145,14328,35,19,709,
3016390,22145,14400,35,19,709,
3016395,22134,14472,35,19,709,
3016400,22134,14542,35,18,712,
3016405,22126,14609,35,18,710,
3016410,22126,14673,35,18,709,
3016415,22116,14740,35,16,711,
3016420,22108,14812,35,16,709,
3016425,22101,14884,35,16,706,
3016430,22101,14956,35,16,707,
3016435,22101,15025,35,15,711,
3016440,22094,15092,35,15,709,
3016445,22094,15165,35,15,709,
3016450,22084,15236,36,14,712,
3016455,22084,15307,36,14,703,
3016460,22074,15374,36,14,703,
3016465,22074,15439,35,15,706,
3016470,22067,15508,35,15,701,
3016475,22067,15573,35,15,702,
3016480,22067,15638,35,15,700,
3016485,22067,15704,35,15,701,
3016490,22057,15768,35,15,700,
3016495,22057,15836,35,15,700,
3016500,22047,15903,35,15,700,
3016505,22047,15971,35,15,697,
3016510,22038,16042,35,15,699,
3016515,22038,16111,35,15,697,
3016520,22029,16180,35,15,696,
3016525,22029,16243,35,15,697,
3016530,22020,16299,35,15,697,
3016535,22013,16351,35,15,699,
3016540,22004,16402,36,14,698,
3016545,22004,16448,36,14,698,
3016551,21995,16487,36,14,700,
3016556,21995,16518,36,14,703,
3016561,21995,16542,36,14,704,
3016566,21985,16562,36,14,705,
3016571,21985,16578,36,14,708,
3016576,21977,16590,35,12,713,
3016581,21977,16598,35,12,717,
3016586,21977,16598,35,12,718,
3016591,21970,16609,35,12,720,
3016596,21970,16609,35,12,720,
3016601,21970,16609,35,12,720,
3016606,21970,16609,35,12,720,
3016611,21970,16609,35,12,720,
3016616,21970,16609,35,12,720,
3016621,21970,16609,35,12,720,
3016626,21970,16609,35,12,720,
3016631,21970,16609,35,12,720,
3016636,21970,16618,35,12,721,
3016641,21970,16618,35,12,722,
3016646,21970,16618,35,12,723,
3016651,21970,16618,35,12,725,
3016656,21970,16618,35,11,728,
3016661,21970,16618,37,11,732,
3016666,21970,16618,37,11,737,
3016671,21962,16618,38,11,743,
3016676,21962,16618,38,11,748,
3016681,21962,16618,38,11,752,
3016686,21962,16618,37,11,755,
3016691,21962,16618,37,11,758,
3016696,21962,16618,35,11,763,
3016701,21962,16618,35,12,767,
3016706,21962,16618,35,12,772,
3016711,21955,16610,35,12,779,
3016716,21955,16610,35,12,780,
3016721,21955,16610,35,12,784,
3016726,21955,16610,35,12,786,
3016731,21955,16610,35,12,788,
3016736,21955,16601,35,12,791,
3016741,21955,16601,35,12,794,
3016746,21955,16601,35,12,798,
3016751,21947,16601,35,12,802,
3016756,21947,16601,35,12,806,
3016761,21947,16601,35,12,810,
3016766,21947,16601,35,12,815,
3016771,21947,16601,35,12,819,
3016776,21939,16601,35,12,824,
3016781,21932,16601,35,12,826,
3016786,21921,16601,35,12,824,
3016791,21906,16591,35,12,818,
3016796,21885,16584,35,12,816,
3016801,21860,16577,35,12,824,
3016806,21834,16577,35,12,827,
3016811,21813,16577,35,12,831,
3016816,21797,16577,35,12,829,
3016821,21784,16577,35,12,828,
3016826,21769,16567,35,12,829,
3016831,21751,16567,35,12,833,
3016836,21730,16558,36,12,832,
3016841,21707,16551,36,12,829,
3016846,21683,16542,38,12,826,
3016851,21657,16534,38,12,836,
3016856,21628,16534,38,12,835,
3016861,21600,16524,39,14,832,
3016866,21572,16524,39,14,833,
3016871,21547,16524,39,14,836,
3016876,21527,16516,39,14,835,
3016881,21506,16516,39,14,837,
3016886,21479,16505,39,14,829,
3016891,21446,16505,39,14,828,
3016896,21409,16498,39,14,832,
3016901,21373,16498,39,14,853,
3016906,21343,16498,39,14,850,
3016911,21312,16498,39,14,835,
3016916,21278,16486,38,15,835,
3016921,21242,16486,38,15,847,
3016926,21198,16486,38,15,846,
3016931,21156,16486,38,15,842,
3016936,21113,16478,38,15,843,
3016941,21069,16478,37,15,846,
3016946,21029,16470,37,15,855,
3016951,20989,16470,35,15,853,
3016956,20945,16470,35,15,842,
3016961,20899,16461,35,15,845,
3016966,20850,16461,33,15,848,
3016971,20800,16447,33,15,843,
3016976,20748,16439,33,17,848,
3016981,20697,16439,33,17,848,
3016986,20645,16439,33,17,847,
3016991,20597,16439,33,17,845,
3016996,20550,16429,31,17,844,
3017001,20507,16422,31,17,850,
3017006,20465,16414,31,17,861,
3017011,20422,16414,31,17,855,
3017016,20378,16406,33,17,841,
3017021,20334,16406,33,17,850,
3017026,20290,16394,33,17,850,
3017031,20250,16387,33,17,866,
3017036,20213,16387,33,17,865,
3017041,20171,16379,33,16,861,
3017046,20129,16379,33,16,853,
3017051,20083,16379,35,16,851,
3017056,20034,16372,35,16,855,
3017061,19986,16364,35,16,855,
3017066,19938,16356,35,16,854,
3017071,19891,16349,35,16,858,
3017076,19847,16349,35,16,859,
3017081,19806,16339,35,16,862,
3017086,19767,16339,35,16,858,
3017091,19725,16326,35,16,854,
3017096,19680,16319,35,16,857,
3017101,19630,16309,35,16,858,
3017106,19580,16299,35,16,856,
3017111,19533,16287,36,16,853,
3017116,19486,16271,37,18,854,
3017121,19435,16256,37,17,851,
3017126,19384,16241,37,17,855,
3017131,19335,16228,37,17,856,
3017136,19281,16217,37,17,853,
3017141,19233,16204,37,17,849,
3017146,19184,16187,37,17,851,
3017151,19130,16170,37,17,850,
3017156,19077,16153,37,17,849,
3017161,19021,16141,37,17,851,
3017166,18963,16131,37,17,841,
3017171,18906,16120,37,17,841,
3017176,18851,16106,37,17,841,
3017181,18798,16092,37,17,842,
3017186,18743,16079,37,17,843,
3017191,18688,16079,37,18,837,
3017196,18634,16072,37,18,840,
3017201,18579,16072,35,18,824,
3017206,18527,16072,35,18,830,
3017211,18472,16062,35,18,827,
3017216,18416,16062,35,18,825,
3017221,18360,16051,35,18,834,
3017226,18304,16051,35,18,831,
3017231,18252,16051,35,18,828,
3017236,18203,16051,35,18,824,
3017241,18150,16051,35,18,823,
3017246,18097,16051,35,18,825,
3017251,18043,16051,35,18,824,
3017256,17988,16051,35,18,810,
3017261,17937,16044,35,18,816,
3017266,17886,16044,37,18,817,
3017271,17833,16037,37,18,816,
3017276,17780,16037,37,17,812,
3017281,17730,16027,37,17,813,
3017286,17683,16019,37,17,815,
3017291,17638,16007,37,17,813,
3017296,17592,15994,37,17,798,
3017301,17543,15980,37,17,800,
3017306,17492,15967,37,17,806,
3017311,17442,15955,38,19,811,
3017316,17395,15945,38,19,803,
3017321,17353,15935,39,19,805,
3017326,17307,15924,39,19,799,
3017331,17259,15910,40,18,784,
3017336,17208,15894,40,18,787,
3017341,17150,15874,40,18,785,
3017346,17096,15854,40,18,787,
3017351,17042,15838,40,18,787,
3017356,16992,15824,40,18,787,
3017361,16942,15816,40,18,786,
3017366,16888,15816,40,18,777,
3017371,16836,15816,40,18,775,
3017376,16784,15805,39,19,777,
3017381,16730,15805,39,19,766,
3017386,16681,15785,38,19,766,
3017391,16631,15769,38,19,766,
3017396,16578,15755,38,19,769,
3017401,16523,15742,38,19,756,
3017406,16466,15732,38,19,756,
3017411,16410,15724,38,19,760,
3017416,16356,15716,36,19,753,
3017421,16302,15716,36,19,747,
3017426,16247,15705,35,19,740,
3017431,16189,15705,35,19,736,
3017436,16134,15692,35,19,740,
3017441,16082,15684,36,19,744,
3017446,16029,15673,36,19,741,
3017451,15979,15664,38,19,741,
3017456,15929,15664,38,19,747,
3017461,15882,15649,38,19,745,
3017466,15840,15641,38,19,750,
3017471,15796,15633,38,19,748,
3017476,15752,15623,38,19,753,
3017481,15705,15615,39,19,752,
3017486,15651,15615,39,19,743,
3017491,15595,15605,40,18,738,
3017496,15538,15605,40,18,743,
3017501,15480,15597,40,18,744,
3017506,15419,15597,40,18,741,
3017511,15358,15590,40,18,738,
3017516,15296,15590,40,18,739,
3017521,15237,15590,40,18,749,
3017526,15181,15590,40,17,749,
3017531,15124,15583,42,17,736,
3017536,15068,15575,42,17,758,
3017541,15014,15566,43,17,769,
3017546,14964,15556,43,17,766,
3017551,14920,15544,43,17,776,
3017556,14884,15534,43,17,787,
3017561,14852,15526,42,17,789,
3017566,14822,15518,42,17,781,
3017571,14792,15518,40,17,768,
3017576,14763,15506,40,17,771,
3017581,14736,15499,40,17,772,
3017586,14712,15491,40,17,772,
3017591,14698,15480,39,17,771,
3017596,14685,15480,39,17,769,
3017601,14674,15471,37,17,765,
3017606,14674,15471,37,17,757,
3017611,14666,15471,37,17,748,
3017616,14666,15471,37,18,734,
3017621,14666,15471,37,18,714,
3017626,14673,15471,35,18,691,
3017631,14673,15471,35,18,660,
3017636,14673,15471,35,18,620,
3017641,14673,15471,35,19,570,
3017646,14681,15471,36,19,508,
3017651,14681,15471,36,19,428,
3017656,14691,15471,38,19,319,
3017661,14691,15471,38,19,196,
3017666,14709,15458,38,19,65,
3017671,14709,15458,38,19,0,
3017676,14750,15415,38,19,0,
3017681,14769,15374,38,19,0,
3017686,14780,15325,38,19,0,
3017691,14780,15277,38,20,0,
3017696,14770,15232,38,20,0,
3017701,14770,15194,38,22,0,
3017706,14770,15160,38,22,0,
3017711,14777,15133,38,22,0,
3017716,14802,15123,36,20,0,
3017721,14847,15123,36,19,0,
3017726,14913,15146,36,19,0,
3017731,15011,15188,39,19,0,
3017736,15136,15248,44,20,0,
3017741,15286,15327,47,22,0,
3017746,15458,15426,52,24,0,
3017751,15635,15544,56,27,0,
3017756,15820,15670,58,29,0,
3017761,16018,15807,60,30,0,
3017766,16231,15941,62,33,0,
3017771,16473,16057,61,34,0,
3017776,16737,16168,63,33,0,
3017781,17005,16281,66,34,0,
3017786,17268,16383,72,32,0,
3017791,17523,16487,75,32,0,
3017796,17769,16587,80,30,0,
3017801,18019,16668,80,30,0,
3017806,18281,16754,80,30,0,
3017811,18560,16827,80,30,0,
3017816,18856,16891,80,27,0,
3017821,19149,16947,81,24,0,
3017826,19432,16987,80,21,0,
3017831,19688,17022,82,17,0,
3017836,19922,17048,82,14,0,
3017841,20149,17064,82,11,0,
3017846,20387,17079,82,8,0,
3017851,20645,17087,81,7,0,
3017856,20920,17087,81,5,0,
3017861,21188,17087,80,4,0,
3017866,21439,17087,79,2,0,
3017871,21664,17087,77,1,0,
3017876,21867,17078,76,0,0,
3017881,22061,17078,75,0,0,
3017886,22251,17069,75,0,0,
3017891,22438,17062,75,0,0,
3017896,22618,17052,73,0,0,
3017901,22793,17035,70,0,0,
3017906,22956,17019,66,0,0,
3017911,23102,16998,63,0,0,
3017916,23232,16975,62,0,0,
3017921,23336,16949,62,0,0,
3017926,23420,16924,63,0,0,
3017931,23484,16899,65,0,0,
3017936,23533,16879,66,0,0,
3017941,23575,16861,66,1,0,
3017946,23604,16846,66,1,0,
3017951,23628,16837,66,2,0,
3017956,23640,16837,66,2,0,
3017961,23640,16837,66,2,0,
3017966,23640,16837,66,3,0,
3017971,23640,16844,67,3,0,
3017976,23620,16844,69,3,0,
3017981,23596,16853,70,2,0,
3017986,23565,16853,72,2,0,
3017991,23525,16845,73,2,0,
3017996,23481,16832,73,2,0,
3018001,23425,16811,73,2,0,
3018006,23354,16785,72,2,0,
3018011,23271,16753,69,3,0,
3018016,23176,16717,67,3,0,
3018021,23075,16684,65,3,0,
3018026,22975,16651,62,3,0,
3018031,22880,16622,59,3,0,
3018036,22791,16601,58,3,0,
3018041,22711,16589,55,3,0,
3018046,22638,16589,54,3,0,
3018051,22573,16597,51,3,0,
3018056,22513,16612,49,3,0,
3018061,22457,16630,48,3,0,
3018066,22406,16649,47,3,0,
3018071,22357,16669,45,3,0,
3018076,22310,16692,44,3,0,
3018081,22267,16715,42,3,0,
3018086,22231,16738,42,3,0,
3018091,22201,16759,41,3,0,
3018096,22178,16777,41,2,0,
3018101,22156,16792,41,2,0,
3018106,22133,16803,41,2,0,
3018111,22108,16803,41,2,0,
3018116,22080,16803,42,2,0,
3018121,22054,16803,43,1,0,
3018126,22031,16793,44,1,0,
3018131,22011,16784,44,1,0,
3018136,21995,16775,44,1,0,
3018141,21985,16767,44,1,0,
3018146,21985,16767,44,1,0,
3018151,21978,16757,44,0,0,
3018156,21978,16757,44,0,0,
3018161,21978,16750,44,0,0,
3018166,21978,16750,44,0,0,
3018171,21978,16750,44,0,0,
3018176,21978,16743,44,0,0,
3018181,21986,16743,44,0,0,
3018186,21986,16736,44,0,0,
3018191,21993,16736,44,0,0,
3018196,21993,16726,44,0,0,
3018201,21993,16719,44,0,0,
3018206,21993,16719,44,0,0,
3018211,21993,16705,44,0,0,
3018216,21993,16705,44,0,0,
3018221,21993,16695,44,0,0,
3018226,21993,16695,44,0,0,
3018231,21986,16688,44,0,0,
3018236,21986,16688,44,0,0,
3018231,21986,16688,44,0,4,
3018236,21976,16679,44,0,6,
3018241,21961,16679,44,0,7,
3018246,21950,16679,44,0,15,
3018251,21939,16679,44,0,24,
3018256,21931,16672,44,0,24,
3018261,21931,16672,44,0,20,
3018266,21919,16672,44,0,9,
3018271,21912,16665,44,0,1,
3018276,21912,16665,44,0,0,
3018281,21902,16657,45,0,0,
3018286,21902,16657,45,0,0,
3018291,21902,16647,47,0,0,
3018296,21902,16647,47,0,0,
3018301,21902,16647,47,0,0,
3018306,21912,16647,47,0,0,
3018311,21912,16647,47,0,0,
3018316,21924,16647,47,0,0,
3018321,21924,16647,47,0,0,
3018325,21986,16688,47,0,7,
3018330,21936,16631,47,0,21,
3018335,21936,16631,47,0,38,
3018340,21936,16621,47,0,50,
3018345,21944,16621,47,0,59,
3018350,21944,16613,47,0,69,
3018355,21944,16613,47,0,79,
3018360,21944,16613,47,0,86,
3018365,21944,16613,47,0,92,
3018370,21944,16603,47,0,94,
3018375,21944,16603,47,0,93,
3018380,21944,16588,47,0,91,
3018385,21944,16574,47,0,73,
3018390,21944,16561,47,0,66,
3018395,21944,16549,47,0,34,
3018400,21944,16539,47,0,1,
3018405,21944,16539,47,0,0,
3018410,21952,16532,47,0,0,
3018415,21952,16519,47,0,0,
3018420,21952,16508,47,0,0,
3018425,21952,16492,47,0,0,
3018430,21962,16476,47,0,0,
3018435,21962,16464,47,0,0,
3018440,21962,16457,47,0,0,
3018445,21971,16457,47,0,0,
3018450,21971,16457,47,0,0,
3018455,21971,16457,47,0,0,
3018460,21971,16466,47,0,0,
3018465,21978,16466,47,0,0,
3018470,21978,16473,47,0,0,
3018475,21978,16473,47,0,0,
3018480,21978,16473,47,0,0,
3018485,21978,16473,47,0,0,
3018490,21978,16473,47,0,0,
3018495,21978,16464,47,0,0,
3018500,21978,16456,47,0,0,
3018505,21978,16449,47,0,0,
3018510,21967,16449,47,0,0,
3018515,21957,16449,47,0,0,
3018520,21950,16449,47,0,0,
3018522,21950,16449,47,0,18,
3018527,21942,16449,47,0,50,
3018532,21942,16449,47,0,79,
3018537,21942,16449,47,0,110,
3018542,21935,16457,47,0,139,
3018547,21935,16457,47,0,166,
3018552,21935,16457,47,0,195,
3018557,21935,16466,47,0,223,
3018562,21942,16466,47,0,249,
3018567,21942,16466,47,0,278,
3018572,21949,16475,47,0,310,
3018577,21957,16475,47,0,339,
3018582,21965,16482,47,0,364,
3018587,21974,16489,47,0,389,
3018592,21985,16499,47,0,425,
3018597,21996,16517,47,0,442,
3018602,22007,16534,47,0,441,
3018607,22017,16548,47,0,447,
3018612,22024,16558,47,0,465,
3018617,22033,16558,47,0,493,
3018622,22043,16566,47,0,504,
3018627,22058,16566,45,1,504,
3018632,22076,16577,45,1,514,
3018637,22098,16577,44,1,542,
3018642,22126,16577,44,1,552,
3018647,22155,16577,44,1,563,
3018652,22187,16584,44,1,573,
3018657,22223,16584,44,1,578,
3018662,22258,16592,44,1,587,
3018667,22294,16592,44,2,587,
3018672,22332,16592,44,2,601,
3018677,22368,16592,44,2,613,
3018682,22409,16592,44,2,622,
3018687,22454,16592,44,2,624,
3018692,22499,16592,44,1,627,
3018697,22549,16599,44,1,633,
3018702,22597,16607,43,1,638,
3018707,22644,16607,43,1,639,
3018712,22694,16607,41,1,643,
3018717,22744,16607,41,2,651,
3018722,22798,16599,41,2,665,
3018727,22853,16589,41,2,670,
3018732,22906,16589,41,2,668,
3018737,22956,16580,41,2,675,
3018742,23006,16580,40,2,684,
3018747,23057,16580,40,2,695,
3018752,23111,16569,38,2,703,
3018757,23163,16569,38,2,702,
3018762,23218,16560,37,2,710,
3018767,23271,16560,37,3,729,
3018772,23323,16560,37,3,732,
3018777,23375,16560,37,3,732,
3018782,23424,16560,38,4,741,
3018787,23474,16560,38,4,748,
3018792,23522,16553,38,4,752,
3018797,23573,16553,38,4,762,
3018802,23622,16544,38,4,766,
3018807,23669,16544,38,4,765,
3018812,23715,16533,38,4,778,
3018817,23758,16533,38,4,790,
3018822,23805,16521,39,4,796,
3018827,23853,16521,39,4,795,
3018832,23899,16521,41,5,799,
3018837,23948,16521,41,5,803,
3018842,23998,16521,41,5,819,
3018847,24051,16521,41,5,828,
3018852,24106,16511,41,5,833,
3018857,24154,16511,41,5,829,
3018862,24201,16499,41,5,836,
3018867,24249,16491,39,4,845,
3018872,24299,16480,39,4,851,
3018877,24358,16467,38,4,856,
3018882,24416,16455,38,4,860,
3018887,24474,16455,38,4,862,
3018892,24532,16443,38,4,864,
3018897,24586,16443,38,4,865,
3018902,24646,16427,37,5,873,
3018907,24703,16414,37,5,874,
3018912,24760,16407,35,5,868,
3018917,24820,16400,35,5,877,
3018922,24878,16391,35,5,888,
3018927,24940,16381,35,5,886,
3018932,25009,16370,34,5,885,
3018937,25072,16362,34,5,887,
3018942,25138,16362,32,6,888,
3018947,25203,16362,32,6,888,
3018952,25266,16362,32,6,891,
3018957,25328,16362,31,6,885,
3018962,25388,16353,31,6,889,
3018967,25446,16345,31,6,891,
3018972,25498,16332,31,6,892,
3018977,25549,16325,31,6,891,
3018982,25596,16315,32,6,888,
3018987,25641,16315,32,6,888,
3018992,25685,16306,32,6,891,
3018997,25731,16306,32,6,889,
3019002,25774,16298,35,8,888,
3019007,25817,16298,35,8,888,
3019012,25857,16298,36,7,889,
3019017,25893,16290,36,7,885,
3019022,25927,16290,36,7,884,
3019027,25959,16290,36,7,888,
3019032,25991,16290,36,7,889,
3019037,26023,16290,36,7,887,
3019042,26058,16281,38,7,885,
3019047,26094,16281,38,7,888,
3019052,26128,16270,39,9,887,
3019057,26166,16270,39,9,888,
3019062,26202,16270,39,9,888,
3019067,26236,16270,39,9,882,
3019072,26277,16270,37,9,877,
3019077,26315,16277,37,9,880,
3019082,26350,16277,36,9,876,
3019087,26384,16266,36,9,872,
3019092,26415,16266,36,9,874,
3019097,26446,16257,36,9,875,
3019102,26482,16257,36,9,873,
3019107,26518,16257,36,9,871,
3019112,26550,16257,36,9,868,
3019117,26574,16250,36,9,865,
3019122,26594,16250,36,9,866,
3019127,26613,16250,36,9,868,
3019132,26632,16250,36,9,868,
3019137,26657,16243,36,9,872,
3019142,26684,16243,36,9,871,
3019147,26710,16232,36,9,873,
3019152,26736,16232,36,9,873,
3019157,26763,16232,36,9,874,
3019162,26790,16221,34,9,873,
3019167,26820,16221,34,9,873,
3019172,26856,16208,33,8,877,
3019177,26887,16208,33,8,873,
3019182,26918,16199,33,8,870,
3019187,26945,16199,33,8,871,
3019192,26967,16199,33,8,872,
3019197,26988,16187,33,8,871,
3019202,27007,16187,33,8,871,
3019207,27023,16177,33,8,872,
3019212,27036,16177,33,8,871,
3019217,27047,16177,33,8,870,
3019222,27058,16177,33,8,870,
3019227,27069,16177,33,8,872,
3019233,27069,16177,33,10,874,
3019238,27077,16184,33,10,878,
3019243,27077,16184,33,10,882,
3019248,27077,16191,33,10,889,
3019253,27077,16191,33,10,896,
3019258,27077,16191,33,10,902,
3019263,27070,16191,32,11,909,
3019268,27070,16191,32,11,914,
3019273,27070,16191,32,11,917,
3019278,27070,16191,32,11,919,
3019283,27070,16191,32,11,922,
3019288,27070,16184,32,11,925,
3019293,27070,16184,32,11,928,
3019298,27070,16184,32,11,931,
3019303,27070,16177,32,11,930,
3019308,27070,16177,32,11,929,
3019313,27070,16177,32,11,928,
3019318,27070,16168,32,11,928,
3019323,27070,16168,33,10,927,
3019328,27070,16168,33,10,926,
3019333,27070,16168,33,10,925,
3019338,27070,16168,33,10,925,
3019343,27077,16168,33,8,923,
3019348,27077,16160,33,8,922,
3019353,27077,16160,33,8,920,
3019358,27077,16160,33,7,919,
3019363,27077,16160,33,7,918,
3019368,27077,16160,35,8,917,
3019373,27077,16160,35,8,915,
3019378,27085,16153,35,6,914,
3019383,27085,16153,35,6,914,
3019388,27085,16153,35,6,914,
3019393,27085,16153,35,5,913,
3019398,27085,16153,35,5,913,
3019403,27085,16153,35,5,913,
3019408,27085,16153,35,5,914,
3019413,27085,16153,35,3,914,
3019418,27085,16153,35,3,914,
3019423,27085,16153,35,3,915,
3019428,27085,16153,35,3,914,
3019433,27085,16153,35,3,915,
3019438,27085,16153,36,2,915,
3019443,27085,16153,36,2,915,
3019448,27085,16153,36,2,916,
3019453,27085,16153,36,2,916,
3019458,27085,16153,36,2,916,
3019463,27085,16153,36,2,916,
3019468,27085,16153,36,2,917,
3019473,27085,16153,36,2,917,
3019478,27085,16153,36,2,917,
3019483,27085,16153,36,2,917,
3019488,27085,16153,36,2,915,
3019493,27085,16153,36,1,912,
3019498,27085,16153,36,1,908,
3019503,27085,16153,36,1,905,
3019508,27085,16153,36,1,900,
3019513,27085,16153,36,1,896,
3019518,27085,16153,36,1,890,
3019523,27085,16153,36,1,882,
3019528,27085,16153,37,1,875,
3019533,27085,16153,37,1,867,
3019538,27085,16153,38,1,856,
3019543,27085,16153,38,1,845,
3019548,27085,16153,38,1,835,
3019553,27085,16144,38,1,825,
3019558,27085,16144,38,1,815,
3019563,27085,16144,38,1,806,
3019568,27077,16132,38,1,799,
3019573,27077,16121,38,1,793,
3019578,27077,16103,38,1,789,
3019583,27066,16071,38,0,773,
3019588,27058,16018,38,0,758,
3019593,27044,15949,38,0,768,
3019598,27027,15870,38,0,781,
3019603,27015,15793,38,0,780,
3019608,27004,15730,38,0,770,
3019613,27004,15678,38,0,771,
3019618,26994,15629,38,1,766,
3019623,26994,15579,38,1,770,
3019628,26985,15534,38,1,780,
3019633,26985,15493,38,1,781,
3019638,26985,15457,38,1,780,
3019643,26985,15434,38,1,780,
3019648,26985,15418,38,2,780,
3019653,26985,15408,38,2,779,
3019658,26985,15401,38,2,781,
3019663,26985,15388,38,2,784,
3019668,26985,15366,38,4,789,
3019673,26994,15335,38,4,797,
3019678,26994,15301,38,4,807,
3019683,27005,15261,38,4,815,
3019688,27005,15223,38,4,822,
3019693,27015,15190,38,4,822,
3019698,27015,15161,38,4,824,
3019703,27015,15135,38,4,823,
3019708,27015,15106,38,2,825,
3019713,27015,15076,38,2,828,
3019718,27015,15041,38,2,828,
3019723,27025,15000,38,2,830,
3019728,27032,14961,38,2,830,
3019733,27032,14922,38,2,830,
3019738,27040,14883,38,2,831,
3019743,27040,14844,38,2,829,
3019748,27040,14794,38,2,830,
3019753,27050,14739,38,1,833,
3019758,27050,14679,38,1,833,
3019763,27050,14613,38,1,834,
3019768,27050,14548,38,1,833,
3019773,27039,14473,38,1,832,
3019778,27030,14387,38,2,845,
3019783,27023,14300,38,2,849,
3019788,27023,14217,38,2,847,
3019793,27014,14138,38,4,851,
3019798,27005,14061,38,4,842,
3019803,26997,13988,38,4,850,
3019808,26988,13912,38,4,850,
3019813,26979,13836,38,4,848,
3019818,26979,13767,38,6,851,
3019823,26967,13700,38,6,853,
3019828,26967,13640,38,6,853,
3019833,26955,13585,38,7,850,
3019838,26955,13524,38,7,851,
3019843,26955,13457,39,9,854,
3019848,26946,13382,39,9,857,
3019853,26946,13307,38,10,863,
3019858,26946,13236,38,10,860,
3019863,26938,13168,38,10,860,
3019868,26938,13105,38,11,853,
3019873,26938,13034,38,11,856,
3019878,26938,12960,38,11,856,
3019883,26938,12885,38,11,847,
3019888,26938,12803,38,11,840,
3019893,26945,12715,38,11,844,
3019898,26945,12635,38,12,848,
3019903,26958,12556,38,12,836,
3019908,26958,12477,38,12,833,
3019913,26967,12408,38,12,837,
3019918,26967,12337,38,12,831,
3019923,26967,12261,37,14,836,
3019928,26967,12188,37,14,836,
3019933,26967,12111,36,14,839,
3019938,26967,12036,36,14,839,
3019943,26967,11971,36,14,847,
3019948,26967,11914,35,15,842,
3019953,26967,11860,35,15,843,
3019958,26967,11807,35,16,846,
3019963,26967,11754,35,16,848,
3019968,26967,11705,36,16,847,
3019973,26967,11663,37,18,848,
3019978,26967,11621,37,17,836,
3019983,26967,11578,37,17,842,
3019988,26967,11531,38,19,842,
3019993,26974,11483,38,19,844,
3019998,26974,11438,38,19,834,
3020003,26974,11390,38,20,837,
3020008,26974,11340,38,20,830,
3020013,26984,11281,38,20,834,
3020018,26984,11219,36,20,834,
3020023,26995,11162,36,22,838,
3020028,26995,11115,35,22,831,
3020033,26995,11071,35,22,822,
3020038,26995,11026,34,23,822,
3020043,26995,10976,34,23,817,
3020048,27004,10928,35,22,815,
3020053,27011,10885,35,22,811,
3020058,27011,10850,35,22,807,
3020063,27018,10822,35,22,808,
3020068,27018,10786,35,22,805,
3020073,27025,10738,35,22,784,
3020078,27025,10683,35,22,778,
3020083,27039,10627,35,22,786,
3020088,27039,10576,35,22,792,
3020093,27047,10540,35,22,790,
3020098,27047,10510,36,20,784,
3020103,27047,10468,36,20,764,
3020108,27047,10424,36,20,776,
3020113,27047,10378,36,20,770,
3020118,27047,10328,36,20,772,
3020123,27047,10289,36,20,776,
3020128,27047,10249,35,22,777,
3020133,27047,10209,35,22,777,
3020138,27047,10175,35,22,775,
3020143,27037,10144,34,23,772,
3020148,27030,10115,34,23,769,
3020153,27030,10086,34,23,769,
3020158,27013,10054,34,23,766,
3020163,27013,10017,35,24,766,
3020168,27003,9982,35,24,770,
3020173,27003,9953,35,24,768,
3020178,26994,9926,35,24,764,
3020183,26994,9898,35,24,758,
3020188,26987,9862,35,24,755,
3020193,26987,9820,34,25,755,
3020198,26987,9780,34,25,754,
3020203,26987,9748,34,25,750,
3020208,26995,9723,34,25,746,
3020213,26995,9695,34,25,743,
3020218,26995,9665,34,25,740,
3020223,27003,9633,34,25,732,
3020228,27003,9603,34,25,731,
3020233,27003,9579,34,25,731,
3020238,27010,9558,34,25,730,
3020243,27010,9537,34,25,728,
3020248,27019,9513,34,25,715,
3020253,27026,9488,35,27,711,
3020258,27033,9464,35,27,711,
3020263,27033,9441,35,27,708,
3020268,27045,9414,35,27,705,
3020273,27045,9380,35,27,693,
3020278,27062,9337,35,27,687,
3020283,27078,9281,35,27,682,
3020288,27092,9223,35,27,673,
3020293,27105,9165,35,27,670,
3020298,27119,9109,35,27,666,
3020303,27130,9060,34,28,668,
3020308,27143,9015,34,28,668,
3020313,27156,8974,34,28,673,
3020318,27165,8943,34,28,672,
3020323,27165,8919,34,28,669,
3020328,27172,8900,35,27,672,
3020333,27172,8885,35,27,673,
3020338,27172,8871,35,27,673,
3020343,27172,8861,35,27,673,
3020348,27172,8854,35,27,673,
3020353,27172,8844,34,25,673,
3020358,27172,8836,34,25,676,
3020363,27172,8824,34,25,678,
3020368,27172,8813,35,24,679,
3020373,27172,8813,35,24,679,
3020378,27172,8795,35,24,677,
3020383,27172,8783,34,23,678,
3020388,27162,8766,34,23,678,
3020393,27162,8741,34,23,674,
3020398,27162,8715,34,23,676,
3020403,27162,8693,34,23,682,
3020408,27162,8675,35,24,683,
3020413,27153,8675,35,24,684,
3020418,27153,8668,35,24,685,
3020423,27153,8668,35,24,685,
3020428,27153,8668,35,24,685,
3020433,27153,8661,35,24,685,
3020438,27153,8661,35,24,683,
3020443,27153,8661,35,24,682,
3020448,27153,8661,35,24,681,
3020453,27153,8661,35,24,679,
3020458,27153,8661,35,24,679,
3020463,27153,8661,34,25,677,
3020468,27153,8661,34,25,677,
3020473,27153,8661,34,25,677,
3020478,27153,8661,34,25,676,
3020483,27153,8661,34,25,677,
3020488,27153,8661,34,25,677,
3020493,27153,8661,34,25,678,
3020498,27153,8661,34,25,679,
3020503,27153,8661,34,25,680,
3020508,27153,8661,34,25,682,
3020513,27153,8661,34,25,684,
3020518,27153,8661,34,25,690,
3020523,27153,8661,34,25,697,
3020528,27153,8661,34,25,703,
3020533,27153,8661,34,25,709,
3020538,27153,8661,34,25,713,
3020543,27153,8661,35,24,720,
3020548,27153,8661,35,24,723,
3020553,27153,8661,35,24,722,
3020558,27153,8670,35,24,721,
3020563,27153,8670,35,24,721,
3020568,27153,8670,35,24,720,
3020573,27153,8670,35,24,717,
3020578,27153,8677,35,24,717,
3020583,27144,8677,35,24,716,
3020588,27144,8677,35,24,716,
3020593,27136,8685,35,24,717,
3020598,27136,8685,35,24,717,
3020603,27136,8685,35,24,718,
3020608,27136,8685,35,24,720,
3020613,27136,8685,35,24,720,
3020618,27136,8685,35,24,720,
3020623,27128,8685,35,24,720,
3020628,27128,8693,35,24,720,
3020633,27117,8693,35,24,720,
3020638,27102,8704,35,24,716,
3020643,27083,8711,35,24,716,
3020648,27057,8720,35,24,715,
3020653,27026,8729,35,24,696,
3020658,26994,8736,35,24,695,
3020663,26960,8736,35,24,703,
3020668,26928,8750,35,24,705,
3020673,26901,8750,35,24,712,
3020678,26878,8762,35,24,714,
3020683,26858,8769,35,24,714,
3020688,26840,8769,35,24,717,
3020693,26822,8776,35,24,721,
3020698,26801,8776,35,24,723,
3020703,26778,8784,34,23,723,
3020708,26752,8784,34,23,723,
3020713,26731,8784,34,23,727,
3020718,26714,8784,34,23,737,
3020723,26701,8784,34,23,740,
3020728,26689,8784,36,23,740,
3020733,26674,8784,36,23,740,
3020738,26658,8784,38,22,743,
3020743,26642,8784,38,22,745,
3020748,26627,8777,38,22,744,
3020753,26605,8777,38,22,739,
3020758,26577,8777,38,22,739,
3020763,26543,8777,38,22,741,
3020768,26510,8788,38,22,744,
3020773,26481,8795,38,22,743,
3020778,26451,8795,38,22,739,
3020783,26420,8802,38,22,740,
3020788,26383,8802,38,22,742,
3020793,26344,8802,38,22,743,
3020798,26307,8809,38,22,746,
3020803,26269,8809,38,22,743,
3020808,26231,8809,38,22,743,
3020813,26188,8817,38,22,741,
3020818,26139,8817,38,20,743,
3020823,26091,8827,38,20,747,
3020828,26046,8827,38,20,749,
3020833,25998,8827,38,20,747,
3020838,25950,8827,38,20,747,
3020843,25898,8827,38,19,748,
3020848,25841,8827,38,19,749,
3020853,25784,8827,38,19,752,
3020858,25728,8827,38,19,752,
3020863,25676,8827,39,19,759,
3020868,25628,8814,39,19,766,
3020873,25581,8803,40,18,756,
3020878,25533,8796,40,18,757,
3020883,25481,8796,40,18,761,
3020888,25428,8788,40,18,754,
3020893,25373,8788,40,18,749,
3020898,25319,8788,40,18,749,
3020903,25267,8796,40,18,751,
3020908,25215,8796,40,17,749,
3020913,25168,8808,40,17,757,
3020918,25120,8808,40,17,754,
3020923,25072,8808,39,17,750,
3020928,25024,8819,39,17,748,
3020933,24974,8819,37,17,753,
3020938,24919,8831,37,17,751,
3020943,24866,8840,37,17,746,
3020948,24809,8840,38,16,750,
3020953,24751,8852,38,16,754,
3020958,24697,8852,36,16,760,
3020963,24637,8852,36,16,750,
3020968,24578,8852,35,16,768,
3020973,24511,8852,35,16,759,
3020978,24441,8852,35,15,740,
3020983,24377,8852,37,15,784,
3020988,24310,8843,37,15,787,
3020993,24240,8836,38,15,734,
3020998,24172,8829,38,15,795,
3021003,24098,8829,38,15,789,
3021008,24027,8836,38,15,784,
3021013,23959,8845,38,15,775,
3021018,23892,8857,38,15,772,
3021023,23829,8857,38,15,794,
3021028,23765,8865,38,15,757,
3021033,23708,8865,39,14,788,
3021038,23654,8875,39,13,792,
3021043,23597,8885,39,13,775,
3021048,23544,8896,40,14,761,
3021053,23489,8904,40,14,772,
3021058,23432,8913,40,14,776,
3021063,23377,8923,40,14,775,
3021068,23322,8933,40,14,765,
3021073,23266,8948,40,14,777,
3021078,23216,8963,40,14,790,
3021083,23165,8976,40,14,774,
3021088,23117,8994,40,14,771,
3021093,23067,9013,40,14,774,
3021098,23013,9029,39,13,770,
3021103,22965,9046,40,15,768,
3021108,22920,9056,38,15,774,
3021113,22874,9056,38,16,774,
3021118,22829,9072,38,16,747,
3021123,22784,9080,38,16,757,
3021128,22739,9087,37,17,759,
3021133,22698,9087,37,17,749,
3021138,22662,9087,37,17,758,
3021143,22629,9087,36,19,758,
3021148,22600,9087,36,19,759,
3021153,22575,9087,35,19,758,
3021158,22553,9087,36,20,759,
3021163,22535,9087,36,20,758,
3021168,22516,9079,36,20,758,
3021173,22501,9079,36,22,758,
3021178,22488,9079,38,22,758,
3021183,22476,9079,38,22,757,
3021188,22476,9079,38,22,758,
3021193,22463,9079,38,22,758,
3021198,22463,9079,38,22,757,
3021203,22452,9079,38,22,758,
3021208,22452,9079,38,22,757,
3021213,22444,9079,38,22,758,
3021218,22444,9079,38,22,757,
3021223,22444,9079,38,22,758,
3021228,22444,9079,38,22,758,
3021233,22436,9079,38,22,758,
3021238,22436,9079,38,21,758,
3021243,22429,9079,38,21,757,
3021248,22429,9079,40,21,757,
3021253,22429,9079,40,21,756,
3021258,22429,9079,40,21,755,
3021263,22429,9079,38,21,755,
3021268,22421,9079,38,21,754,
3021273,22421,9079,38,22,752,
3021278,22421,9079,38,22,749,
3021283,22412,9079,38,22,743,
3021288,22412,9079,38,22,736,
3021293,22397,9079,38,22,728,
3021298,22386,9079,39,22,720,
3021303,22375,9089,39,22,712,
3021308,22365,9089,41,22,708,
3021313,22357,9089,41,22,704,
3021318,22348,9089,41,22,699,
3021323,22340,9096,41,22,688,
3021328,22331,9096,41,22,678,
3021333,22323,9103,41,22,668,
3021338,22323,9103,41,22,656,
3021343,22311,9103,41,22,633,
3021348,22302,9103,41,22,597,
3021353,22293,9103,41,22,532,
3021358,22281,9103,41,22,419,
3021363,22268,9091,41,22,310,
3021368,22257,9078,41,22,183,
3021373,22257,9078,41,22,0,
3021378,22232,9033,41,22,0,
3021383,22217,8997,41,22,0,
3021388,22191,8967,41,22,0,
3021393,22154,8947,41,22,0,
3021398,22100,8947,41,22,0,
3021403,22028,8973,41,22,0,
3021408,21946,9032,43,24,0,
3021413,21852,9120,45,26,0,
3021418,21755,9237,48,27,0,
3021423,21667,9378,51,30,0,
3021428,21582,9531,54,32,0,
3021433,21494,9696,60,33,0,
3021438,21417,9864,66,35,0,
3021443,21417,9864,66,35,0,
3021975,13047,20165,83,1,0,
3021980,13047,20121,83,1,0,
3021985,13054,20032,83,1,0,
3021990,13054,19890,83,1,0,
3021995,13074,19705,83,1,0,
3022000,13087,19510,83,2,0,
3022005,13105,19311,83,2,0,
3022010,13134,19110,83,1,0,
3022015,13168,18903,83,1,0,
3022020,13211,18699,83,1,0,
3022025,13262,18490,83,0,0,
3022030,13314,18288,83,1,0,
3022035,13370,18100,83,1,0,
3022040,13433,17935,83,1,0,
3022045,13496,17802,83,2,0,
3022050,13562,17685,83,4,0,
3022055,13624,17579,83,5,0,
3022060,13687,17472,83,7,0,
3022065,13753,17361,82,8,0,
3022070,13822,17262,82,8,0,
3022075,13896,17164,83,7,0,
3022080,13974,17080,83,7,0,
3022085,14052,17003,83,5,0,
3022090,14131,16926,80,7,0,
3022095,14218,16854,77,8,0,
3022100,14305,16788,72,10,0,
3022105,14390,16729,68,9,0,
3022110,14467,16674,64,10,0,
3022115,14527,16626,60,10,0,
3022120,14574,16574,58,11,0,
3022125,14610,16524,54,10,0,
3022130,14635,16475,50,9,0,
3022135,14655,16431,47,8,0,
3022140,14670,16396,45,7,0,
3022145,14683,16363,43,7,0,
3022150,14697,16333,42,7,0,
3022155,14709,16302,42,8,0,
3022160,14721,16270,40,10,0,
3022165,14732,16238,38,11,0,
3022170,14732,16208,36,12,0,
3022175,14743,16179,36,14,0,
3022180,14743,16148,33,15,0,
3022185,14743,16120,33,16,0,
3022190,14743,16091,32,18,0,
3022195,14743,16061,32,19,0,
3022200,14743,16032,32,19,0,
3022205,14734,16001,32,21,0,
3022210,14734,15971,32,21,0,
3022215,14734,15941,32,21,0,
3022220,14734,15911,32,21,0,
3022225,14734,15881,32,21,0,
3022230,14734,15848,32,21,0,
3022235,14745,15816,32,21,0,
3022240,14755,15786,32,23,0,
3022245,14763,15759,32,23,0,
3022250,14775,15734,32,23,0,
3022255,14785,15715,31,24,0,
3022260,14796,15695,31,24,0,
3022265,14806,15674,31,24,0,
3022270,14806,15655,31,24,0,
3022275,14806,15629,32,26,0,
3022280,14806,15597,32,26,0,
3022285,14789,15562,32,26,0,
3022290,14773,15522,32,26,0,
3022295,14754,15483,32,26,0,
3022300,14737,15449,32,26,0,
3022305,14723,15420,32,26,0,
3022310,14712,15397,31,27,0,
3022315,14705,15377,31,27,0,
3022320,14705,15364,31,27,0,
3022325,14705,15357,31,27,0,
3022330,14719,15357,31,28,0,
3022335,14737,15357,31,28,0,
3022340,14757,15357,31,28,0,
3022345,14781,15366,31,28,0,
3022350,14801,15366,31,28,0,
3022355,14820,15377,31,30,0,
3022360,14837,15377,31,30,0,
3022365,14848,15377,31,30,0,
3022370,14858,15377,31,30,0,
3022375,14858,15367,31,30,0,
3022380,14867,15360,31,30,0,
3022385,14867,15347,31,30,0,
3022390,14867,15335,31,30,0,
3022395,14867,15327,31,30,0,
3022400,14867,15317,30,30,0,
3022405,14867,15317,30,30,0,
3022410,14867,15308,28,29,0,
3022415,14867,15308,28,29,0,
3022420,14875,15308,28,29,0,
3022425,14886,15308,28,29,0,
3022430,14899,15324,29,29,0,
3022435,14915,15333,29,29,0,
3022440,14927,15347,29,29,0,
3022445,14941,15361,29,29,0,
3022450,14953,15374,29,29,0,
3022456,14962,15388,28,27,0,
3022461,14969,15396,28,27,0,
3022466,14969,15404,28,27,0,
3022471,14969,15404,29,26,0,
3022476,14962,15414,29,26,0,
3022474,14962,15414,29,26,27,
3022479,14952,15438,29,26,39,
3022484,14952,15456,29,24,58,
3022489,14937,15477,29,24,66,
3022494,14929,15500,29,24,85,
3022499,14919,15525,29,23,95,
3022504,14907,15553,29,23,135,
3022509,14907,15579,29,23,154,
3022514,14895,15604,29,23,173,
3022519,14895,15628,29,23,211,
3022524,14895,15656,29,23,241,
3022529,14885,15688,29,23,264,
3022534,14885,15726,29,23,289,
3022539,14877,15764,31,22,326,
3022544,14877,15802,31,22,362,
3022549,14877,15841,32,21,402,
3022554,14877,15878,32,21,437,
3022559,14877,15917,32,21,468,
3022564,14877,15955,32,21,499,
3022569,14877,15988,32,21,536,
3022574,14877,16022,32,21,564,
3022579,14877,16054,32,21,587,
3022584,14877,16092,32,21,593,
3022589,14868,16139,32,21,607,
3022594,14861,16187,32,21,617,
3022599,14861,16238,32,21,624,
3022604,14854,16287,32,21,629,
3022609,14854,16334,32,21,634,
3022614,14847,16381,32,21,642,
3022619,14840,16429,32,21,645,
3022624,14840,16477,32,21,653,
3022629,14833,16529,32,21,653,
3022634,14825,16582,32,21,650,
3022639,14825,16632,32,21,653,
3022644,14813,16689,32,21,664,
3022649,14806,16744,32,21,667,
3022654,14799,16806,32,21,670,
3022659,14799,16875,32,21,673,
3022664,14785,16944,32,19,676,
3022669,14778,17016,32,19,679,
3022674,14778,17084,32,19,677,
3022679,14769,17155,32,19,685,
3022684,14769,17226,32,19,690,
3022689,14769,17302,32,19,698,
3022694,14759,17383,32,19,701,
3022699,14752,17463,32,19,702,
3022704,14742,17549,32,19,704,
3022709,14731,17636,32,19,704,
3022714,14731,17723,32,19,717,
3022719,14717,17810,32,19,720,
3022724,14709,17897,32,19,721,
3022729,14699,17982,32,19,722,
3022734,14688,18070,32,19,727,
3022739,14673,18165,32,19,730,
3022744,14661,18258,32,19,740,
3022749,14648,18354,32,19,740,
3022754,14634,18451,32,19,747,
3022759,14621,18547,32,19,756,
3022764,14610,18646,32,21,760,
3022769,14602,18745,32,21,761,
3022774,14595,18846,32,21,760,
3022779,14588,18955,32,19,761,
3022784,14578,19072,32,19,764,
3022789,14567,19194,32,19,765,
3022794,14557,19321,32,18,766,
3022799,14548,19445,32,18,765,
3022804,14540,19561,32,18,766,
3022809,14529,19676,32,19,771,
3022814,14515,19784,32,19,781,
3022819,14499,19887,33,19,781,
3022824,14481,19989,33,19,781,
3022829,14462,20085,35,19,790,
3022834,14444,20177,35,19,788,
3022839,14425,20265,35,19,784,
3022844,14405,20350,35,19,787,
3022849,14384,20436,35,19,790,
3022854,14362,20527,36,20,791,
3022859,14341,20619,36,20,796,
3022864,14319,20713,36,20,798,
3022869,14295,20805,36,20,796,
3022874,14270,20895,36,20,798,
3022879,14245,20984,36,20,796,
3022884,14221,21075,36,20,795,
3022889,14199,21165,36,20,797,
3022894,14180,21260,35,19,798,
3022899,14162,21358,35,19,798,
3022904,14144,21460,35,19,796,
3022909,14129,21562,35,19,796,
3022914,14116,21663,35,19,794,
3022919,14104,21764,35,19,796,
3022924,14096,21862,35,19,796,
3022929,14086,21962,35,19,796,
3022934,14074,22061,35,19,796,
3022939,14065,22160,35,18,793,
3022944,14057,22257,35,18,796,
3022949,14050,22352,35,18,793,
3022955,14050,22441,37,18,795,
3022960,14038,22523,37,18,797,
3022965,14038,22601,37,17,797,
3022970,14027,22672,37,17,797,
3022975,14027,22739,38,19,794,
3022980,14015,22799,38,19,793,
3022985,14008,22847,38,19,796,
3022990,14008,22885,38,19,798,
3022995,13999,22917,38,19,799,
3023000,13999,22944,38,19,798,
3023005,13999,22966,38,19,799,
3023010,13991,22983,38,19,801,
3023015,13991,22994,38,19,802,
3023020,13991,22994,38,19,802,
3023025,13991,22994,38,19,801,
3023030,13991,22994,38,19,801,
3023035,13991,22994,38,19,800,
3023040,13991,22994,38,19,799,
3023045,13991,22994,38,19,798,
3023050,13991,22994,38,19,797,
3023055,13991,22987,38,19,795,
3023060,13991,22987,38,19,793,
3023065,13999,22987,37,17,791,
3023070,13999,22987,37,17,790,
3023075,13999,22987,37,17,789,
3023080,13999,22987,37,17,787,
3023085,14006,22980,37,17,787,
3023090,14006,22980,37,17,785,
3023095,14006,22980,37,17,784,
3023100,14006,22980,37,17,783,
3023105,14006,22980,37,17,780,
3023110,14006,22973,37,17,780,
3023115,14006,22973,37,17,779,
3023120,14006,22973,37,17,778,
3023125,14013,22973,37,17,776,
3023130,14013,22973,37,17,773,
3023135,14013,22973,37,17,772,
3023140,14013,22973,37,17,769,
3023145,14013,22973,37,17,765,
3023150,14013,22973,38,16,760,
3023155,14024,22973,38,16,756,
3023160,14024,22973,38,16,752,
3023165,14033,22973,38,16,750,
3023170,14033,22973,38,16,748,
3023175,14042,22973,38,16,744,
3023180,14053,22973,38,16,742,
3023185,14067,22973,38,16,741,
3023190,14083,22973,38,16,740,
3023195,14099,22973,38,16,739,
3023200,14117,22980,38,16,735,
3023205,14139,22989,38,16,732,
3023210,14164,22989,38,16,720,
3023215,14194,22998,38,16,720,
3023220,14223,22998,38,16,712,
3023225,14249,22998,38,16,684,
3023230,14280,23009,38,16,687,
3023235,14315,23009,38,16,687,
3023240,14358,23016,38,15,690,
3023245,14409,23016,38,15,687,
3023250,14464,23016,38,15,693,
3023255,14523,23027,38,15,697,
3023260,14577,23038,37,15,687,
3023265,14632,23053,37,15,696,
3023270,14688,23067,35,15,694,
3023275,14745,23080,36,14,694,
3023280,14805,23097,36,14,693,
3023285,14865,23113,36,14,691,
3023290,14927,23133,34,14,697,
3023295,14989,23150,34,14,696,
3023300,15051,23161,34,14,700,
3023305,15112,23172,34,14,700,
3023310,15170,23172,33,12,703,
3023315,15223,23181,35,12,703,
3023320,15281,23190,35,12,709,
3023325,15339,23190,35,12,714,
3023330,15399,23203,35,12,714,
3023335,15461,23214,35,12,718,
3023340,15521,23214,35,12,716,
3023345,15580,23232,36,12,717,
3023350,15638,23243,36,12,717,
3023355,15701,23255,38,12,725,
3023360,15765,23266,38,12,730,
3023365,15833,23276,38,12,731,
3023370,15901,23286,38,12,733,
3023375,15965,23295,38,12,738,
3023380,16031,23305,38,12,738,
3023385,16100,23313,38,12,746,
3023390,16172,23313,38,12,746,
3023395,16247,23323,38,12,747,
3023400,16322,23323,38,12,752,
3023405,16398,23334,36,12,758,
3023410,16476,23341,36,12,758,
3023415,16559,23341,35,12,760,
3023420,16642,23341,35,12,759,
3023425,16726,23341,35,11,757,
3023430,16810,23348,34,11,758,
3023435,16893,23348,34,11,759,
3023440,16979,23357,32,11,762,
3023445,17063,23357,32,11,760,
3023450,17146,23370,32,11,760,
3023455,17228,23381,32,11,760,
3023460,17306,23393,32,11,761,
3023465,17389,23401,32,11,762,
3023470,17474,23401,32,11,762,
3023475,17559,23409,32,11,766,
3023480,17644,23409,32,11,766,
3023485,17727,23418,32,11,765,
3023490,17808,23426,32,11,763,
3023495,17891,23436,32,11,763,
3023500,17973,23451,32,11,761,
3023505,18058,23462,34,11,768,
3023510,18147,23470,34,11,765,
3023515,18236,23470,35,11,764,
3023520,18328,23470,35,11,766,
3023525,18420,23470,35,11,765,
3023530,18510,23470,35,11,765,
3023535,18599,23470,34,11,763,
3023540,18690,23480,34,11,764,
3023545,18781,23480,32,11,763,
3023550,18874,23480,32,11,764,
3023555,18972,23480,31,11,767,
3023560,19072,23480,31,11,763,
3023565,19170,23480,31,11,766,
3023570,19263,23469,31,11,761,
3023575,19352,23461,31,11,766,
3023580,19437,23461,32,11,763,
3023585,19526,23461,32,11,760,
3023590,19618,23453,32,11,760,
3023595,19711,23453,32,11,759,
3023600,19804,23453,32,11,757,
3023605,19894,23453,32,11,757,
3023610,19983,23453,32,11,759,
3023615,20075,23453,32,11,758,
3023620,20169,23453,32,11,753,
3023625,20262,23453,32,11,751,
3023630,20355,23453,32,11,749,
3023635,20446,23462,34,11,748,
3023640,20534,23474,34,11,743,
3023645,20628,23485,34,11,742,
3023650,20723,23494,32,11,740,
3023655,20822,23504,32,11,739,
3023660,20923,23513,31,11,739,
3023665,21018,23524,31,11,734,
3023670,21115,23539,29,11,735,
3023675,21205,23551,29,11,737,
3023680,21293,23561,29,11,736,
3023685,21377,23561,30,13,734,
3023690,21459,23572,30,13,732,
3023695,21542,23580,30,13,735,
3023700,21625,23591,29,14,734,
3023705,21713,23610,29,14,734,
3023710,21803,23622,29,14,733,
3023715,21894,23638,30,15,733,
3023720,21987,23647,30,15,734,
3023725,22079,23655,32,15,727,
3023730,22175,23664,33,17,732,
3023735,22268,23664,33,17,725,
3023740,22365,23680,33,17,726,
3023745,22462,23680,32,18,726,
3023750,22559,23695,32,18,729,
3023755,22658,23709,32,18,723,
3023760,22756,23720,32,18,720,
3023765,22859,23736,32,18,726,
3023770,22967,23750,31,18,724,
3023775,23075,23763,31,18,720,
3023780,23182,23780,29,18,717,
3023785,23289,23799,29,18,718,
3023790,23392,23816,29,18,714,
3023795,23499,23831,29,18,712,
3023800,23608,23846,30,17,706,
3023805,23719,23859,30,17,702,
3023810,23830,23874,30,17,706,
3023815,23939,23895,30,17,702,
3023820,24048,23914,30,17,701,
3023825,24157,23937,30,17,703,
3023830,24266,23955,30,17,700,
3023835,24374,23975,30,17,698,
3023840,24483,23994,30,17,695,
3023845,24593,24012,30,15,693,
3023850,24705,24031,30,15,681,
3023855,24819,24043,32,15,677,
3023860,24935,24055,32,15,673,
3023865,25046,24066,30,15,664,
3023870,25159,24077,31,14,659,
3023875,25269,24089,29,14,648,
3023880,25371,24099,29,14,649,
3023885,25472,24108,29,14,650,
3023890,25567,24115,29,14,653,
3023895,25659,24124,29,14,651,
3023900,25750,24132,29,14,649,
3023905,25838,24139,30,13,647,
3023910,25924,24139,30,13,645,
3023915,26008,24139,30,13,640,
3023920,26086,24139,30,13,636,
3023925,26161,24139,30,13,636,
3023930,26234,24139,30,13,636,
3023935,26304,24149,30,13,634,
3023940,26377,24157,31,13,630,
3023945,26449,24157,31,13,630,
3023950,26515,24172,33,13,628,
3023955,26580,24180,33,13,627,
3023960,26639,24189,33,13,619,
3023965,26700,24199,33,13,616,
3023970,26760,24209,33,13,615,
3023975,26819,24217,31,13,610,
3023980,26875,24230,31,11,607,
3023985,26927,24243,29,11,608,
3023990,26980,24260,29,11,609,
3023995,27032,24276,29,11,606,
3024000,27085,24290,29,11,598,
3024005,27137,24302,29,11,599,
3024010,27187,24313,27,12,604,
3024015,27233,24328,27,10,601,
3024020,27280,24344,27,10,601,
3024025,27327,24360,27,10,604,
3024030,27371,24375,25,10,601,
3024035,27416,24389,25,10,601,
3024040,27459,24402,24,10,603,
3024045,27502,24416,24,10,603,
3024050,27547,24431,25,10,600,
3024055,27595,24447,26,9,603,
3024060,27642,24460,27,9,604,
3024065,27689,24475,27,9,602,
3024070,27737,24491,29,9,604,
3024075,27781,24507,29,9,605,
3024080,27827,24522,30,9,600,
3024085,27871,24535,30,9,602,
3024090,27915,24535,32,9,602,
3024095,27959,24547,32,9,604,
3024100,28001,24547,33,8,606,
3024105,28042,24559,33,8,605,
3024110,28079,24569,34,9,604,
3024115,28115,24569,34,9,604,
3024120,28149,24580,36,9,604,
3024125,28183,24580,36,9,607,
3024130,28217,24580,36,9,608,
3024135,28250,24580,36,9,606,
3024140,28281,24571,36,9,607,
3024145,28310,24564,34,9,607,
3024150,28337,24564,34,9,606,
3024155,28361,24553,33,8,606,
3024160,28382,24553,33,8,607,
3024165,28401,24553,33,7,607,
3024170,28418,24544,33,7,608,
3024175,28435,24544,33,7,606,
3024180,28447,24544,33,7,604,
3024185,28455,24544,33,7,604,
3024190,28455,24544,33,7,604,
3024195,28462,24544,33,7,605,
3024200,28462,24544,33,7,606,
3024205,28462,24544,33,7,607,
3024210,28473,24544,33,7,608,
3024215,28473,24544,33,7,610,
3024220,28473,24544,33,7,614,
3024225,28473,24544,33,7,619,
3024230,28473,24544,33,7,627,
3024235,28473,24544,33,7,636,
3024240,28473,24544,32,6,641,
3024245,28473,24544,32,6,647,
3024250,28466,24544,32,6,653,
3024255,28466,24544,32,6,660,
3024260,28466,24544,32,6,666,
3024265,28466,24544,32,6,673,
3024270,28466,24544,32,6,679,
3024275,28466,24544,32,6,685,
3024280,28466,24544,32,6,692,
3024285,28466,24551,32,6,696,
3024290,28466,24551,32,6,699,
3024295,28466,24551,32,6,701,
3024300,28466,24551,34,5,703,
3024305,28466,24551,34,5,706,
3024310,28458,24551,35,5,708,
3024315,28458,24551,35,5,709,
3024320,28458,24544,35,5,711,
3024325,28458,24544,35,5,711,
3024330,28465,24535,35,5,711,
3024335,28465,24535,35,5,712,
3024340,28465,24525,35,3,710,
3024345,28465,24525,35,3,709,
3024350,28465,24514,35,3,707,
3024355,28465,24505,35,3,704,
3024360,28465,24492,36,2,703,
3024365,28465,24477,36,2,703,
3024370,28465,24460,36,2,705,
3024375,28465,24439,36,1,704,
3024380,28476,24416,36,1,704,
3024385,28476,24394,36,1,703,
3024390,28488,24372,36,0,702,
3024395,28488,24351,36,0,702,
3024400,28495,24327,36,0,702,
3024405,28495,24298,36,0,704,
3024410,28505,24267,36,0,703,
3024415,28514,24234,36,0,706,
3024420,28514,24205,36,0,709,
3024425,28522,24182,36,0,707,
3024430,28522,24162,36,0,706,
3024435,28522,24140,36,0,706,
3024440,28522,24116,36,0,705,
3024445,28522,24091,36,0,706,
3024450,28522,24066,36,0,707,
3024455,28529,24043,36,0,707,
3024460,28529,24023,36,0,706,
3024465,28529,24006,36,0,706,
3024470,28529,23989,37,0,706,
3024475,28529,23976,37,0,705,
3024480,28522,23958,38,0,706,
3024485,28522,23934,38,0,700,
3024490,28522,23902,38,0,704,
3024495,28513,23862,38,0,705,
3024500,28513,23817,38,0,708,
3024505,28513,23763,38,0,706,
3024510,28501,23711,38,0,704,
3024515,28489,23653,38,0,704,
3024520,28478,23591,38,0,704,
3024525,28467,23527,38,1,707,
3024530,28458,23459,38,1,723,
3024535,28458,23400,38,1,720,
3024540,28443,23344,38,1,717,
3024545,28436,23291,38,1,714,
3024550,28428,23240,38,1,723,
3024555,28419,23188,38,1,722,
3024560,28412,23135,38,1,728,
3024565,28403,23084,38,1,728,
3024570,28393,23029,38,1,728,
3024575,28382,22966,38,1,734,
3024580,28370,22901,38,1,740,
3024585,28355,22829,38,1,741,
3024590,28340,22753,38,1,744,
3024595,28323,22675,38,1,748,
3024600,28305,22595,38,2,755,
3024605,28288,22514,38,2,758,
3024610,28271,22439,38,2,761,
3024615,28257,22365,38,2,767,
3024620,28243,22290,38,4,766,
3024625,28231,22217,38,4,765,
3024630,28221,22143,38,4,775,
3024635,28213,22067,38,4,776,
3024640,28206,21997,38,4,769,
3024645,28198,21923,38,4,773,
3024650,28190,21847,38,6,785,
3024655,28181,21773,38,6,786,
3024660,28174,21699,38,7,781,
3024665,28174,21621,38,7,778,
3024670,28163,21543,38,7,780,
3024675,28163,21460,39,9,783,
3024680,28163,21372,39,9,785,
3024685,28152,21286,39,9,763,
3024690,28152,21193,39,9,784,
3024695,28152,21101,38,10,787,
3024700,28142,21006,38,10,784,
3024705,28142,20913,38,10,785,
3024710,28130,20823,38,10,785,
3024715,28121,20731,38,10,795,
3024720,28109,20641,38,10,791,
3024725,28098,20551,38,11,791,
3024730,28087,20462,38,11,793,
3024735,28078,20374,38,11,796,
3024740,28068,20283,38,11,790,
3024745,28057,20191,38,11,790,
3024750,28045,20097,38,11,793,
3024755,28032,20002,38,11,787,
3024760,28020,19905,38,11,790,
3024765,28010,19808,38,11,796,
3024770,27998,19712,38,11,787,
3024775,27987,19617,38,11,787,
3024780,27976,19524,38,12,788,
3024785,27966,19429,38,12,791,
3024790,27966,19335,38,12,789,
3024795,27953,19243,38,12,790,
3024800,27953,19155,38,12,793,
3024805,27940,19070,38,11,788,
3024810,27933,18988,38,11,787,
3024815,27933,18906,38,11,785,
3024820,27920,18830,38,11,781,
3024825,27911,18754,38,11,765,
3024830,27903,18680,38,11,773,
3024835,27896,18609,38,10,781,
3024840,27896,18532,38,10,773,
3024845,27889,18453,38,10,769,
3024850,27889,18374,38,10,776,
3024855,27878,18295,39,9,778,
3024860,27868,18219,39,9,768,
3024865,27858,18142,39,9,768,
3024870,27847,18059,39,9,771,
3024875,27835,17975,38,10,774,
3024880,27825,17890,38,10,769,
3024885,27811,17809,38,10,772,
3024890,27795,17734,38,11,778,
3024895,27779,17663,38,11,774,
3024900,27767,17594,38,12,774,
3024905,27757,17525,38,12,775,
3024910,27749,17457,38,12,771,
3024915,27740,17387,39,14,766,
3024920,27730,17320,39,14,771,
3024925,27719,17260,39,14,774,
3024930,27711,17202,38,12,770,
3024935,27711,17146,38,12,761,
3024940,27704,17094,38,12,775,
3024945,27704,17046,38,12,773,
3024950,27704,17002,38,12,773,
3024955,27704,16960,38,11,766,
3024960,27695,16916,38,11,763,
3024965,27695,16865,38,11,760,
3024970,27687,16816,40,11,763,
3024975,27680,16768,40,11,760,
3024980,27680,16727,41,10,763,
3024985,27669,16692,41,10,761,
3024990,27661,16656,41,10,756,
3024995,27652,16621,41,10,755,
3025000,27637,16579,41,10,749,
3025005,27620,16533,41,10,736,
3025010,27603,16486,41,10,742,
3025015,27586,16438,41,11,745,
3025020,27572,16390,41,11,726,
3025025,27554,16339,41,11,722,
3025030,27534,16291,41,12,746,
3025035,27513,16247,41,12,751,
3025040,27491,16206,41,12,738,
3025045,27475,16176,40,14,746,
3025050,27461,16153,40,14,751,
3025055,27447,16129,40,14,742,
3025060,27432,16105,39,13,720,
3025065,27417,16076,39,13,724,
3025070,27404,16042,39,14,734,
3025075,27392,16007,37,14,739,
3025080,27392,15975,37,14,740,
3025085,27380,15949,36,14,740,
3025090,27380,15928,36,14,739,
3025095,27368,15910,34,14,735,
3025100,27360,15890,34,14,734,
3025105,27350,15863,32,14,726,
3025110,27340,15828,31,14,725,
3025115,27333,15788,30,15,725,
3025120,27325,15747,30,16,726,
3025125,27317,15714,29,16,723,
3025130,27309,15688,29,16,726,
3025135,27309,15666,27,15,729,
3025140,27299,15651,27,15,727,
3025145,27299,15636,27,15,726,
3025150,27299,15624,27,15,726,
3025155,27292,15615,27,15,729,
3025160,27292,15608,27,15,729,
3025165,27292,15608,27,15,728,
3025170,27292,15600,27,16,727,
3025175,27292,15600,27,16,727,
3025180,27292,15600,27,16,727,
3025185,27292,15593,27,16,726,
3025190,27292,15593,27,16,726,
3025195,27292,15593,27,16,726,
3025200,27292,15593,27,16,726,
3025205,27292,15593,27,16,726,
3025210,27292,15593,27,16,726,
3025215,27292,15593,27,16,726,
3025220,27292,15593,27,16,726,
3025225,27292,15593,27,16,727,
3025230,27292,15584,27,18,727,
3025235,27292,15584,27,18,728,
3025240,27292,15576,27,18,727,
3025245,27285,15568,27,18,728,
3025250,27285,15561,27,18,729,
3025255,27285,15554,27,18,729,
3025260,27285,15546,27,18,728,
3025265,27285,15546,27,18,728,
3025270,27285,15536,27,18,727,
3025275,27285,15536,27,18,727,
3025280,27285,15524,27,18,727,
3025285,27285,15516,27,18,726,
3025290,27285,15506,27,18,725,
3025295,27285,15491,27,18,723,
3025300,27285,15473,27,18,712,
3025305,27285,15452,27,18,713,
3025310,27285,15429,27,18,716,
3025315,27296,15411,27,18,714,
3025320,27296,15397,27,18,713,
3025325,27303,15388,27,18,711,
3025330,27303,15380,26,19,712,
3025335,27303,15380,26,19,710,
3025340,27303,15364,26,19,708,
3025345,27303,15350,26,19,703,
3025350,27303,15333,26,19,701,
3025355,27303,15315,26,19,701,
3025360,27303,15302,26,19,696,
3025365,27303,15287,26,19,688,
3025370,27303,15274,26,19,685,
3025375,27303,15260,26,19,682,
3025380,27303,15242,26,19,673,
3025385,27303,15230,27,18,677,
3025390,27295,15220,27,18,679,
3025395,27295,15212,27,18,678,
3025400,27286,15212,27,16,676,
3025405,27279,15198,27,16,673,
3025410,27271,15185,27,16,668,
3025415,27261,15165,27,15,665,
3025420,27251,15140,27,15,667,
3025425,27241,15111,26,14,668,
3025430,27233,15082,26,14,666,
3025435,27224,15058,26,14,664,
3025440,27214,15039,27,13,664,
3025445,27204,15024,28,13,665,
3025450,27192,15011,28,13,664,
3025456,27185,14997,29,11,661,
3025461,27185,14978,29,11,657,
3025466,27173,14955,29,11,654,
3025471,27173,14932,29,11,654,
3025476,27163,14910,29,11,653,
3025481,27156,14890,30,13,653,
3025486,27156,14873,30,13,650,
3025491,27145,14854,30,13,632,
3025496,27145,14836,30,13,630,
3025501,27145,14817,30,13,626,
3025506,27145,14796,30,13,610,
3025511,27145,14775,29,14,599,
3025516,27145,14754,29,14,594,
3025521,27145,14733,29,14,575,
3025526,27145,14717,29,14,560,
3025531,27145,14707,29,14,542,
3025536,27145,14707,29,14,518,
3025541,27145,14699,30,16,488,
3025546,27145,14699,30,16,453,
3025551,27145,14699,30,16,408,
3025556,27145,14699,30,16,350,
3025561,27145,14699,30,16,279,
3025566,27138,14692,30,16,201,
3025571,27138,14692,31,17,105,
3025576,27138,14692,31,17,2,
3025581,27138,14692,33,17,0,
3025586,27128,14692,33,17,0,
3025591,27117,14692,33,17,0,
3025596,27101,14692,33,17,0,
3025601,27086,14692,33,17,0,
3025606,27073,14692,33,17,0,
3025611,27073,14684,33,17,0,
3025616,27073,14684,33,17,0,
3025621,27073,14684,33,17,0,
3025626,27089,14684,33,17,0,
3025631,27110,14692,32,15,0,
3025636,27138,14703,30,15,0,
3025641,27171,14716,30,15,0,
3025646,27207,14732,30,16,0,
3025651,27242,14748,30,16,0,
3025656,27275,14764,30,16,0,
3025661,27308,14775,29,14,0,
3025666,27341,14775,28,14,0,
3025671,27374,14775,28,14,0,
3025676,27405,14775,26,14,0,
3025681,27429,14775,28,14,0,
3025686,27451,14767,30,13,0,
3025691,27469,14754,33,12,0,
3025696,27486,14735,38,12,0,
3025701,27501,14710,42,12,0,
3025706,27516,14685,46,12,0,
3025711,27533,14657,51,11,0,
3025716,27548,14624,57,11,0,
3025721,27571,14590,60,10,0,
3025726,27592,14552,65,11,0,
3025731,27610,14514,71,11,0,
3025736,27627,14489,77,10,0,
3025741,27642,14460,81,9,0,
3025746,27660,14435,82,11,0,
3025751,27681,14410,82,11,0,
3025756,27703,14380,82,11,0,
3025761,27723,14356,82,13,0,
3025766,27738,14337,82,13,0,
3025771,27748,14328,81,15,0,
3025776,27758,14328,81,15,0,
3025781,27770,14328,82,17,0,
3025786,27780,14328,82,17,0,
3025791,27790,14328,82,17,0,
3025796,27800,14328,82,19,0,
3025801,27808,14337,82,20,0,
3025806,27820,14337,82,20,0,
3025811,27837,14346,82,20,0,
3025816,27851,14346,82,20,0,
3025821,27851,14338,82,20,0,
3025826,27863,14338,81,21,0,
3025831,27863,14349,81,21,0,
3025836,27871,14349,81,21,0,
3025841,27883,14334,81,21,0,
3025846,27894,14303,81,21,0,
3025851,27907,14252,81,21,0,
3025856,27907,14220,81,21,0,
3025861,27907,14220,81,21,0,
