numInputs,9
numNodes,20
numOutputs,1
arity,5
functionSet,add,sub,mul,div,sin
4
2,-0.989624
6,-0.570360
2,0.598804
1,-0.616688
4,0.443037
4
9,0.649770
3,-0.102573
3,0.955931
2,0.367290
4,-0.928037
3
6,0.698477
2,0.856990
8,0.553209
1,-0.699942
0,0.067965
3
11,-0.246132
2,0.175573
3,0.983032
9,0.045381
11,0.827265
2
5,-0.749565
6,0.238014
10,-0.525559
2,-0.893918
11,0.076022
2
12,0.019135
10,-0.589221
8,0.192480
3,0.928159
5,0.035249
4
12,-0.198706
4,-0.262734
5,-0.168554
11,-0.692862
7,-0.562487
3
15,-0.023957
10,-0.424543
4,0.439802
4,0.317606
7,0.762932
0
14,0.650685
3,0.688101
12,0.075900
12,-0.326395
4,0.831843
0
8,0.159093
3,0.001740
8,0.437422
4,0.085482
16,-0.721793
3
12,-0.954039
17,-0.815546
9,0.579028
15,-0.887753
3,-0.287820
0
2,-0.155797
9,0.016449
7,0.406964
2,-0.761345
15,-0.350078
2
12,0.733940
6,-0.252724
3,-0.694815
8,-0.508835
8,-0.967833
1
9,-0.613086
12,0.760613
18,-0.855037
4,0.893307
18,0.040681
3
16,0.792962
11,-0.024567
3,0.257241
1,-0.740410
5,-0.503891
4
17,-0.822382
16,0.529954
4,-0.671255
14,0.007050
1,-0.897641
1
17,-0.976562
7,0.959655
23,0.124180
11,-0.349284
20,-0.259499
1
14,0.689077
2,-0.551927
16,0.518845
0,0.327067
0,-0.521470
4
8,-0.209204
25,-0.254067
4,-0.800470
7,0.648610
2,-0.983886
1
19,-0.049959
24,0.313822
23,0.812860
7,0.797723
21,-0.686819
17,