numInputs,9
numNodes,20
numOutputs,1
arity,5
functionSet,add,sub,mul,div,exp,sin
2
8,-0.641346
4,0.334513
2,-0.034455
0,-0.787347
3,-0.791131
0
7,-0.097934
5,0.786309
6,-0.804498
5,-0.337626
8,-0.396344
3
6,0.362407
6,-0.953795
7,-0.220008
5,-0.692495
6,0.849605
1
0,-0.635914
1,0.254982
9,-0.925901
7,-0.528428
5,-0.885983
5
6,-0.020844
5,-0.257973
1,0.151097
10,0.414899
2,-0.994751
5
5,0.357646
5,0.105258
5,0.180029
6,-0.021393
9,0.346171
3
0,-0.765984
9,0.496750
8,-0.020722
6,0.475021
10,-0.341960
3
3,0.377972
1,-0.143590
4,0.404523
7,0.723807
5,-0.522935
3
7,0.362529
12,-0.859859
3,0.689749
2,-0.222755
3,-0.753349
5
7,0.857479
15,-0.635365
7,-0.765007
13,0.165319
1,0.405438
3
0,-0.911679
5,0.998962
2,-0.995972
17,-0.696585
9,-0.557054
4
18,0.745903
16,-0.861324
10,-0.188635
6,-0.526048
16,0.889462
0
12,0.024934
15,0.120334
5,-0.349345
1,0.996948
10,-0.229469
0
1,-0.466475
6,0.436689
12,-0.442122
12,-0.246681
15,-0.320170
2
14,0.514328
15,0.856990
7,-0.191137
12,0.649709
3,-0.357952
2
12,-0.521287
23,-0.905087
5,-0.538255
17,0.508164
19,0.503098
0
21,0.644581
23,-0.664541
5,0.969359
23,-0.314188
9,-0.327189
3
10,0.936583
2,-0.745354
20,-0.883114
1,-0.308023
8,0.811151
2
1,-0.462386
19,0.531236
16,-0.332377
7,0.148412
26,0.202124
2
12,-0.877132
18,0.925230
21,0.309610
21,0.804254
5,-0.041414
26,