numInputs,9
numNodes,25
numOutputs,1
arity,3
functionSet,add,sub,mul,div,exp,sin,sqrt
0
2,-0.641896
2,-0.508347
3,0.337443
2
5,0.274453
4,0.382916
2,0.688467
6
0,0.429304
6,0.642933
2,-0.425214
2
9,-0.882687
1,0.713492
2,-0.880001
5
11,-0.828303
7,-0.077731
2,-0.474044
3
10,0.130589
12,-0.513169
2,-0.613514
3
10,0.102695
10,-0.297281
11,0.352580
6
14,0.762749
0,-0.871273
0,-0.813227
6
14,-0.344707
13,0.999207
7,0.079806
1
16,-0.598315
14,0.034272
9,0.074068
4
3,0.866390
9,0.132603
14,0.536851
3
19,0.263161
0,0.491379
14,-0.579638
0
16,0.640919
16,0.623280
5,0.546373
1
5,0.338359
9,-0.173742
9,0.298807
4
1,-0.387127
22,0.331706
3,-0.196631
5
4,0.760796
3,0.447981
16,-0.677297
1
12,0.479904
8,0.985107
18,0.755486
4
2,-0.084811
11,0.729850
10,-0.026826
2
1,-0.903012
10,0.612110
6,-0.280679
2
16,0.614490
13,-0.739189
27,0.589099
6
0,0.757805
18,0.020661
6,-0.930296
0
26,0.338237
27,0.296915
29,0.936094
6
17,0.148778
11,-0.637684
5,0.293680
4
20,0.327677
5,0.737053
9,0.873898
4
22,0.991089
3,0.788079
7,-0.842158
31,