numInputs,4
numNodes,30
numOutputs,1
arity,5
functionSet,add,sub,mul,div,sin
1
2,0.159886
2,-0.455123
2,-0.078402
1,0.124546
0,-0.066500
3
3,-0.979064
3,-0.123875
2,-0.402997
2,-0.874142
4,-0.563707
0
3,-0.760796
1,0.217872
0,-0.602893
1,0.510971
3,-0.218665
1
5,-0.124180
5,0.936155
2,-0.707755
4,-0.173254
1,-0.411237
0
2,-0.651601
0,0.149754
2,0.132908
7,0.167943
3,-0.266457
2
1,-0.076571
3,-0.456771
2,-0.104221
1,-0.573534
5,0.693655
2
0,-0.268471
5,-0.060335
9,0.882138
3,-0.957579
1,0.524094
1
0,-0.251320
9,-0.505295
6,-0.540086
10,0.735099
3,-0.886532
0
8,0.263405
1,-0.085604
4,0.871700
11,-0.376263
4,-0.719047
2
4,0.982971
12,-0.240394
4,-0.115146
11,-0.555406
7,0.012055
4
2,0.698965
2,0.093966
4,-0.506516
2,-0.780877
5,-0.816706
1
14,0.144688
4,-0.375530
9,0.628040
6,-0.861080
2,-0.405194
1
9,0.001617
12,0.648549
9,-0.696280
4,0.676565
1,-0.608692
0
4,0.562975
8,0.772576
10,0.697684
0,-0.769341
10,0.388104
3
4,0.111057
8,-0.841975
15,-0.265236
7,-0.034516
0,-0.573290
2
1,0.784906
18,0.058260
12,0.166723
4,-0.604968
12,-0.399640
3
16,-0.417341
0,-0.709403
9,0.812860
15,0.375347
9,0.583422
2
3,-0.373638
8,-0.209998
3,0.299600
19,-0.653554
5,0.761223
4
13,-0.529710
5,0.778253
16,0.000824
17,-0.697989
6,-0.309793
2
8,-0.831721
1,-0.056673
0,0.216956
5,-0.859310
17,-0.491195
4
23,0.927122
22,-0.828120
3,0.909604
2,-0.379437
11,0.257302
1
23,0.776605
15,-0.424970
14,0.321696
15,-0.861934
2,0.209204
2
10,0.395184
15,0.201270
19,-0.812433
10,-0.278298
4,0.410321
1
9,-0.261757
14,-0.698843
10,0.255470
14,-0.048677
1,-0.560472
3
17,0.163549
22,0.696402
15,-0.506333
0,0.497421
12,0.415204
0
23,0.671621
11,-0.436628
11,0.520676
16,0.862178
3,0.098910
4
7,-0.930967
13,-0.361431
17,0.293374
0,-0.180395
2,-0.160070
3
20,-0.466659
23,0.258827
19,-0.683645
18,-0.019990
16,-0.582934
1
14,0.619800
25,0.584887
5,-0.261147
22,-0.373760
11,0.886593
0
5,0.133030
28,0.923521
24,0.167699
6,0.439436
10,-0.783074
17,